1 0.00107098 0.076087 0.577882 0.127329 0.619938
0 0.00118446 0.0403727 0.574766 0.0745342 0.65109
1 0.00122833 0.947205 0.109034 0.0931677 0.205607
2 0.00126743 0.243789 0.884735 0.114907 0.211838
1 0.00131321 0.847826 0.285047 0.254658 0.53271
1 0.0013628 0.375776 0.451713 0.310559 0.685358
0 0.00163364 0.430124 0.521807 0.220497 0.464174
0 0.00196075 0.588509 0.15109 0.139752 0.258567
1 0.00231171 0.13354 0.454829 0.242236 0.778816
0 0.00248909 0.136646 0.548287 0.236025 0.722741
2 0.00265503 0.506211 0.817757 0.161491 0.352025
2 0.00384712 0.958075 0.116822 0.0838509 0.233645
0 0.00573349 0.850932 0.344237 0.242236 0.595016
0 0.00585175 0.948758 0.102804 0.102484 0.193146
2 0.0144043 0.290373 0.875389 0.13354 0.23676
2 0.9375 0.400621 0.820872 0.335404 0.352025
