2 0.00101852 0.0419255 0.660436 0.0714286 0.542056
1 0.00105095 0.343168 0.364486 0.276398 0.560748
1 0.00109959 0.857143 0.288162 0.242236 0.538941
2 0.00119686 0.726708 0.777259 0.149068 0.221184
2 0.00126648 0.166149 0.873832 0.152174 0.17757
1 0.00128651 0.832298 0.0202492 0.180124 0.0404984
1 0.00142384 0.919255 0.362928 0.161491 0.601246
0 0.00148773 0.380435 0.515576 0.226708 0.482866
2 0.00163746 0.958075 0.0981308 0.0838509 0.196262
0 0.00166416 0.572981 0.161994 0.127329 0.249221
2 0.00230598 0.506211 0.676012 0.204969 0.255452
0 0.00260925 0.571429 0.568536 0.192547 0.439252
1 0.00311661 0.119565 0.255452 0.220497 0.510903
1 0.00352478 0.427019 0.482866 0.28882 0.523364
0 0.00369263 0.478261 0.803738 0.180124 0.392523
0 0.00410843 0.945652 0.0965732 0.108696 0.180685
0 0.00431061 0.878882 0.347352 0.223602 0.619938
0 0.00465012 0.122671 0.453271 0.18323 0.320872
1 0.00470734 0.0419255 0.61838 0.0714286 0.557632
0 0.00498199 0.673913 0.658879 0.15528 0.339564
0 0.00716019 0.476708 0.563863 0.226708 0.461059
0 0.00865936 0.0465838 0.616822 0.0807453 0.573209
2 0.00931549 0.482919 0.774143 0.201863 0.401869
0 0.0100403 0.507764 0.676012 0.208075 0.267913
2 0.0730591 0.100932 0.830218 0.201863 0.302181
0 0.292969 0.11646 0.630841 0.208075 0.601246
1 0.62793 0.121118 0.638629 0.217391 0.616822
