0 0.00100327 0.690625 0.559375 0.2125 0.48125
0 0.00107479 0.360938 0.357812 0.165625 0.484375
1 0.00125027 0.823438 0.021875 0.171875 0.04375
0 0.0013361 0.210938 0.675 0.271875 0.4875
2 0.00144482 0.121875 0.0171875 0.2 0.034375
0 0.00144577 0.665625 0.321875 0.24375 0.54375
0 0.00217247 0.490625 0.667188 0.23125 0.278125
2 0.00219154 0.476562 0.823438 0.134375 0.321875
0 0.00254631 0.0375 0.58125 0.0625 0.6
2 0.0028038 0.526563 0.65 0.309375 0.425
0 0.00314331 0.540625 0.560938 0.28125 0.465625
1 0.00396347 0.0734375 0.579687 0.115625 0.628125
0 0.00408173 0.120312 0.465625 0.215625 0.73125
2 0.00567627 0.478125 0.765625 0.24375 0.40625
0 0.0112534 0.0765625 0.576563 0.121875 0.665625
1 0.92627 0.365625 0.35625 0.18125 0.49375
