0 0.00143719 0.579193 0.155763 0.127329 0.249221
1 0.00146484 0.439441 0.490654 0.276398 0.53271
0 0.00166225 0.850932 0.333333 0.229814 0.566978
0 0.00230598 0.523292 0.570093 0.208075 0.442368
1 0.00265884 0.141304 0.640187 0.164596 0.545171
2 0.00353241 0.0729814 0.809969 0.145963 0.292835
0 0.00457382 0.473602 0.468847 0.201863 0.439252
0 0.00658798 0.680124 0.61215 0.186335 0.370717
0 0.0619202 0.0993789 0.647975 0.180124 0.554517
2 0.235718 0.0729814 0.647975 0.13354 0.554517
1 0.651367 0.0776398 0.641745 0.15528 0.554517
