0 0.00115013 0.0357143 0.602804 0.0652174 0.470405
1 0.00118923 0.0559006 0.537383 0.0931677 0.538941
0 0.00132847 0.736025 0.274143 0.173913 0.46729
1 0.00134087 0.861801 0.285047 0.220497 0.53271
0 0.0015316 0.532609 0.61215 0.201863 0.433022
2 0.00160217 0.0388199 0.604361 0.0714286 0.461059
1 0.00166988 0.420807 0.479751 0.270186 0.573209
0 0.00176907 0.0574534 0.538941 0.102484 0.548287
0 0.00177956 0.875776 0.342679 0.21118 0.598131
1 0.00216293 0.11646 0.647975 0.139752 0.579439
2 0.00265312 0.125776 0.869159 0.0776398 0.242991
0 0.00283623 0.479814 0.521807 0.195652 0.464174
2 0.00296402 0.113354 0.647975 0.139752 0.573209
2 0.00327873 0.0419255 0.917445 0.0776398 0.146417
2 0.00511169 0.0621118 0.862928 0.124224 0.255452
2 0.849121 0.0714286 0.719626 0.136646 0.535826
