1 0.00109863 0.295312 0.510938 0.190625 0.278125
1 0.00111675 0.826563 0.0234375 0.159375 0.046875
1 0.00123692 0.075 0.58125 0.11875 0.6125
0 0.001441 0.846875 0.353125 0.23125 0.6
2 0.00173664 0.125 0.01875 0.19375 0.0375
0 0.00185394 0.58125 0.15625 0.125 0.25625
2 0.00192261 0.959375 0.1 0.08125 0.19375
0 0.00231171 0.0765625 0.579687 0.128125 0.640625
1 0.00266838 0.301562 0.235938 0.196875 0.428125
1 0.00329399 0.95 0.096875 0.09375 0.18125
0 0.00458145 0.948438 0.0984375 0.103125 0.178125
1 0.881348 0.317187 0.639063 0.196875 0.509375
