1 0.00115204 0.582812 0.159375 0.128125 0.24375
1 0.00127125 0.121875 0.56875 0.1875 0.65625
1 0.00182438 0.46875 0.539062 0.2875 0.590625
1 0.00182533 0.828125 0.0234375 0.14375 0.046875
2 0.00186825 0.523438 0.621875 0.221875 0.38125
0 0.00233269 0.475 0.465625 0.1875 0.43125
1 0.00262451 0.85 0.348437 0.21875 0.565625
1 0.00275993 0.74375 0.351562 0.2625 0.571875
0 0.00286484 0.95 0.103125 0.1 0.20625
0 0.00302124 0.0421875 0.579687 0.078125 0.653125
0 0.00380135 0.74375 0.345313 0.2375 0.528125
0 0.00383377 0.584375 0.159375 0.13125 0.25
2 0.00438309 0.959375 0.103125 0.08125 0.2
1 0.00487137 0.06875 0.579687 0.1 0.646875
0 0.0068779 0.523438 0.61875 0.221875 0.4
1 0.0096283 0.9625 0.101562 0.075 0.190625
0 0.053894 0.290625 0.165625 0.1375 0.28125
1 0.834473 0.292188 0.165625 0.153125 0.28125
