2 0.00100708 0.528125 0.629687 0.28125 0.465625
2 0.00106716 0.521875 0.665625 0.21875 0.2625
0 0.00111866 0.11875 0.576563 0.2 0.671875
0 0.00114632 0.30625 0.214062 0.15 0.384375
0 0.00135231 0.690625 0.620313 0.175 0.371875
1 0.00166607 0.948438 0.096875 0.103125 0.175
0 0.00213814 0.0484375 0.582812 0.084375 0.621875
0 0.00263596 0.478125 0.475 0.15 0.35625
0 0.00355339 0.526563 0.559375 0.284375 0.55625
1 0.0073204 0.071875 0.589063 0.0875 0.584375
1 0.876953 0.309375 0.217187 0.1625 0.396875
