2 0.00104046 0.779688 0.732813 0.271875 0.246875
1 0.00115967 0.501562 0.545313 0.259375 0.553125
0 0.00121212 0.104687 0.585938 0.146875 0.540625
0 0.00125694 0.734375 0.239063 0.16875 0.428125
0 0.00130749 0.678125 0.615625 0.2 0.44375
1 0.00132751 0.95 0.0953125 0.1 0.178125
1 0.00172329 0.834375 0.279687 0.23125 0.515625
0 0.00175476 0.946875 0.0953125 0.10625 0.171875
0 0.00196457 0.514063 0.6625 0.209375 0.28125
0 0.00296211 0.840625 0.35 0.24375 0.59375
0 0.00402832 0.303125 0.209375 0.14375 0.35625
0 0.0045433 0.04375 0.58125 0.08125 0.625
2 0.00533295 0.489062 0.682813 0.221875 0.221875
0 0.009552 0.525 0.542188 0.28125 0.553125
1 0.0121841 0.0671875 0.58125 0.090625 0.5875
1 0.823242 0.30625 0.209375 0.15625 0.3625
