2 0.00143623 0.167187 0.828125 0.203125 0.1875
1 0.00184917 0.75 0.26875 0.28125 0.5375
0 0.00185204 0.0515625 0.654688 0.090625 0.540625
2 0.00193596 0.210938 0.776563 0.159375 0.278125
2 0.0022316 0.476562 0.776563 0.196875 0.421875
2 0.0024395 0.128125 0.0171875 0.19375 0.034375
1 0.00273132 0.204688 0.632812 0.165625 0.515625
0 0.00286865 0.473437 0.473437 0.203125 0.434375
1 0.00346565 0.05 0.659375 0.08125 0.53125
1 0.00392532 0.946875 0.0984375 0.10625 0.184375
0 0.00434875 0.723437 0.239063 0.184375 0.421875
0 0.00439835 0.94375 0.0984375 0.1125 0.184375
0 0.00984955 0.14375 0.660937 0.24375 0.540625
1 0.0149765 0.107813 0.242188 0.184375 0.453125
2 0.231201 0.128125 0.65625 0.225 0.5625
1 0.829102 0.128125 0.654688 0.23125 0.559375
