0 0.00126934 0.735937 0.282813 0.146875 0.434375
1 0.0012846 0.0375 0.582812 0.0625 0.590625
1 0.00130653 0.846875 0.276563 0.20625 0.496875
0 0.00144672 0.479688 0.464063 0.171875 0.409375
1 0.00170803 0.120312 0.565625 0.184375 0.65625
0 0.00216675 0.946875 0.104687 0.10625 0.209375
1 0.0022831 0.582812 0.159375 0.121875 0.2375
2 0.00241661 0.959375 0.101562 0.08125 0.203125
0 0.00267792 0.0421875 0.58125 0.078125 0.64375
1 0.00428009 0.0671875 0.578125 0.096875 0.64375
0 0.00444412 0.584375 0.159375 0.125 0.24375
1 0.00507355 0.95 0.0984375 0.1 0.190625
0 0.00563049 0.523438 0.578125 0.203125 0.425
0 0.00731659 0.292188 0.15 0.146875 0.25625
1 0.845215 0.290625 0.146875 0.15 0.25625
