1 0.00103569 0.322981 0.23676 0.192547 0.417445
0 0.00106335 0.908385 0.560748 0.177019 0.641745
1 0.00145912 0.0745342 0.573209 0.124224 0.616822
0 0.00146294 0.0357143 0.577882 0.0590062 0.595016
0 0.0017004 0.322981 0.23676 0.167702 0.342679
2 0.00176239 0.953416 0.115265 0.0931677 0.23053
0 0.00198174 0.751553 0.319315 0.26087 0.626168
0 0.00316811 0.847826 0.347352 0.248447 0.607477
0 0.00527191 0.686335 0.560748 0.217391 0.492212
0 0.00749588 0.076087 0.568536 0.13354 0.64486
0 0.00772095 0.945652 0.0996885 0.108696 0.186916
0 0.0107651 0.158385 0.545171 0.254658 0.716511
0 0.0143433 0.442547 0.557632 0.220497 0.548287
1 0.905273 0.442547 0.554517 0.220497 0.523364
