0 0.00108147 0.76087 0.235202 0.118012 0.333333
1 0.00109386 0.439441 0.465732 0.164596 0.364486
0 0.00110912 0.48913 0.679128 0.195652 0.249221
0 0.00116634 0.0403727 0.580997 0.0745342 0.619938
2 0.00125313 0.122671 0.0202492 0.189441 0.0404984
1 0.0014677 0.141304 0.58567 0.189441 0.623053
2 0.00150108 0.979814 0.749221 0.0403727 0.364486
1 0.00163174 0.453416 0.528037 0.267081 0.563863
2 0.00166798 0.473602 0.820872 0.139752 0.29595
0 0.0018158 0.473602 0.471963 0.164596 0.389408
1 0.00181961 0.068323 0.584112 0.0869565 0.576324
1 0.00278091 0.864907 0.339564 0.23913 0.616822
1 0.00301933 0.945652 0.102804 0.108696 0.180685
2 0.00307083 0.487578 0.680685 0.198758 0.208723
2 0.00325012 0.965838 0.937695 0.0559006 0.11215
0 0.00410461 0.953416 0.101246 0.0931677 0.183801
1 0.00437164 0.742236 0.266355 0.217391 0.451713
0 0.00849915 0.868012 0.339564 0.214286 0.560748
2 0.0101318 0.958075 0.11215 0.0838509 0.224299
0 0.0110397 0.742236 0.300623 0.198758 0.464174
2 0.414795 0.968944 0.870717 0.0559006 0.252336
