1 0.00100899 0.127329 0.333333 0.198758 0.647975
1 0.00100994 0.852484 0.347352 0.270186 0.65109
1 0.00103283 0.832298 0.0186916 0.186335 0.0373832
0 0.00103474 0.858696 0.749221 0.226708 0.246106
2 0.00111294 0.947205 0.937695 0.10559 0.11838
1 0.00125313 0.934783 0.0919003 0.130435 0.17134
0 0.0014286 0.0341615 0.587227 0.0621118 0.582555
2 0.00151539 0.82764 0.950156 0.301242 0.0996885
0 0.0015173 0.582298 0.147975 0.127329 0.246106
2 0.00185585 0.96118 0.0965732 0.0776398 0.193146
1 0.00216293 0.122671 0.571651 0.189441 0.638629
0 0.00220108 0.484472 0.563863 0.217391 0.454829
0 0.0029583 0.437888 0.470405 0.198758 0.429907
0 0.00373077 0.852484 0.345794 0.23913 0.573209
2 0.00386238 0.714286 0.858255 0.198758 0.283489
0 0.00392532 0.948758 0.0950156 0.102484 0.17757
0 0.00498962 0.920807 0.833333 0.152174 0.320872
0 0.0056839 0.0714286 0.58567 0.118012 0.604361
1 0.00697708 0.0714286 0.58567 0.10559 0.58567
2 0.00863647 0.956522 0.886293 0.0807453 0.214953
2 0.0119247 0.917702 0.911215 0.164596 0.165109
2 0.0131302 0.731366 0.915888 0.158385 0.155763
0 0.0145874 0.822981 0.845794 0.329193 0.308411
2 0.923828 0.819876 0.839564 0.322981 0.314642
