0 0.00107002 0.0388199 0.344237 0.0714286 0.632399
0 0.0016737 0.360248 0.283489 0.161491 0.292835
0 0.00175858 0.0745342 0.0856698 0.142857 0.17134
0 0.00193787 0.852484 0.350467 0.232919 0.588785
2 0.00207138 0.498447 0.676012 0.208075 0.211838
0 0.00214195 0.576087 0.531153 0.307453 0.495327
0 0.00239372 0.734472 0.303738 0.23913 0.570093
0 0.00242233 0.0279503 0.0794393 0.0559006 0.158879
0 0.00317001 0.68323 0.55919 0.223602 0.470405
0 0.00329399 0.0434783 0.570093 0.0807453 0.679128
0 0.00908661 0.127329 0.538941 0.229814 0.735202
0 0.0199127 0.076087 0.361371 0.145963 0.691589
0 0.115906 0.335404 0.436137 0.223602 0.523364
1 0.810547 0.336957 0.437695 0.226708 0.538941
