1 0.00103569 0.245342 0.0514019 0.173913 0.0903427
2 0.00143719 0.453416 0.956386 0.204969 0.0872274
2 0.00164318 0.127329 0.0202492 0.21118 0.0404984
2 0.00185776 0.959627 0.119938 0.0807453 0.239875
1 0.00194836 0.284161 0.216511 0.139752 0.352025
0 0.00195217 0.947205 0.101246 0.10559 0.190031
1 0.00256538 0.482919 0.0560748 0.189441 0.0934579
2 0.00256729 0.0465838 0.892523 0.068323 0.202492
0 0.0026226 0.526398 0.570093 0.214286 0.448598
0 0.00275421 0.482919 0.0545171 0.195652 0.0903427
0 0.00325394 0.0729814 0.58567 0.121118 0.647975
2 0.0142593 0.0885093 0.915888 0.164596 0.155763
2 0.342285 0.141304 0.886293 0.232919 0.221184
2 0.867188 0.282609 0.864486 0.459627 0.264798
