0 0.00104523 0.236025 0.719626 0.217391 0.554517
2 0.00107861 0.445652 0.911215 0.127329 0.17134
0 0.00116444 0.208075 0.507788 0.198758 0.224299
0 0.00120831 0.832298 0.0233645 0.173913 0.046729
0 0.00133228 0.57764 0.15109 0.130435 0.252336
0 0.00138092 0.914596 0.429907 0.170807 0.660436
1 0.0013876 0.92236 0.361371 0.15528 0.579439
0 0.00154686 0.0745342 0.420561 0.136646 0.610592
1 0.00157166 0.113354 0.342679 0.18323 0.498442
0 0.0015974 0.771739 0.275701 0.251553 0.507788
0 0.00172234 0.5 0.680685 0.192547 0.52648
2 0.00228882 0.450311 0.719626 0.130435 0.510903
1 0.0026741 0.830745 0.0202492 0.177019 0.0404984
1 0.0032692 0.178571 0.506231 0.195652 0.29595
1 0.0034771 0.950311 0.116822 0.0931677 0.221184
1 0.00363159 0.52795 0.652648 0.248447 0.507788
2 0.00406265 0.231366 0.909657 0.18323 0.174455
0 0.00407791 0.507764 0.496885 0.195652 0.258567
2 0.00510406 0.531056 0.523364 0.223602 0.267913
0 0.00669861 0.948758 0.101246 0.102484 0.183801
2 0.00813293 0.958075 0.119938 0.0838509 0.239875
2 0.00857544 0.135093 0.669782 0.121118 0.548287
0 0.0158997 0.850932 0.334891 0.242236 0.582555
1 0.0169525 0.537267 0.504673 0.223602 0.23053
1 0.0213165 0.192547 0.655763 0.236025 0.551402
2 0.0270538 0.520186 0.878505 0.232919 0.23676
2 0.806641 0.203416 0.699377 0.23913 0.588785
2 0.901855 0.532609 0.696262 0.251553 0.601246
