2 0.00102615 0.990683 0.517134 0.0186335 0.323988
2 0.00107384 0.498447 0.672897 0.114907 0.573209
0 0.00159836 0.0403727 0.576324 0.0745342 0.654206
0 0.00174141 0.745342 0.303738 0.229814 0.588785
2 0.00192833 0.332298 0.67757 0.15528 0.52648
2 0.00258064 0.420807 0.485981 0.214286 0.23053
1 0.00284195 0.13354 0.347352 0.242236 0.694704
1 0.00308609 0.335404 0.680685 0.161491 0.52648
2 0.00328636 0.223602 0.823988 0.217391 0.146417
2 0.00383377 0.267081 0.830218 0.26087 0.233645
0 0.00754547 0.141304 0.587227 0.23913 0.688474
1 0.0079422 0.40528 0.487539 0.201863 0.258567
0 0.00866699 0.868012 0.341121 0.226708 0.607477
1 0.116638 0.420807 0.658879 0.251553 0.601246
2 0.867188 0.419255 0.680685 0.26087 0.638629
