2 0.00122643 0.475155 0.82243 0.142857 0.317757
1 0.00128078 0.118012 0.582555 0.21118 0.697819
2 0.00145531 0.746894 0.833333 0.245342 0.314642
1 0.00150299 0.857143 0.288162 0.229814 0.538941
2 0.00197792 0.529503 0.655763 0.301242 0.4081
0 0.00201988 0.0341615 0.582555 0.0621118 0.598131
0 0.00230217 0.681677 0.573209 0.214286 0.498442
0 0.00325394 0.858696 0.344237 0.232919 0.607477
0 0.00329399 0.524845 0.633956 0.242236 0.364486
1 0.00508118 0.0667702 0.580997 0.108696 0.613707
0 0.00603104 0.068323 0.579439 0.118012 0.641745
1 0.942383 0.388199 0.247664 0.204969 0.464174
