0 0.00101662 0.48913 0.775701 0.18323 0.448598
2 0.00102234 0.956522 0.121495 0.0869565 0.242991
2 0.00139141 0.122671 0.0186916 0.189441 0.0373832
1 0.00157833 0.111801 0.323988 0.180124 0.517134
0 0.00168896 0.860248 0.34891 0.236025 0.598131
0 0.00183487 0.948758 0.0996885 0.102484 0.186916
2 0.0018425 0.274845 0.926791 0.145963 0.127726
0 0.00201988 0.684783 0.607477 0.208075 0.436137
0 0.00447083 0.0729814 0.580997 0.13354 0.676012
2 0.00458908 0.48913 0.742991 0.232919 0.507788
0 0.0045929 0.52795 0.563863 0.217391 0.448598
1 0.148071 0.25 0.655763 0.214286 0.588785
2 0.836426 0.259317 0.67757 0.214286 0.588785
