2 0.00101566 0.0667702 0.739875 0.13354 0.520249
2 0.00103951 0.128882 0.0186916 0.201863 0.0373832
1 0.00157452 0.14441 0.336449 0.220497 0.666667
0 0.00169086 0.0372671 0.582555 0.068323 0.654206
0 0.00203133 0.945652 0.088785 0.102484 0.158879
2 0.00255775 0.535714 0.901869 0.158385 0.190031
2 0.0026226 0.0559006 0.939252 0.0993789 0.115265
2 0.00290489 0.465839 0.823988 0.161491 0.345794
0 0.00316048 0.673913 0.792835 0.335404 0.395639
0 0.00358391 0.849379 0.342679 0.232919 0.573209
0 0.00595093 0.0636646 0.663551 0.127329 0.660436
2 0.0145493 0.0357143 0.76947 0.0714286 0.404984
2 0.0319214 0.579193 0.827103 0.195652 0.345794
2 0.0878296 0.231366 0.830218 0.18323 0.339564
2 0.644043 0.0388199 0.886293 0.0776398 0.214953
2 0.832031 0.322981 0.803738 0.347826 0.386293
2 0.859863 0.669255 0.800623 0.363354 0.392523
