0 0.00100994 0.0372671 0.58567 0.0621118 0.5919
0 0.00103283 0.85559 0.627726 0.18323 0.495327
2 0.00134468 0.274845 0.82243 0.201863 0.249221
0 0.00137234 0.920807 0.661994 0.145963 0.495327
1 0.00143147 0.293478 0.503115 0.189441 0.246106
2 0.00155258 0.959627 0.11838 0.0807453 0.23676
0 0.00242996 0.725155 0.406542 0.208075 0.258567
1 0.00277519 0.0729814 0.58567 0.114907 0.598131
0 0.00484467 0.0745342 0.580997 0.124224 0.619938
2 0.0681152 0.695652 0.640187 0.192547 0.538941
0 0.209717 0.698758 0.641745 0.192547 0.554517
2 0.42749 0.28882 0.665109 0.217391 0.576324
1 0.699707 0.697205 0.635514 0.195652 0.554517
1 0.796387 0.295031 0.666667 0.21118 0.579439
