0 0.00105 0.956522 0.0638629 0.0807453 0.127726
1 0.00105095 0.226708 0.635514 0.111801 0.498442
2 0.00113773 0.0885093 0.904984 0.170807 0.183801
1 0.00121498 0.836957 0.334891 0.208075 0.501558
0 0.00123882 0.881988 0.155763 0.192547 0.311526
2 0.00125122 0.282609 0.911215 0.192547 0.17757
2 0.00127888 0.886646 0.123053 0.214286 0.246106
0 0.00132561 0.965838 0.166667 0.068323 0.333333
0 0.00135136 0.121118 0.540498 0.198758 0.246106
2 0.00145626 0.714286 0.862928 0.15528 0.267913
2 0.00170422 0.290373 0.493769 0.208075 0.196262
0 0.00174904 0.805901 0.619938 0.152174 0.485981
0 0.00200272 0.874224 0.0342679 0.201863 0.0623053
0 0.00204277 0.425466 0.630841 0.136646 0.451713
2 0.00211716 0.48913 0.722741 0.121118 0.554517
0 0.00212288 0.490683 0.716511 0.124224 0.566978
0 0.00217056 0.456522 0.471963 0.198758 0.214953
2 0.00226593 0.559006 0.904984 0.229814 0.190031
0 0.00232506 0.336957 0.711838 0.23913 0.576324
2 0.00370789 0.158385 0.923676 0.186335 0.146417
2 0.00407028 0.653727 0.906542 0.232919 0.186916
0 0.00511932 0.0341615 0.643302 0.068323 0.53271
0 0.00557327 0.313665 0.492212 0.217391 0.186916
0 0.00579071 0.925466 0.342679 0.149068 0.573209
1 0.00634384 0.92236 0.0934579 0.15528 0.186916
1 0.00725174 0.108696 0.249221 0.192547 0.498442
2 0.00926971 0.0279503 0.67757 0.0559006 0.557632
0 0.0120544 0.658385 0.422118 0.21118 0.277259
0 0.0122528 0.759317 0.537383 0.195652 0.476636
0 0.0169525 0.121118 0.694704 0.223602 0.542056
0 0.0206299 0.838509 0.333333 0.192547 0.46729
1 0.0247955 0.28882 0.501558 0.217391 0.199377
1 0.0405884 0.734472 0.373832 0.195652 0.323988
0 0.111389 0.568323 0.471963 0.217391 0.190031
0 0.237183 0.934783 0.0996885 0.130435 0.199377
0 0.341064 0.565217 0.699377 0.254658 0.582555
2 0.532715 0.725155 0.708723 0.232919 0.563863
0 0.66748 0.736025 0.373832 0.192547 0.323988
2 0.712402 0.56677 0.697819 0.270186 0.604361
0 0.776855 0.731366 0.691589 0.214286 0.616822
2 0.875977 0.315217 0.702492 0.23913 0.595016
2 0.891602 0.121118 0.707165 0.229814 0.58567
