2 0.00121975 0.903727 0.951713 0.167702 0.0965732
1 0.00126362 0.127329 0.562305 0.192547 0.65109
2 0.00127983 0.639752 0.895639 0.124224 0.202492
1 0.00130081 0.84472 0.352025 0.26087 0.641745
0 0.00132465 0.458075 0.528037 0.295031 0.65109
0 0.00136566 0.128882 0.562305 0.214286 0.713396
0 0.0013752 0.48913 0.682243 0.226708 0.317757
0 0.00138283 0.0341615 0.582555 0.0621118 0.573209
0 0.00244331 0.52795 0.566978 0.217391 0.47352
2 0.00273705 0.872671 0.819315 0.186335 0.35514
0 0.00406265 0.478261 0.47352 0.186335 0.417445
0 0.00407791 0.0698758 0.584112 0.108696 0.595016
1 0.00435638 0.068323 0.58567 0.0931677 0.579439
2 0.0056572 0.956522 0.923676 0.0807453 0.146417
0 0.00588226 0.843168 0.350467 0.232919 0.557632
0 0.00819397 0.888199 0.791277 0.167702 0.392523
2 0.00986481 0.677019 0.831776 0.186335 0.311526
2 0.0184784 0.481366 0.816199 0.223602 0.367601
2 0.936523 0.771739 0.820872 0.357143 0.345794
