0 0.00105953 0.940994 0.0872274 0.118012 0.161994
0 0.00123978 0.593168 0.646417 0.21118 0.451713
0 0.00140762 0.86646 0.15109 0.198758 0.302181
0 0.00153923 0.860248 0.334891 0.223602 0.557632
0 0.00162411 0.0341615 0.579439 0.0621118 0.616822
0 0.00285912 0.481366 0.443925 0.192547 0.202492
2 0.00488663 0.518634 0.654206 0.267081 0.554517
0 0.00600052 0.153727 0.461059 0.263975 0.809969
0 0.00939941 0.0729814 0.568536 0.127329 0.694704
1 0.14209 0.645963 0.225857 0.186335 0.433022
0 0.844238 0.645963 0.228972 0.173913 0.426791
0 0.896973 0.493789 0.652648 0.248447 0.607477
