0 0.00108433 0.968944 0.64486 0.0559006 0.504673
0 0.00113678 0.23913 0.582555 0.136646 0.411215
2 0.00117111 0.768634 0.904984 0.195652 0.190031
0 0.00125504 0.0263975 0.535826 0.052795 0.35514
0 0.00140476 0.96118 0.0638629 0.0714286 0.127726
0 0.00177574 0.861801 0.0311526 0.201863 0.0560748
2 0.00180912 0.729814 0.330218 0.217391 0.311526
0 0.00204086 0.92236 0.0545171 0.149068 0.0965732
0 0.00214386 0.732919 0.590343 0.142857 0.507788
0 0.0026207 0.167702 0.635514 0.15528 0.46729
0 0.0028553 0.63354 0.436137 0.223602 0.280374
0 0.00308037 0.13354 0.510903 0.192547 0.211838
1 0.00357437 0.72205 0.35514 0.201863 0.34891
0 0.00402069 0.892857 0.126168 0.195652 0.252336
0 0.004776 0.967391 0.183801 0.0652174 0.367601
0 0.0053978 0.697205 0.478193 0.158385 0.420561
0 0.00541687 0.107143 0.258567 0.195652 0.517134
2 0.00662994 0.0295031 0.719626 0.0590062 0.554517
0 0.0104828 0.852484 0.320872 0.195652 0.461059
0 0.0110474 0.805901 0.490654 0.226708 0.29595
0 0.0114975 0.914596 0.661994 0.139752 0.507788
0 0.0125656 0.0357143 0.641745 0.0714286 0.461059
2 0.0153885 0.119565 0.911215 0.158385 0.17757
0 0.0267487 0.934783 0.333333 0.130435 0.5919
0 0.0279236 0.583851 0.451713 0.192547 0.180685
0 0.0808716 0.939441 0.0996885 0.121118 0.199377
0 0.143921 0.274845 0.498442 0.214286 0.218069
2 0.27124 0.582298 0.683801 0.251553 0.607477
2 0.273193 0.78882 0.694704 0.248447 0.58567
2 0.539551 0.290373 0.702492 0.232919 0.595016
0 0.620605 0.10559 0.714953 0.204969 0.551402
0 0.690918 0.285714 0.711838 0.229814 0.563863
2 0.698242 0.107143 0.716511 0.208075 0.554517
0 0.699219 0.732919 0.356698 0.192547 0.339564
0 0.8125 0.798137 0.690031 0.242236 0.619938
0 0.822754 0.57764 0.688474 0.242236 0.573209
