0 0.00107098 0.388199 0.538941 0.198758 0.542056
0 0.00113392 0.940994 0.425234 0.118012 0.52648
1 0.00121021 0.631988 0.537383 0.189441 0.345794
2 0.00124073 0.0807453 0.0716511 0.142857 0.143302
0 0.00133228 0.877329 0.133956 0.201863 0.267913
1 0.00137043 0.113354 0.0607477 0.158385 0.121495
1 0.00139999 0.545031 0.543614 0.332298 0.638629
1 0.00143147 0.402174 0.342679 0.152174 0.155763
0 0.00144291 0.585404 0.471963 0.177019 0.41433
0 0.00145435 0.98913 0.521807 0.0217391 0.352025
0 0.00153542 0.0341615 0.579439 0.0559006 0.598131
2 0.00177479 0.639752 0.903427 0.192547 0.193146
1 0.00260162 0.0714286 0.576324 0.111801 0.623053
0 0.00440979 0.658385 0.546729 0.167702 0.28972
0 0.00497818 0.908385 0.571651 0.170807 0.576324
0 0.00563049 0.0729814 0.574766 0.121118 0.657321
1 0.00714493 0.579193 0.629283 0.170807 0.5919
0 0.00830841 0.934783 0.0965732 0.130435 0.180685
0 0.0093689 0.869565 0.362928 0.21118 0.576324
1 0.0147552 0.529503 0.341121 0.152174 0.17134
0 0.0174255 0.532609 0.542056 0.177019 0.542056
2 0.0420227 0.386646 0.53271 0.201863 0.529595
2 0.559082 0.636646 0.705607 0.223602 0.588785
0 0.743164 0.638199 0.708723 0.232919 0.563863
1 0.775391 0.532609 0.523364 0.177019 0.529595
1 0.929199 0.385093 0.528037 0.198758 0.53271
