0 0.00121593 0.944099 0.0950156 0.10559 0.17134
0 0.00177479 0.119565 0.372274 0.18323 0.626168
0 0.00182915 0.715838 0.556075 0.214286 0.464174
0 0.00246811 0.0372671 0.577882 0.0621118 0.607477
1 0.00249863 0.352484 0.397196 0.208075 0.227414
1 0.00289536 0.121118 0.338006 0.21118 0.676012
0 0.00359344 0.846273 0.35514 0.232919 0.604361
0 0.00390053 0.740683 0.314642 0.23913 0.579439
1 0.00461578 0.0791925 0.574766 0.13354 0.626168
0 0.0175781 0.0807453 0.570093 0.142857 0.660436
2 0.0210266 0.371118 0.584112 0.251553 0.607477
1 0.903809 0.371118 0.582555 0.251553 0.604361
