0 0.00104332 0.559006 0.61215 0.198758 0.457944
2 0.00106049 0.121118 0.0202492 0.186335 0.0404984
1 0.0010643 0.574534 0.161994 0.124224 0.242991
2 0.00115967 0.728261 0.890966 0.400621 0.218069
1 0.00120163 0.847826 0.336449 0.267081 0.647975
0 0.00121021 0.47205 0.811526 0.186335 0.376947
0 0.00160217 0.576087 0.158879 0.127329 0.249221
1 0.00176334 0.428571 0.493769 0.273292 0.588785
1 0.0019455 0.0729814 0.584112 0.108696 0.582555
2 0.0019989 0.47205 0.817757 0.173913 0.364486
0 0.00211525 0.734472 0.264798 0.177019 0.523364
1 0.00230026 0.136646 0.582555 0.223602 0.679128
0 0.0023632 0.0745342 0.580997 0.124224 0.601246
0 0.00247002 0.849379 0.334891 0.232919 0.570093
0 0.00271034 0.681677 0.61838 0.208075 0.482866
1 0.00300217 0.759317 0.26324 0.245342 0.52648
2 0.00413132 0.641304 0.926791 0.139752 0.146417
2 0.00564575 0.852484 0.931464 0.158385 0.137072
0 0.00679779 0.478261 0.565421 0.21118 0.476636
2 0.800293 0.734472 0.915888 0.270186 0.161994
