0 0.0010252 0.240683 0.545171 0.276398 0.71028
0 0.00110626 0.32764 0.512461 0.195652 0.482866
2 0.00138474 0.704969 0.827103 0.180124 0.339564
1 0.00139904 0.130435 0.465732 0.21118 0.713396
2 0.00160217 0.124224 0.017134 0.198758 0.0342679
0 0.00200653 0.583851 0.160436 0.130435 0.271028
0 0.00223541 0.13354 0.468847 0.236025 0.794393
0 0.00264931 0.430124 0.457944 0.270186 0.566978
2 0.00285339 0.571429 0.749221 0.285714 0.208723
1 0.00531006 0.0729814 0.580997 0.114907 0.601246
0 0.00610733 0.852484 0.347352 0.232919 0.582555
0 0.00655365 0.076087 0.577882 0.127329 0.626168
2 0.009552 0.444099 0.861371 0.136646 0.264798
2 0.946777 0.579193 0.82243 0.400621 0.34891
