2 0.00105 0.487578 0.669782 0.198758 0.274143
0 0.00106621 0.661491 0.767913 0.142857 0.252336
0 0.00144768 0.076087 0.576324 0.121118 0.629283
1 0.00158691 0.43323 0.478193 0.313665 0.570093
0 0.00166893 0.478261 0.521807 0.204969 0.457944
2 0.0016861 0.473602 0.82243 0.152174 0.317757
1 0.00215149 0.135093 0.570093 0.208075 0.654206
1 0.00238991 0.770186 0.260125 0.267081 0.495327
0 0.00500488 0.667702 0.663551 0.15528 0.34891
0 0.00630951 0.857143 0.325545 0.229814 0.576324
1 0.00665283 0.858696 0.281931 0.23913 0.545171
0 0.0098877 0.526398 0.619938 0.201863 0.404984
0 0.098877 0.590062 0.193146 0.173913 0.35514
1 0.818359 0.583851 0.191589 0.173913 0.345794
