0 0.00106049 0.885093 0.864486 0.223602 0.264798
0 0.00106144 0.847826 0.339564 0.223602 0.542056
1 0.00113964 0.579193 0.154206 0.121118 0.246106
1 0.00121593 0.439441 0.47352 0.263975 0.517134
1 0.00179195 0.0729814 0.58567 0.108696 0.604361
1 0.00228691 0.138199 0.593458 0.195652 0.613707
0 0.00264168 0.473602 0.46729 0.189441 0.436137
2 0.00277519 0.947205 0.861371 0.0993789 0.277259
0 0.0029335 0.579193 0.155763 0.121118 0.255452
0 0.00413132 0.872671 0.680685 0.236025 0.638629
2 0.00569153 0.836957 0.970405 0.220497 0.0529595
2 0.00732803 0.807453 0.856698 0.217391 0.286604
2 0.008461 0.836957 0.922118 0.232919 0.149533
2 0.879883 0.888199 0.867601 0.21118 0.258567
