1 0.00100327 0.122671 0.341121 0.195652 0.64486
0 0.00101948 0.951863 0.534268 0.0962733 0.264798
2 0.00103855 0.956522 0.0934579 0.0869565 0.186916
0 0.00109196 0.569876 0.570093 0.208075 0.461059
2 0.00124454 0.482919 0.609034 0.23913 0.420561
0 0.00142384 0.979814 0.482866 0.0341615 0.292835
0 0.00148487 0.636646 0.609034 0.204969 0.464174
0 0.00151443 0.0419255 0.582555 0.0776398 0.623053
1 0.00179577 0.135093 0.562305 0.201863 0.657321
0 0.00183296 0.431677 0.423676 0.204969 0.454829
0 0.0020752 0.580745 0.165109 0.130435 0.255452
0 0.00210571 0.849379 0.345794 0.23913 0.535826
0 0.00283051 0.958075 0.741433 0.0776398 0.417445
0 0.00287056 0.944099 0.0903427 0.111801 0.168224
1 0.00295639 0.0698758 0.582555 0.102484 0.58567
2 0.00381088 0.88354 0.920561 0.201863 0.152648
2 0.00788879 0.506211 0.766355 0.273292 0.46729
2 0.00943756 0.92236 0.638629 0.149068 0.224299
0 0.0131607 0.965838 0.5919 0.068323 0.23053
0 0.0150833 0.900621 0.774143 0.192547 0.439252
2 0.0182495 0.917702 0.957944 0.164596 0.0841122
0 0.0197906 0.481366 0.570093 0.229814 0.479751
0 0.0224915 0.92236 0.640187 0.149068 0.233645
2 0.0255585 0.96118 0.923676 0.0714286 0.152648
2 0.0576172 0.959627 0.772586 0.0745342 0.423676
2 0.905273 0.881988 0.772586 0.229814 0.448598
