1 0.00105858 0.579193 0.155763 0.121118 0.242991
2 0.00108528 0.0341615 0.598131 0.068323 0.35514
2 0.00110245 0.17236 0.953271 0.158385 0.0809969
0 0.00110435 0.930124 0.0950156 0.139752 0.183801
0 0.00152302 0.475155 0.47352 0.186335 0.404984
2 0.00163937 0.127329 0.942368 0.192547 0.115265
0 0.002388 0.580745 0.155763 0.118012 0.249221
1 0.00250626 0.0993789 0.604361 0.192547 0.292835
1 0.0032692 0.111801 0.253894 0.186335 0.482866
2 0.00447083 0.127329 0.0186916 0.198758 0.0373832
2 0.029953 0.0419255 0.735202 0.0838509 0.510903
2 0.903809 0.139752 0.727414 0.254658 0.52648
