1 0.0010891 0.919255 0.361371 0.161491 0.604361
0 0.00115013 0.964286 0.174455 0.0714286 0.305296
1 0.00138283 0.840062 0.0186916 0.18323 0.0373832
1 0.00144768 0.226708 0.338006 0.204969 0.53271
0 0.001647 0.138199 0.638629 0.18323 0.573209
0 0.00170898 0.0341615 0.582555 0.0621118 0.598131
0 0.00260735 0.754658 0.314642 0.229814 0.579439
1 0.00603867 0.0776398 0.580997 0.130435 0.613707
1 0.00827789 0.131988 0.442368 0.23913 0.766355
0 0.0116272 0.0791925 0.577882 0.139752 0.638629
0 0.0161285 0.864907 0.347352 0.232919 0.626168
2 0.955566 0.445652 0.700935 0.232919 0.598131
