2 0.00100231 0.0791925 0.791277 0.145963 0.373832
2 0.00101376 0.0434783 0.866044 0.0807453 0.224299
2 0.00104523 0.802795 0.948598 0.189441 0.102804
0 0.00107861 0.948758 0.0903427 0.0962733 0.168224
1 0.00137234 0.136646 0.451713 0.242236 0.791277
2 0.00139427 0.122671 0.0186916 0.195652 0.0373832
0 0.0019989 0.843168 0.35514 0.220497 0.529595
2 0.00203133 0.860248 0.934579 0.142857 0.130841
0 0.00209236 0.475155 0.515576 0.204969 0.457944
2 0.00231361 0.964286 0.0934579 0.0714286 0.186916
2 0.00290108 0.153727 0.912773 0.170807 0.155763
1 0.00352478 0.104037 0.655763 0.18323 0.632399
2 0.00365067 0.914596 0.912773 0.145963 0.174455
2 0.00396347 0.754658 0.909657 0.236025 0.174455
0 0.004879 0.119565 0.570093 0.220497 0.747664
2 0.015274 0.521739 0.825545 0.149068 0.336449
2 0.855957 0.0869565 0.897196 0.173913 0.205607
2 0.925293 0.652174 0.799065 0.403727 0.389408
