1 0.00112724 0.951863 0.116822 0.0900621 0.227414
2 0.00118351 0.736025 0.76947 0.186335 0.218069
2 0.00137234 0.962733 0.104361 0.0745342 0.202492
1 0.00137806 0.579193 0.280374 0.108696 0.417445
1 0.00158024 0.139752 0.557632 0.236025 0.697819
1 0.00188541 0.0729814 0.579439 0.121118 0.616822
0 0.00191402 0.515528 0.649533 0.217391 0.339564
0 0.00198555 0.734472 0.747664 0.208075 0.23676
0 0.00206184 0.706522 0.0654206 0.18323 0.130841
0 0.00244331 0.473602 0.126168 0.152174 0.227414
0 0.00253105 0.670807 0.657321 0.149068 0.330218
1 0.00326729 0.689441 0.0747664 0.161491 0.137072
1 0.00342751 0.475155 0.124611 0.149068 0.224299
0 0.00449371 0.076087 0.576324 0.127329 0.647975
0 0.00528717 0.944099 0.0965732 0.10559 0.180685
2 0.00536346 0.521739 0.655763 0.279503 0.420561
1 0.0106354 0.892857 0.32866 0.195652 0.551402
1 0.902832 0.476708 0.300623 0.177019 0.457944
1 0.949219 0.663043 0.292835 0.189441 0.479751
