0 0.00102425 0.874224 0.341121 0.201863 0.464174
0 0.00110722 0.967391 0.0981308 0.0652174 0.183801
2 0.00115204 0.259317 0.838006 0.121118 0.305296
1 0.00117683 0.875776 0.626168 0.192547 0.517134
0 0.00164986 0.913043 0.590343 0.167702 0.601246
2 0.00176144 0.0854037 0.866044 0.102484 0.261682
0 0.00227737 0.68323 0.621495 0.21118 0.563863
0 0.00323486 0.930124 0.0934579 0.139752 0.174455
2 0.00353432 0.0372671 0.880062 0.0745342 0.227414
1 0.916992 0.669255 0.61215 0.201863 0.563863
2 0.936035 0.181677 0.836449 0.232919 0.302181
