2 0.00103283 0.574534 0.953271 0.161491 0.0809969
0 0.00104427 0.900621 0.799065 0.161491 0.383178
1 0.00109196 0.836957 0.0202492 0.201863 0.0404984
0 0.00109673 0.951863 0.419003 0.0838509 0.495327
0 0.00120258 0.145963 0.568536 0.229814 0.725857
2 0.00124454 0.121118 0.0186916 0.192547 0.0373832
1 0.00138664 0.119565 0.5919 0.177019 0.529595
2 0.00147152 0.90528 0.951713 0.170807 0.0965732
2 0.00152779 0.487578 0.847352 0.198758 0.305296
1 0.00153446 0.14441 0.439252 0.245342 0.772586
0 0.00159073 0.0776398 0.58567 0.130435 0.616822
1 0.00174046 0.212733 0.630841 0.13354 0.520249
2 0.00211716 0.875776 0.839564 0.198758 0.320872
0 0.00232315 0.98913 0.520249 0.0217391 0.35514
2 0.00288582 0.545031 0.929907 0.170807 0.133956
2 0.00324821 0.546584 0.785047 0.254658 0.429907
2 0.00383568 0.956522 0.926791 0.0807453 0.140187
0 0.0044136 0.858696 0.345794 0.232919 0.573209
0 0.0115585 0.486025 0.568536 0.220497 0.470405
2 0.135254 0.583851 0.864486 0.204969 0.271028
2 0.95752 0.740683 0.834891 0.475155 0.323988
