0 0.00104237 0.846273 0.352025 0.245342 0.566978
0 0.0010891 0.57764 0.520249 0.204969 0.436137
0 0.00113773 0.57764 0.15109 0.136646 0.271028
2 0.00135517 0.270186 0.884735 0.0993789 0.218069
2 0.00135708 0.118012 0.923676 0.167702 0.133956
2 0.00198555 0.309006 0.91433 0.139752 0.158879
1 0.00263405 0.459627 0.482866 0.273292 0.523364
2 0.00376892 0.169255 0.895639 0.232919 0.202492
1 0.00654602 0.130435 0.257009 0.223602 0.514019
0 0.00702286 0.478261 0.517134 0.21118 0.461059
0 0.0083847 0.0295031 0.735202 0.0590062 0.492212
2 0.014122 0.0465838 0.685358 0.0869565 0.573209
1 0.0214233 0.0310559 0.688474 0.0621118 0.566978
2 0.0640869 0.0652174 0.814642 0.130435 0.370717
2 0.158325 0.0295031 0.760125 0.052795 0.479751
2 0.603516 0.186335 0.697819 0.21118 0.58567
1 0.691406 0.186335 0.686916 0.204969 0.570093
