0 0.00109291 0.968944 0.129283 0.0621118 0.246106
1 0.00124836 0.607143 0.5 0.18323 0.258567
2 0.00134468 0.990683 0.517134 0.0186335 0.336449
1 0.00139809 0.675466 0.476636 0.164596 0.323988
2 0.00183678 0.456522 0.852025 0.242236 0.271028
0 0.0018549 0.889752 0.336449 0.18323 0.517134
1 0.00185585 0.13354 0.557632 0.204969 0.660436
1 0.00204468 0.076087 0.580997 0.114907 0.601246
0 0.00260925 0.138199 0.556075 0.226708 0.719626
0 0.0030117 0.0776398 0.577882 0.124224 0.626168
1 0.150391 0.625776 0.660436 0.232919 0.573209
2 0.866211 0.619565 0.668224 0.220497 0.582555
