1 0.00105476 0.833851 0.0202492 0.18323 0.0404984
1 0.00110245 0.253106 0.227414 0.332298 0.454829
1 0.00135994 0.864907 0.278816 0.226708 0.52648
1 0.0013876 0.0729814 0.574766 0.121118 0.619938
2 0.00140095 0.0326087 0.9081 0.0652174 0.17757
2 0.00141048 0.475155 0.82243 0.149068 0.323988
0 0.00145435 0.0854037 0.0342679 0.152174 0.0685358
0 0.00149155 0.85559 0.334891 0.226708 0.563863
0 0.00149822 0.0326087 0.0560748 0.0652174 0.11215
2 0.00150776 0.524845 0.666667 0.167702 0.267913
0 0.0015707 0.667702 0.660436 0.149068 0.323988
0 0.00175285 0.787267 0.735202 0.226708 0.261682
0 0.00184059 0.479814 0.565421 0.201863 0.451713
0 0.00244141 0.0745342 0.571651 0.130435 0.657321
0 0.00673294 0.526398 0.666667 0.177019 0.286604
0 0.0373535 0.274845 0.202492 0.170807 0.373832
1 0.918945 0.270186 0.20405 0.173913 0.370717
