1 0.00102139 0.332298 0.32866 0.236025 0.545171
0 0.0011692 0.0372671 0.574766 0.068323 0.619938
1 0.00133228 0.076087 0.577882 0.121118 0.601246
0 0.00163937 0.942547 0.0950156 0.108696 0.17757
2 0.00164127 0.31677 0.728972 0.111801 0.47352
0 0.00183773 0.670807 0.417445 0.198758 0.461059
2 0.00187588 0.125776 0.0186916 0.195652 0.0373832
0 0.0032196 0.840062 0.358255 0.232919 0.579439
0 0.00416565 0.125776 0.562305 0.220497 0.682243
0 0.00548553 0.740683 0.303738 0.232919 0.576324
1 0.00582886 0.135093 0.450156 0.245342 0.757009
2 0.950684 0.413043 0.739875 0.279503 0.507788
