1 0.00102615 0.0745342 0.579439 0.124224 0.616822
0 0.00121021 0.899068 0.05919 0.158385 0.11838
0 0.00156975 0.962733 0.17134 0.0745342 0.342679
1 0.00171471 0.826087 0.0218069 0.173913 0.0436137
1 0.00186253 0.647516 0.400312 0.326087 0.601246
2 0.00193882 0.473602 0.764798 0.220497 0.395639
1 0.00224686 0.150621 0.448598 0.257764 0.791277
0 0.00279617 0.0776398 0.577882 0.136646 0.64486
0 0.00292969 0.684783 0.386293 0.18323 0.46729
0 0.00334358 0.475155 0.780374 0.192547 0.395639
1 0.00463867 0.899068 0.35514 0.195652 0.5919
1 0.00570679 0.945652 0.107477 0.102484 0.214953
1 0.00577545 0.568323 0.376947 0.130435 0.448598
0 0.0665894 0.942547 0.0996885 0.114907 0.199377
1 0.882324 0.498447 0.389408 0.189441 0.504673
1 0.922852 0.669255 0.389408 0.18323 0.47352
