2 0.00109482 0.127329 0.0623053 0.180124 0.124611
0 0.00118351 0.135093 0.545171 0.232919 0.735202
2 0.0012598 0.125776 0.0264798 0.201863 0.0529595
0 0.00157738 0.916149 0.67134 0.161491 0.582555
1 0.00169086 0.0745342 0.582555 0.111801 0.604361
1 0.00218964 0.145963 0.429907 0.254658 0.809969
0 0.00300217 0.0776398 0.579439 0.124224 0.629283
2 0.00888062 0.332298 0.873832 0.130435 0.233645
2 0.0102463 0.902174 0.864486 0.18323 0.271028
2 0.0106277 0.964286 0.853583 0.0714286 0.286604
2 0.581543 0.920807 0.923676 0.152174 0.152648
2 0.94873 0.450311 0.847352 0.354037 0.299065
