0 0.00129128 0.478261 0.471963 0.186335 0.457944
1 0.00129604 0.574534 0.158879 0.136646 0.267913
0 0.00130463 0.906832 0.551402 0.173913 0.647975
0 0.00139999 0.0341615 0.582555 0.0621118 0.5919
0 0.00148773 0.141304 0.560748 0.232919 0.735202
0 0.00252151 0.850932 0.350467 0.236025 0.613707
0 0.00257874 0.684783 0.571651 0.208075 0.489097
1 0.00386238 0.0714286 0.580997 0.118012 0.607477
0 0.00433731 0.576087 0.158879 0.13354 0.267913
2 0.00469971 0.43323 0.88162 0.208075 0.199377
0 0.00544357 0.0745342 0.579439 0.124224 0.629283
0 0.00569534 0.571429 0.616822 0.217391 0.529595
0 0.0166168 0.444099 0.587227 0.291925 0.750779
2 0.875977 0.529503 0.88162 0.332298 0.224299
