0 0.00109863 0.517081 0.724299 0.18323 0.283489
2 0.00114632 0.358696 0.961059 0.195652 0.0716511
1 0.00115871 0.835404 0.0218069 0.186335 0.0436137
1 0.00120544 0.43323 0.456386 0.251553 0.551402
0 0.0012064 0.677019 0.718069 0.15528 0.345794
2 0.00127983 0.242236 0.775701 0.273292 0.448598
0 0.00157166 0.476708 0.471963 0.18323 0.433022
0 0.00219154 0.874224 0.347352 0.226708 0.601246
2 0.00240707 0.0295031 0.752336 0.0590062 0.345794
2 0.00253105 0.484472 0.780374 0.167702 0.41433
1 0.00283241 0.945652 0.104361 0.102484 0.196262
2 0.00339317 0.956522 0.119938 0.0869565 0.239875
0 0.00392532 0.944099 0.104361 0.111801 0.196262
2 0.00862885 0.259317 0.898754 0.257764 0.202492
1 0.0133667 0.11646 0.657321 0.152174 0.548287
2 0.174438 0.0465838 0.661994 0.0869565 0.482866
2 0.394775 0.276398 0.970405 0.229814 0.0529595
1 0.54541 0.0403727 0.655763 0.0807453 0.464174
