1 0.00100613 0.0714286 0.576324 0.10559 0.610592
0 0.00105 0.0372671 0.576324 0.068323 0.647975
0 0.0010643 0.504658 0.682243 0.201863 0.255452
0 0.00108242 0.0729814 0.576324 0.121118 0.647975
1 0.00116348 0.291925 0.147975 0.130435 0.227414
1 0.00119305 0.454969 0.468847 0.251553 0.501558
1 0.00123024 0.846273 0.271028 0.226708 0.498442
0 0.00130749 0.468944 0.820872 0.173913 0.358255
2 0.00147629 0.771739 0.733645 0.23913 0.258567
1 0.00149155 0.138199 0.560748 0.214286 0.697819
0 0.00158501 0.84472 0.338006 0.229814 0.563863
0 0.00175762 0.579193 0.160436 0.127329 0.246106
1 0.0018301 0.214286 0.41433 0.142857 0.436137
0 0.00293541 0.215839 0.160436 0.164596 0.277259
0 0.00302696 0.0326087 0.0809969 0.0652174 0.161994
2 0.0035305 0.468944 0.817757 0.15528 0.320872
0 0.00357437 0.0667702 0.0872274 0.121118 0.174455
2 0.00400543 0.48913 0.685358 0.201863 0.205607
2 0.0045166 0.0636646 0.0794393 0.114907 0.158879
1 0.833984 0.225155 0.15109 0.164596 0.264798
