2 0.00104523 0.476708 0.780374 0.177019 0.395639
2 0.00110435 0.128882 0.0186916 0.195652 0.0373832
0 0.00124836 0.579193 0.160436 0.13354 0.271028
0 0.00129128 0.694099 0.621495 0.152174 0.29595
1 0.00141525 0.119565 0.247664 0.18323 0.476636
0 0.00156403 0.526398 0.570093 0.195652 0.411215
0 0.00213814 0.861801 0.336449 0.226708 0.573209
1 0.00220871 0.840062 0.26947 0.245342 0.507788
1 0.0034523 0.93323 0.0996885 0.127329 0.186916
0 0.00429535 0.948758 0.104361 0.102484 0.196262
2 0.00450516 0.959627 0.115265 0.0807453 0.23053
2 0.00847626 0.0574534 0.609034 0.102484 0.320872
2 0.00924683 0.068323 0.901869 0.136646 0.17757
1 0.00960541 0.0590062 0.652648 0.10559 0.420561
1 0.0107422 0.150621 0.688474 0.170807 0.492212
2 0.0233612 0.161491 0.864486 0.149068 0.208723
2 0.0530701 0.149068 0.718069 0.180124 0.451713
2 0.0548096 0.0403727 0.939252 0.0745342 0.121495
2 0.717285 0.0745342 0.722741 0.142857 0.535826
