2 0.00107193 0.397516 0.771028 0.15528 0.451713
2 0.0010767 0.962733 0.0965732 0.0745342 0.186916
1 0.00152683 0.852484 0.28972 0.23913 0.554517
0 0.00175858 0.0372671 0.582555 0.0621118 0.616822
1 0.00205612 0.124224 0.336449 0.198758 0.660436
1 0.0021801 0.118012 0.579439 0.192547 0.641745
0 0.00338364 0.583851 0.158879 0.130435 0.261682
0 0.00367737 0.0714286 0.580997 0.111801 0.682243
2 0.00411224 0.190994 0.84891 0.121118 0.277259
2 0.0043869 0.0357143 0.909657 0.0714286 0.161994
0 0.00787354 0.860248 0.353583 0.236025 0.632399
2 0.0208282 0.068323 0.901869 0.136646 0.183801
2 0.0823364 0.215839 0.772586 0.158385 0.436137
2 0.949707 0.310559 0.755452 0.291925 0.476636
