1 0.00100231 0.119565 0.640187 0.18323 0.595016
1 0.00107288 0.507764 0.493769 0.158385 0.302181
2 0.00114632 0.111801 0.951713 0.192547 0.0903427
2 0.00126839 0.476708 0.88162 0.195652 0.130841
0 0.00142002 0.902174 0.542056 0.18323 0.623053
2 0.00143337 0.161491 0.917445 0.10559 0.146417
2 0.00148964 0.959627 0.119938 0.0807453 0.239875
2 0.00211334 0.198758 0.926791 0.0931677 0.140187
1 0.00217628 0.125776 0.439252 0.232919 0.778816
2 0.00286674 0.0403727 0.91433 0.0745342 0.165109
0 0.00395203 0.0326087 0.521807 0.0590062 0.557632
2 0.00405502 0.076087 0.738318 0.145963 0.47352
2 0.00419998 0.0295031 0.838006 0.052795 0.305296
0 0.00439072 0.947205 0.0996885 0.10559 0.186916
1 0.00471878 0.0621118 0.521807 0.111801 0.607477
0 0.00498581 0.857143 0.344237 0.229814 0.607477
0 0.0145798 0.0636646 0.518692 0.121118 0.632399
0 0.0170746 0.124224 0.682243 0.217391 0.635514
2 0.083374 0.498447 0.649533 0.232919 0.595016
1 0.880371 0.5 0.638629 0.217391 0.5919
2 0.884766 0.10559 0.858255 0.198758 0.277259
