1 0.0010376 0.529503 0.587227 0.201863 0.41433
1 0.00125599 0.981366 0.528037 0.0372671 0.345794
2 0.0014801 0.0481366 0.957944 0.0962733 0.0778816
2 0.00264931 0.745342 0.833333 0.223602 0.333333
0 0.00273132 0.555901 0.610592 0.21118 0.411215
0 0.00292206 0.687888 0.571651 0.195652 0.457944
2 0.00313187 0.987578 0.524922 0.0248447 0.333333
1 0.00336647 0.437888 0.487539 0.254658 0.52648
1 0.0035038 0.874224 0.338006 0.232919 0.65109
0 0.0043602 0.740683 0.286604 0.139752 0.436137
2 0.00453186 0.0326087 0.929907 0.0652174 0.140187
1 0.00489426 0.950311 0.0996885 0.0931677 0.186916
1 0.00515747 0.0357143 0.643302 0.0652174 0.601246
2 0.00556183 0.145963 0.959502 0.149068 0.0747664
0 0.00573349 0.478261 0.570093 0.21118 0.454829
0 0.00682831 0.878882 0.336449 0.21118 0.604361
0 0.0069046 0.948758 0.0996885 0.102484 0.180685
2 0.00782013 0.956522 0.11215 0.0869565 0.224299
0 0.0086441 0.0574534 0.590343 0.0962733 0.632399
2 0.0138397 0.0341615 0.679128 0.068323 0.566978
1 0.0313416 0.0652174 0.660436 0.130435 0.679128
2 0.0463257 0.0652174 0.749221 0.130435 0.501558
2 0.125244 0.0543478 0.778816 0.0714286 0.398754
2 0.173462 0.110248 0.926791 0.145963 0.133956
2 0.191772 0.0993789 0.872274 0.161491 0.255452
