1 0.00119781 0.526398 0.485981 0.170807 0.280374
2 0.00152493 0.512422 0.819315 0.223602 0.274143
0 0.00171566 0.68323 0.482866 0.167702 0.249221
1 0.00183201 0.765528 0.487539 0.201863 0.208723
0 0.0026722 0.147516 0.562305 0.23913 0.719626
0 0.00272369 0.914596 0.663551 0.139752 0.535826
0 0.00284386 0.0807453 0.580997 0.136646 0.619938
0 0.00450897 0.802795 0.627726 0.158385 0.53271
2 0.00569534 0.473602 0.88162 0.208075 0.130841
0 0.00891876 0.829193 0.247664 0.26087 0.489097
1 0.0103302 0.73913 0.660436 0.248447 0.5919
0 0.0136032 0.942547 0.102804 0.114907 0.199377
0 0.0172119 0.787267 0.476636 0.177019 0.280374
0 0.0951538 0.73913 0.683801 0.242236 0.588785
0 0.110107 0.524845 0.638629 0.223602 0.610592
1 0.685059 0.52795 0.649533 0.21118 0.619938
2 0.881836 0.737578 0.690031 0.245342 0.619938
