1 0.00107098 0.0791925 0.579439 0.13354 0.604361
0 0.0013504 0.771739 0.521807 0.18323 0.320872
0 0.0014782 0.25 0.44704 0.23913 0.676012
1 0.00230217 0.869565 0.330218 0.248447 0.660436
0 0.00238419 0.942547 0.0950156 0.114907 0.17757
2 0.0037632 0.689441 0.912773 0.173913 0.174455
2 0.00412369 0.48913 0.830218 0.208075 0.246106
0 0.00412369 0.692547 0.688474 0.279503 0.535826
0 0.00430298 0.135093 0.554517 0.232919 0.735202
0 0.00656891 0.53882 0.640187 0.208075 0.582555
2 0.00791168 0.47205 0.88162 0.198758 0.124611
0 0.00848389 0.872671 0.32866 0.223602 0.563863
0 0.00944519 0.815217 0.632399 0.170807 0.46729
0 0.0104294 0.684783 0.496885 0.201863 0.221184
2 0.214355 0.523292 0.641745 0.189441 0.5919
1 0.734863 0.523292 0.641745 0.189441 0.598131
2 0.787598 0.704969 0.70405 0.279503 0.58567
