0 0.0010252 0.582298 0.461059 0.18323 0.404984
2 0.00114441 0.495342 0.652648 0.276398 0.464174
2 0.00126934 0.959627 0.123053 0.0807453 0.246106
1 0.00129795 0.0357143 0.582555 0.0590062 0.598131
2 0.00134659 0.068323 0.076324 0.118012 0.152648
2 0.00135994 0.98913 0.515576 0.0217391 0.314642
2 0.00160408 0.746894 0.836449 0.226708 0.327103
0 0.00181961 0.872671 0.353583 0.223602 0.613707
1 0.00187492 0.253106 0.0794393 0.139752 0.146417
0 0.00230789 0.473602 0.811526 0.18323 0.376947
1 0.00247192 0.108696 0.587227 0.142857 0.538941
1 0.00252342 0.579193 0.169782 0.114907 0.239875
0 0.00258446 0.0419255 0.580997 0.0776398 0.65109
0 0.00270462 0.737578 0.26947 0.177019 0.501558
1 0.00284386 0.164596 0.347352 0.186335 0.595016
1 0.00329971 0.215839 0.364486 0.127329 0.398754
0 0.00449371 0.694099 0.571651 0.18323 0.451713
1 0.0053978 0.458075 0.542056 0.270186 0.560748
1 0.0057869 0.068323 0.580997 0.0931677 0.607477
0 0.00705719 0.580745 0.169782 0.118012 0.246106
2 0.0083847 0.473602 0.817757 0.170807 0.364486
2 0.00891113 0.490683 0.67134 0.204969 0.264798
0 0.00942993 0.482919 0.565421 0.226708 0.476636
0 0.00944519 0.208075 0.138629 0.149068 0.271028
1 0.67334 0.215839 0.141745 0.145963 0.271028
