1 0.00103569 0.669255 0.654206 0.164596 0.330218
1 0.00105476 0.978261 0.419003 0.0434783 0.4081
1 0.0011425 0.0745342 0.584112 0.118012 0.601246
2 0.0012188 0.0295031 0.878505 0.0590062 0.224299
1 0.00130558 0.131988 0.330218 0.208075 0.641745
2 0.00141525 0.96118 0.0934579 0.0776398 0.186916
0 0.00143814 0.666149 0.0732087 0.145963 0.146417
0 0.00148296 0.891304 0.0623053 0.192547 0.11838
1 0.00152874 0.136646 0.577882 0.204969 0.626168
2 0.00156212 0.0636646 0.898754 0.127329 0.190031
0 0.00171947 0.0776398 0.584112 0.130435 0.626168
1 0.00187874 0.919255 0.359813 0.161491 0.595016
1 0.00445175 0.86646 0.283489 0.229814 0.529595
0 0.00491333 0.520186 0.616822 0.189441 0.392523
0 0.00558853 0.877329 0.333333 0.214286 0.623053
0 0.00574493 0.677019 0.61215 0.192547 0.401869
1 0.00593948 0.71118 0.23053 0.15528 0.292835
1 0.0062561 0.444099 0.545171 0.26087 0.560748
0 0.00656509 0.945652 0.0903427 0.108696 0.174455
0 0.011116 0.712733 0.23053 0.158385 0.299065
0 0.115234 0.621118 0.196262 0.192547 0.373832
1 0.770996 0.61646 0.191589 0.201863 0.364486
