1 0.00100708 0.948758 0.105919 0.0962733 0.205607
0 0.00117493 0.754658 0.228972 0.161491 0.433022
0 0.00125122 0.692547 0.515576 0.21118 0.52648
0 0.00139523 0.501553 0.582555 0.127329 0.479751
1 0.00139713 0.913043 0.369159 0.173913 0.619938
2 0.00142574 0.395963 0.875389 0.158385 0.161994
2 0.0018177 0.954969 0.0981308 0.0900621 0.196262
1 0.00199509 0.501553 0.584112 0.114907 0.482866
2 0.00220108 0.645963 0.67134 0.21118 0.401869
0 0.00227737 0.0341615 0.582555 0.0621118 0.610592
1 0.00242043 0.0745342 0.579439 0.130435 0.629283
2 0.00268364 0.42236 0.820872 0.204969 0.28972
0 0.00388336 0.670807 0.674455 0.21118 0.395639
0 0.0094223 0.440994 0.637072 0.254658 0.632399
0 0.00955963 0.944099 0.0965732 0.111801 0.180685
0 0.0115433 0.142857 0.448598 0.229814 0.71028
0 0.0146942 0.076087 0.574766 0.13354 0.669782
0 0.015419 0.868012 0.350467 0.23913 0.65109
0 0.0223846 0.731366 0.327103 0.251553 0.623053
2 0.0702515 0.439441 0.660436 0.251553 0.641745
1 0.791016 0.43323 0.638629 0.245342 0.629283
