2 0.00108624 0.0372671 0.694704 0.068323 0.255452
0 0.00111389 0.861801 0.0264798 0.189441 0.046729
2 0.00121784 0.956522 0.11838 0.0869565 0.23676
2 0.00137329 0.990683 0.517134 0.0186335 0.311526
2 0.00161171 0.0419255 0.892523 0.0838509 0.214953
0 0.00166225 0.189441 0.834891 0.273292 0.311526
0 0.00169182 0.942547 0.0950156 0.108696 0.165109
0 0.00235558 0.869565 0.341121 0.223602 0.588785
2 0.00278473 0.170807 0.954829 0.254658 0.0841122
2 0.00362778 0.0807453 0.700935 0.15528 0.249221
2 0.00477219 0.476708 0.88162 0.208075 0.130841
1 0.00526428 0.840062 0.0202492 0.189441 0.0404984
0 0.00607681 0.11646 0.741433 0.208075 0.311526
1 0.00875854 0.118012 0.531153 0.21118 0.514019
0 0.00936127 0.534162 0.638629 0.229814 0.58567
0 0.0120697 0.0419255 0.800623 0.0838509 0.361371
0 0.0252686 0.119565 0.52648 0.208075 0.523364
2 0.0748291 0.523292 0.638629 0.232919 0.623053
2 0.562988 0.0698758 0.816199 0.139752 0.367601
2 0.818359 0.15528 0.814642 0.291925 0.358255
1 0.855957 0.523292 0.640187 0.220497 0.595016
