1 0.0011425 0.850932 0.272586 0.236025 0.507788
1 0.0012455 0.122671 0.331776 0.195652 0.64486
0 0.00127506 0.680124 0.627726 0.180124 0.352025
1 0.0014286 0.754658 0.255452 0.248447 0.485981
0 0.00145721 0.0388199 0.542056 0.0714286 0.654206
2 0.00146103 0.964286 0.0996885 0.0714286 0.199377
1 0.00157928 0.841615 0.0186916 0.186335 0.0373832
0 0.0018158 0.734472 0.266355 0.177019 0.489097
0 0.0021553 0.863354 0.338006 0.229814 0.570093
0 0.00229836 0.580745 0.157321 0.124224 0.252336
0 0.00230026 0.947205 0.0981308 0.10559 0.183801
2 0.00904846 0.0372671 0.920561 0.0745342 0.146417
1 0.0107117 0.0372671 0.635514 0.068323 0.598131
0 0.0136032 0.0791925 0.654206 0.158385 0.691589
2 0.018219 0.136646 0.917445 0.10559 0.158879
1 0.0626221 0.0714286 0.657321 0.142857 0.685358
2 0.0760498 0.0341615 0.761682 0.0621118 0.420561
2 0.246094 0.0667702 0.76947 0.102484 0.436137
2 0.361816 0.0947205 0.867601 0.139752 0.264798
