2 0.00101566 0.571875 0.904688 0.13125 0.178125
0 0.00106716 0.245312 0.390625 0.171875 0.225
2 0.00113297 0.6625 0.898438 0.18125 0.196875
0 0.00134659 0.929688 0.053125 0.140625 0.0875
0 0.00145912 0.675 0.0265625 0.20625 0.053125
1 0.00160789 0.059375 0.320312 0.1125 0.578125
0 0.00171185 0.70625 0.259375 0.1875 0.48125
0 0.00177765 0.679688 0.09375 0.196875 0.1875
0 0.00193214 0.289062 0.6 0.171875 0.49375
2 0.00252914 0.05 0.94375 0.0875 0.1
0 0.0027256 0.328125 0.1375 0.14375 0.2625
0 0.00302887 0.709375 0.53125 0.175 0.3875
0 0.00322151 0.934375 0.225 0.13125 0.44375
1 0.00329781 0.389062 0.589063 0.121875 0.434375
0 0.00351906 0.040625 0.559375 0.08125 0.54375
1 0.00368881 0.484375 0.540625 0.175 0.375
0 0.00458908 0.0671875 0.107813 0.128125 0.203125
0 0.004879 0.0609375 0.31875 0.121875 0.6
1 0.00619888 0.30625 0.575 0.15 0.43125
0 0.0075531 0.582812 0.6375 0.134375 0.6125
0 0.00794983 0.065625 0.0484375 0.13125 0.096875
0 0.0131607 0.453125 0.496875 0.18125 0.2625
0 0.0292969 0.592188 0.217187 0.134375 0.403125
2 0.0373535 0.028125 0.907812 0.05625 0.165625
0 0.0448303 0.942187 0.090625 0.115625 0.175
1 0.0480042 0.489062 0.298438 0.165625 0.378125
0 0.055603 0.660937 0.479688 0.196875 0.246875
0 0.0737305 0.0390625 0.0828125 0.078125 0.165625
0 0.0908203 0.523438 0.545313 0.134375 0.378125
1 0.140015 0.440625 0.653125 0.2 0.55625
2 0.179565 0.340625 0.665625 0.2 0.59375
1 0.24292 0.046875 0.639063 0.09375 0.590625
1 0.306885 0.228125 0.204688 0.18125 0.396875
2 0.457275 0.440625 0.675 0.20625 0.6
1 0.467041 0.25 0.65 0.21875 0.61875
2 0.563965 0.0375 0.698438 0.075 0.603125
2 0.583984 0.651563 0.684375 0.259375 0.625
0 0.599609 0.446875 0.673437 0.19375 0.578125
0 0.662109 0.23125 0.1875 0.1625 0.3625
0 0.691895 0.648438 0.215625 0.184375 0.43125
2 0.736816 0.248437 0.657812 0.209375 0.628125
0 0.785156 0.495313 0.290625 0.165625 0.3875
0 0.85498 0.65 0.684375 0.24375 0.63125
