0 0.00100708 0.854688 0.0703125 0.178125 0.140625
0 0.00121975 0.2375 0.285937 0.20625 0.546875
2 0.00126553 0.43125 0.492188 0.2 0.384375
2 0.00136471 0.725 0.551562 0.1875 0.365625
0 0.00156307 0.0421875 0.56875 0.078125 0.6625
2 0.00161934 0.398438 0.717188 0.178125 0.540625
0 0.00188255 0.129688 0.03125 0.215625 0.0625
0 0.00193501 0.665625 0.623438 0.175 0.428125
0 0.00206947 0.578125 0.75 0.14375 0.5
0 0.00288773 0.96875 0.185937 0.0625 0.371875
1 0.00304413 0.689062 0.215625 0.240625 0.40625
0 0.0032959 0.759375 0.129688 0.175 0.259375
0 0.00362015 0.9375 0.296875 0.125 0.59375
1 0.00390434 0.55625 0.198437 0.225 0.346875
2 0.00411606 0.564062 0.870313 0.140625 0.259375
2 0.00479889 0.578125 0.759375 0.1375 0.48125
0 0.00662994 0.821875 0.682813 0.1625 0.496875
0 0.00667953 0.729688 0.567187 0.190625 0.296875
0 0.00717163 0.398438 0.714063 0.171875 0.559375
0 0.00858307 0.5 0.30625 0.15 0.3375
0 0.00862885 0.11875 0.454688 0.2125 0.728125
0 0.0100784 0.196875 0.065625 0.2125 0.13125
0 0.0127182 0.753125 0.771875 0.25625 0.45625
0 0.013855 0.0359375 0.0796875 0.071875 0.159375
0 0.013916 0.071875 0.0859375 0.1375 0.171875
0 0.014473 0.629687 0.726562 0.153125 0.528125
2 0.0158386 0.63125 0.765625 0.1375 0.46875
2 0.0173035 0.629687 0.676562 0.215625 0.584375
1 0.0201874 0.24375 0.107813 0.2125 0.203125
0 0.022049 0.571875 0.145313 0.1875 0.234375
0 0.0235443 0.629687 0.359375 0.234375 0.38125
0 0.0267334 0.482812 0.482812 0.196875 0.240625
0 0.044281 0.879687 0.346875 0.203125 0.60625
0 0.0765381 0.942187 0.0953125 0.115625 0.190625
0 0.0803833 0.579687 0.423438 0.178125 0.253125
0 0.105103 0.432813 0.490625 0.184375 0.36875
0 0.113403 0.267188 0.123438 0.209375 0.228125
2 0.276123 0.475 0.703125 0.25625 0.59375
0 0.368408 0.715625 0.446875 0.16875 0.39375
0 0.586914 0.54375 0.2375 0.2125 0.38125
0 0.687012 0.607813 0.576563 0.171875 0.484375
0 0.695312 0.715625 0.23125 0.20625 0.44375
0 0.825684 0.471875 0.6875 0.24375 0.625
0 0.881836 0.351562 0.439063 0.178125 0.546875
2 0.887207 0.7375 0.771875 0.275 0.45625
