0 0.00101662 0.31875 0.398438 0.18125 0.346875
0 0.00110626 0.820312 0.117188 0.184375 0.234375
0 0.00119305 0.810938 0.532812 0.159375 0.509375
0 0.00128365 0.075 0.360938 0.14375 0.646875
0 0.00135708 0.435937 0.573438 0.171875 0.521875
0 0.00137997 0.717188 0.0359375 0.221875 0.071875
0 0.00139999 0.467187 0.0328125 0.209375 0.065625
0 0.00154114 0.628125 0.325 0.15 0.3375
2 0.00158787 0.432813 0.0328125 0.259375 0.065625
0 0.00176716 0.084375 0.034375 0.15 0.06875
0 0.00191879 0.865625 0.828125 0.23125 0.34375
0 0.00195694 0.292188 0.059375 0.215625 0.11875
0 0.00201797 0.428125 0.059375 0.23125 0.11875
0 0.00205612 0.160938 0.44375 0.196875 0.55
0 0.00251007 0.06875 0.071875 0.13125 0.14375
2 0.00252151 0.621875 0.642187 0.33125 0.578125
0 0.00271606 0.03125 0.078125 0.0625 0.15625
0 0.00315094 0.25625 0.664062 0.2375 0.465625
0 0.00321007 0.0703125 0.576563 0.115625 0.659375
0 0.00352097 0.532812 0.120312 0.190625 0.228125
2 0.00373268 0.89375 0.851562 0.16875 0.296875
2 0.00375557 0.682813 0.123438 0.246875 0.246875
2 0.00384521 0.296875 0.034375 0.23125 0.0625
0 0.00429916 0.71875 0.525 0.2 0.3625
0 0.00444794 0.6875 0.373437 0.15625 0.353125
0 0.00492859 0.315625 0.179688 0.16875 0.321875
0 0.00559998 0.9625 0.2 0.06875 0.4
0 0.00586319 0.378125 0.171875 0.15625 0.31875
0 0.00733948 0.640625 0.475 0.24375 0.3375
0 0.00757599 0.573438 0.476562 0.196875 0.259375
1 0.0152817 0.698438 0.13125 0.234375 0.2625
0 0.0193634 0.771875 0.7625 0.3375 0.2875
0 0.0197449 0.945312 0.295312 0.109375 0.590625
2 0.0214539 0.914062 0.939062 0.159375 0.121875
0 0.0301971 0.428125 0.229687 0.15 0.390625
0 0.0517578 0.6625 0.24375 0.225 0.3875
0 0.0643921 0.54375 0.49375 0.225 0.45
0 0.0795288 0.942187 0.0859375 0.115625 0.171875
0 0.116638 0.532812 0.2375 0.209375 0.39375
0 0.221924 0.689062 0.626562 0.165625 0.396875
2 0.238647 0.764063 0.690625 0.303125 0.3375
2 0.281494 0.620313 0.86875 0.159375 0.25625
0 0.412842 0.7 0.13125 0.23125 0.2625
0 0.431396 0.773438 0.640625 0.215625 0.3125
0 0.57959 0.271875 0.265625 0.2 0.48125
0 0.584961 0.484375 0.35 0.20625 0.5625
1 0.65625 0.278125 0.271875 0.2125 0.5
0 0.793945 0.759375 0.385938 0.2125 0.415625
0 0.800293 0.575 0.634375 0.2125 0.575
2 0.875 0.746875 0.8125 0.45625 0.375
