0 0.00100517 0.3625 0.457812 0.275 0.534375
0 0.00118542 0.771875 0.529688 0.15625 0.390625
0 0.00121593 0.945312 0.0890625 0.109375 0.165625
0 0.00128555 0.807813 0.625 0.121875 0.54375
0 0.00133419 0.129688 0.565625 0.209375 0.7125
2 0.00193787 0.121875 0.01875 0.19375 0.0375
0 0.00213051 0.696875 0.517187 0.20625 0.334375
0 0.00257301 0.929688 0.325 0.140625 0.5625
0 0.00395966 0.434375 0.564062 0.21875 0.465625
0 0.00406265 0.0734375 0.584375 0.109375 0.61875
1 0.00438309 0.0703125 0.585938 0.096875 0.596875
0 0.00502014 0.965625 0.221875 0.06875 0.44375
1 0.034668 0.714063 0.65625 0.228125 0.6
0 0.918457 0.720312 0.657812 0.228125 0.603125
