0 0.00102806 0.128125 0.565625 0.20625 0.7125
1 0.00117397 0.826563 0.021875 0.184375 0.04375
2 0.00129986 0.121875 0.0171875 0.19375 0.034375
0 0.00135994 0.809375 0.628125 0.11875 0.56875
0 0.00142097 0.860937 0.239063 0.234375 0.465625
0 0.00142956 0.765625 0.535937 0.175 0.428125
0 0.00161743 0.929688 0.321875 0.140625 0.55
0 0.00195694 0.940625 0.09375 0.11875 0.16875
0 0.00213623 0.7125 0.179688 0.2375 0.334375
0 0.0022831 0.965625 0.228125 0.06875 0.45625
1 0.00303078 0.071875 0.584375 0.09375 0.6
0 0.00316429 0.0734375 0.582812 0.109375 0.628125
0 0.00394821 0.434375 0.5625 0.23125 0.46875
0 0.932129 0.726562 0.65 0.234375 0.63125
