2 0.0016489 0.267188 0.03125 0.196875 0.05
0 0.00169754 0.273438 0.25 0.209375 0.46875
1 0.00177193 0.078125 0.579687 0.1125 0.596875
2 0.00217438 0.132812 0.0203125 0.228125 0.040625
0 0.00230789 0.928125 0.053125 0.14375 0.0875
0 0.00247383 0.0796875 0.579687 0.128125 0.621875
0 0.00273323 0.714063 0.529688 0.140625 0.465625
0 0.0116806 0.570312 0.140625 0.178125 0.2625
0 0.0359497 0.940625 0.0921875 0.11875 0.184375
1 0.159058 0.64375 0.565625 0.2125 0.55
0 0.880371 0.64375 0.564062 0.21875 0.559375
