0 0.00105953 0.867188 0.135937 0.196875 0.271875
1 0.00114822 0.646875 0.495313 0.21875 0.340625
0 0.00122261 0.7375 0.242188 0.25 0.321875
1 0.00145054 0.93125 0.0953125 0.1375 0.190625
0 0.00153446 0.36875 0.301562 0.16875 0.184375
0 0.00168324 0.726562 0.3625 0.171875 0.14375
0 0.00180531 0.965625 0.182812 0.06875 0.365625
0 0.00240517 0.4875 0.2875 0.15 0.2125
0 0.00252151 0.653125 0.396875 0.19375 0.2125
2 0.00292397 0.979688 0.55 0.040625 0.45
0 0.00309563 0.203125 0.642187 0.175 0.640625
0 0.00314331 0.482812 0.671875 0.140625 0.46875
2 0.00321007 0.485938 0.765625 0.203125 0.46875
2 0.00333023 0.43125 0.945312 0.24375 0.096875
2 0.00344086 0.979688 0.740625 0.040625 0.51875
2 0.00374985 0.421875 0.548437 0.2125 0.371875
0 0.00378227 0.0375 0.370313 0.06875 0.628125
0 0.00379372 0.88125 0.065625 0.175 0.13125
0 0.00449753 0.04375 0.573438 0.08125 0.690625
2 0.004673 0.276563 0.71875 0.196875 0.54375
0 0.00634766 0.776563 0.414062 0.190625 0.271875
0 0.00708389 0.829687 0.384375 0.196875 0.40625
0 0.00773239 0.339063 0.346875 0.184375 0.15625
0 0.00995636 0.55 0.725 0.18125 0.5125
0 0.0103302 0.145313 0.559375 0.171875 0.63125
2 0.0131836 0.620313 0.896875 0.209375 0.20625
0 0.0157013 0.984375 0.548437 0.03125 0.440625
0 0.0214539 0.951563 0.6625 0.090625 0.51875
1 0.0238647 0.31875 0.4625 0.23125 0.38125
0 0.0266266 0.575 0.582812 0.18125 0.390625
0 0.0291443 0.075 0.367188 0.14375 0.703125
2 0.0351868 0.965625 0.664062 0.06875 0.528125
0 0.0443726 0.423438 0.546875 0.196875 0.375
2 0.0626221 0.284375 0.878125 0.1375 0.23125
1 0.0674438 0.978125 0.645312 0.04375 0.521875
0 0.0714722 0.721875 0.648438 0.23125 0.596875
0 0.0872803 0.94375 0.329688 0.1125 0.653125
0 0.141357 0.940625 0.101562 0.11875 0.203125
0 0.194702 0.379687 0.69375 0.240625 0.4375
0 0.210938 0.979688 0.664062 0.040625 0.534375
2 0.228027 0.41875 0.892187 0.3375 0.215625
0 0.234497 0.6375 0.525 0.2125 0.38125
0 0.322754 0.320312 0.459375 0.228125 0.375
1 0.466553 0.484375 0.39375 0.16875 0.425
0 0.584961 0.625 0.671875 0.2875 0.64375
0 0.594727 0.479688 0.40625 0.159375 0.4375
2 0.631348 0.60625 0.690625 0.275 0.61875
0 0.666016 0.28125 0.58125 0.1875 0.5125
2 0.707031 0.38125 0.7625 0.325 0.475
0 0.822266 0.785937 0.559375 0.171875 0.60625
