1 0.00102425 0.328125 0.478125 0.175 0.19375
0 0.00103664 0.676562 0.0984375 0.221875 0.196875
1 0.00107574 0.0890625 0.617188 0.140625 0.571875
0 0.00135326 0.775 0.746875 0.2125 0.46875
2 0.0016222 0.742188 0.68125 0.253125 0.60625
0 0.00177002 0.68125 0.028125 0.2125 0.05625
0 0.0019083 0.398438 0.73125 0.134375 0.5375
0 0.00244522 0.76875 0.525 0.175 0.4
0 0.00293732 0.0703125 0.0390625 0.140625 0.078125
2 0.0043602 0.251563 0.910937 0.215625 0.171875
0 0.00460815 0.695312 0.5 0.209375 0.325
0 0.00566101 0.23125 0.48125 0.1625 0.25625
0 0.00630188 0.0359375 0.0796875 0.071875 0.159375
1 0.00685883 0.632812 0.1625 0.228125 0.325
0 0.0112686 0.170312 0.665625 0.190625 0.55
0 0.0131149 0.323438 0.4875 0.190625 0.2375
2 0.0184174 0.345313 0.904688 0.240625 0.178125
1 0.0284119 0.4375 0.214062 0.175 0.396875
0 0.0350952 0.935938 0.0984375 0.128125 0.196875
1 0.119751 0.223438 0.164062 0.159375 0.296875
0 0.277832 0.33125 0.692187 0.2375 0.603125
0 0.373291 0.226562 0.1625 0.153125 0.29375
2 0.394531 0.3 0.684375 0.225 0.61875
2 0.418945 0.171875 0.670313 0.1875 0.634375
0 0.419678 0.634375 0.1625 0.20625 0.325
1 0.581543 0.33125 0.689062 0.2375 0.609375
1 0.682129 0.165625 0.645312 0.18125 0.584375
0 0.814941 0.442187 0.228125 0.178125 0.4125
0 0.921875 0.715625 0.670313 0.23125 0.659375
