0 0.00117397 0.260938 0.615625 0.209375 0.53125
0 0.00123024 0.140625 0.571875 0.21875 0.7125
2 0.00123215 0.125 0.01875 0.2 0.0375
1 0.00157452 0.075 0.589063 0.10625 0.596875
0 0.00192451 0.634375 0.585938 0.125 0.521875
0 0.0020256 0.767187 0.229687 0.290625 0.434375
0 0.00204659 0.945312 0.09375 0.109375 0.175
0 0.0022316 0.807813 0.626562 0.121875 0.571875
0 0.00233078 0.0765625 0.585938 0.115625 0.621875
0 0.00508118 0.775 0.521875 0.15625 0.40625
2 0.0140991 0.721875 0.673437 0.25625 0.578125
0 0.0208282 0.689062 0.492188 0.234375 0.303125
0 0.88916 0.707812 0.671875 0.265625 0.64375
