0 0.0010767 0.720312 0.226562 0.240625 0.390625
0 0.00110626 0.0453125 0.58125 0.078125 0.63125
1 0.00112343 0.825 0.021875 0.175 0.04375
0 0.00131512 0.809375 0.626562 0.11875 0.546875
0 0.00138187 0.94375 0.090625 0.1125 0.1625
2 0.0015707 0.121875 0.0171875 0.19375 0.034375
0 0.00172615 0.698438 0.517187 0.203125 0.334375
0 0.00225449 0.932813 0.323438 0.134375 0.559375
1 0.00282669 0.071875 0.585938 0.09375 0.596875
0 0.00351143 0.435937 0.5625 0.228125 0.46875
0 0.00421524 0.965625 0.226562 0.06875 0.453125
1 0.013237 0.715625 0.65625 0.23125 0.59375
0 0.921875 0.723437 0.659375 0.228125 0.60625
