2 0.00109196 0.467187 0.815625 0.246875 0.35625
0 0.00118065 0.7375 0.36875 0.2625 0.325
0 0.00122356 0.634375 0.534375 0.125 0.44375
1 0.00131416 0.075 0.584375 0.1 0.58125
1 0.00146389 0.18125 0.628125 0.1625 0.54375
0 0.00162792 0.2125 0.621875 0.1625 0.55625
0 0.00165176 0.0765625 0.584375 0.115625 0.6
0 0.00173855 0.678125 0.440625 0.2 0.2125
0 0.00217628 0.378125 0.50625 0.23125 0.5125
0 0.00245667 0.810938 0.529688 0.134375 0.553125
2 0.00277901 0.126563 0.01875 0.203125 0.0375
0 0.00278854 0.854688 0.328125 0.240625 0.55
0 0.00302315 0.771875 0.2375 0.28125 0.425
0 0.00939941 0.946875 0.0953125 0.10625 0.184375
0 0.0138321 0.764063 0.625 0.165625 0.525
0 0.891113 0.695312 0.63125 0.246875 0.6
