2 0.00101948 0.482812 0.490625 0.228125 0.20625
1 0.00125694 0.498437 0.657812 0.278125 0.565625
2 0.00162697 0.384375 0.676562 0.11875 0.465625
2 0.0018158 0.964063 0.11875 0.071875 0.2375
2 0.00201797 0.125 0.01875 0.19375 0.0375
0 0.00207329 0.578125 0.164062 0.11875 0.221875
0 0.00222778 0.121875 0.573438 0.2125 0.665625
0 0.00262451 0.829687 0.334375 0.221875 0.5375
0 0.00453568 0.948438 0.1 0.103125 0.18125
1 0.0180511 0.484375 0.503125 0.225 0.21875
2 0.885254 0.482812 0.692187 0.284375 0.603125
