0 0.00100231 0.521875 0.70625 0.15 0.45
0 0.00103188 0.673437 0.034375 0.209375 0.06875
2 0.00127506 0.24375 0.9 0.225 0.2
0 0.00140953 0.192188 0.059375 0.196875 0.11875
2 0.00152588 0.0765625 0.845312 0.153125 0.309375
0 0.0017271 0.165625 0.475 0.19375 0.56875
0 0.00206757 0.298438 0.459375 0.178125 0.30625
0 0.00207329 0.739062 0.642187 0.165625 0.478125
1 0.00235176 0.765625 0.473437 0.21875 0.334375
0 0.00278854 0.339063 0.679688 0.128125 0.640625
0 0.00356293 0.3875 0.526563 0.2 0.246875
0 0.00482178 0.867188 0.64375 0.178125 0.43125
0 0.00492477 0.0765625 0.117188 0.140625 0.228125
0 0.00575638 0.071875 0.046875 0.14375 0.09375
2 0.00652313 0.207813 0.696875 0.240625 0.60625
0 0.00831604 0.0859375 0.565625 0.159375 0.7
0 0.00911713 0.25 0.13125 0.19375 0.24375
2 0.00947571 0.8125 0.710938 0.275 0.540625
1 0.0115128 0.271875 0.189063 0.225 0.359375
0 0.012619 0.9375 0.1 0.125 0.1875
0 0.0328064 0.0390625 0.084375 0.078125 0.16875
0 0.037384 0.109375 0.332812 0.16875 0.515625
0 0.051178 0.670313 0.134375 0.203125 0.26875
0 0.052124 0.2625 0.38125 0.2125 0.26875
0 0.0908203 0.715625 0.407813 0.18125 0.409375
0 0.0950317 0.49375 0.39375 0.2125 0.275
0 0.379395 0.526563 0.165625 0.203125 0.31875
0 0.381592 0.76875 0.475 0.2125 0.3375
2 0.530762 0.415625 0.701563 0.25625 0.596875
0 0.693848 0.28125 0.217187 0.2125 0.396875
0 0.71875 0.4125 0.7 0.24375 0.6
0 0.769531 0.507812 0.55625 0.196875 0.61875
0 0.785156 0.8 0.707812 0.275 0.584375
0 0.81543 0.653125 0.4 0.16875 0.55
0 0.876465 0.21875 0.65 0.225 0.675
