0 0.00100136 0.115625 0.0296875 0.18125 0.059375
0 0.0010519 0.940625 0.321875 0.11875 0.575
1 0.00111103 0.351562 0.33125 0.234375 0.55
0 0.00118923 0.723437 0.471875 0.128125 0.55625
0 0.00127697 0.426562 0.046875 0.203125 0.09375
0 0.00129223 0.273438 0.090625 0.171875 0.1625
0 0.00141525 0.960938 0.132812 0.078125 0.265625
0 0.00151443 0.582812 0.475 0.165625 0.49375
0 0.00153542 0.54375 0.26875 0.1625 0.4
0 0.001791 0.071875 0.576563 0.11875 0.646875
0 0.00233078 0.195312 0.0625 0.153125 0.11875
2 0.00242233 0.403125 0.11875 0.21875 0.2375
2 0.00246811 0.259375 0.721875 0.2625 0.39375
0 0.00314903 0.339063 0.115625 0.159375 0.20625
0 0.00321579 0.817187 0.290625 0.171875 0.1875
0 0.00352287 0.471875 0.11875 0.1625 0.2375
1 0.00374985 0.615625 0.271875 0.24375 0.375
1 0.00601196 0.675 0.154687 0.2 0.309375
0 0.00614166 0.725 0.60625 0.2125 0.6125
0 0.00621796 0.264062 0.703125 0.265625 0.375
0 0.00673676 0.675 0.0328125 0.1875 0.065625
0 0.00777817 0.9375 0.078125 0.125 0.15625
1 0.00778961 0.390625 0.139062 0.21875 0.271875
0 0.00778961 0.0703125 0.040625 0.140625 0.08125
0 0.0119324 0.967188 0.28125 0.059375 0.5625
0 0.0125198 0.675 0.084375 0.175 0.16875
0 0.0125275 0.232812 0.129688 0.159375 0.228125
0 0.0220184 0.034375 0.0765625 0.06875 0.153125
0 0.0221863 0.71875 0.235938 0.1875 0.321875
1 0.0372925 0.242188 0.25 0.178125 0.45
0 0.200439 0.3 0.295312 0.19375 0.540625
0 0.291748 0.560938 0.142188 0.196875 0.284375
0 0.38208 0.678125 0.170312 0.14375 0.321875
0 0.496094 0.390625 0.1375 0.20625 0.26875
0 0.574707 0.592188 0.335938 0.203125 0.403125
0 0.644531 0.242188 0.242188 0.171875 0.428125
0 0.880859 0.348437 0.38125 0.184375 0.53125
0 0.892578 0.821875 0.523438 0.23125 0.628125
0 0.935547 0.632812 0.642187 0.215625 0.640625
