0 0.00105762 0.276563 0.567187 0.228125 0.590625
0 0.00109482 0.929688 0.0515625 0.140625 0.084375
0 0.00129986 0.964063 0.0625 0.071875 0.11875
1 0.00157261 0.0734375 0.582812 0.115625 0.603125
0 0.0017128 0.9625 0.165625 0.075 0.33125
0 0.00204277 0.596875 0.578125 0.25 0.46875
0 0.00329018 0.0765625 0.578125 0.128125 0.625
2 0.00333786 0.49375 0.770312 0.125 0.459375
0 0.00406265 0.49375 0.76875 0.1375 0.4625
1 0.00693893 0.607813 0.445312 0.215625 0.378125
0 0.0122299 0.817187 0.457812 0.178125 0.559375
0 0.0232849 0.94375 0.09375 0.1125 0.175
0 0.0447693 0.721875 0.621875 0.14375 0.53125
0 0.232178 0.60625 0.734375 0.30625 0.51875
0 0.70166 0.5875 0.457812 0.2 0.328125
2 0.786621 0.604688 0.720312 0.309375 0.546875
0 0.873535 0.723437 0.429688 0.178125 0.503125
