2 0.00118828 0.384375 0.670313 0.28125 0.259375
0 0.00119495 0.91875 0.334375 0.1625 0.55
0 0.00143433 0.884375 0.0578125 0.18125 0.115625
0 0.00202179 0.59375 0.690625 0.1625 0.49375
2 0.00236511 0.960938 0.871875 0.078125 0.225
0 0.00254822 0.514063 0.782812 0.209375 0.434375
2 0.00270081 0.890625 0.834375 0.15625 0.3125
0 0.0028038 0.857813 0.2375 0.228125 0.45
0 0.00288773 0.66875 0.776563 0.15 0.421875
0 0.00305748 0.0765625 0.578125 0.128125 0.69375
0 0.00416565 0.767187 0.635938 0.246875 0.246875
0 0.00775146 0.414062 0.635938 0.259375 0.184375
2 0.0103302 0.276563 0.851562 0.121875 0.284375
0 0.0110397 0.717188 0.385938 0.209375 0.128125
2 0.0128174 0.621875 0.78125 0.1125 0.4375
0 0.0134583 0.696875 0.665625 0.25625 0.56875
2 0.0235443 0.323438 0.779688 0.190625 0.428125
1 0.0245209 0.709375 0.53125 0.23125 0.4125
0 0.0274811 0.86875 0.734375 0.16875 0.44375
0 0.0448303 0.939062 0.096875 0.121875 0.19375
2 0.072937 0.585938 0.828125 0.121875 0.3375
0 0.145386 0.771875 0.478125 0.16875 0.31875
0 0.208862 0.773438 0.74375 0.303125 0.45
0 0.663086 0.69375 0.528125 0.19375 0.3875
2 0.911133 0.764063 0.764063 0.340625 0.453125
2 0.916992 0.41875 0.773438 0.4125 0.453125
