0 0.00116825 0.834375 0.571875 0.18125 0.44375
2 0.00120163 0.626562 0.489062 0.209375 0.196875
1 0.00120163 0.628125 0.5375 0.25625 0.3
2 0.00122929 0.48125 0.801562 0.16875 0.396875
2 0.00123119 0.964063 0.121875 0.071875 0.24375
0 0.00124168 0.696875 0.489062 0.20625 0.334375
0 0.00144672 0.975 0.1 0.05 0.1875
0 0.00149536 0.335938 0.526563 0.221875 0.490625
0 0.00162888 0.453125 0.551562 0.1875 0.409375
0 0.00181007 0.25 0.559375 0.25625 0.6625
0 0.00188637 0.539062 0.726562 0.190625 0.528125
1 0.00195122 0.115625 0.589063 0.18125 0.553125
2 0.00220108 0.129688 0.01875 0.203125 0.0375
2 0.00258636 0.534375 0.75 0.19375 0.5
0 0.00303459 0.407813 0.471875 0.196875 0.40625
0 0.00328827 0.11875 0.585938 0.1875 0.565625
2 0.00400925 0.765625 0.721875 0.21875 0.4375
0 0.00511169 0.59375 0.507812 0.20625 0.228125
1 0.0170135 0.634375 0.6875 0.26875 0.5375
0 0.0226746 0.771875 0.665625 0.19375 0.35625
0 0.0731201 0.645312 0.701563 0.240625 0.571875
2 0.75 0.635938 0.695312 0.303125 0.609375
