0 0.00102329 0.582812 0.164062 0.128125 0.240625
1 0.0010376 0.271875 0.025 0.1875 0.05
0 0.0010891 0.475 0.476562 0.1625 0.378125
0 0.00113678 0.04375 0.585938 0.075 0.634375
0 0.00122356 0.364062 0.135937 0.134375 0.265625
1 0.0013504 0.4875 0.564062 0.2125 0.434375
1 0.00143337 0.409375 0.117188 0.14375 0.221875
2 0.00144672 0.2375 0.025 0.1875 0.05
1 0.00150871 0.110937 0.34375 0.184375 0.5875
0 0.00154781 0.310937 0.164062 0.159375 0.309375
1 0.00161457 0.817187 0.26875 0.228125 0.51875
1 0.00165176 0.790625 0.0265625 0.18125 0.053125
1 0.00255203 0.364062 0.135937 0.128125 0.265625
2 0.00285149 0.959375 0.0921875 0.08125 0.178125
1 0.00297165 0.0703125 0.584375 0.103125 0.63125
0 0.00316048 0.95 0.0859375 0.1 0.165625
0 0.00697327 0.523438 0.567187 0.209375 0.428125
1 0.880859 0.303125 0.171875 0.1625 0.31875
