1 0.00111866 0.467187 0.290625 0.365625 0.54375
2 0.00113106 0.0796875 0.0390625 0.134375 0.078125
0 0.00121117 0.0828125 0.034375 0.146875 0.06875
2 0.0015831 0.0625 0.071875 0.11875 0.14375
1 0.00183582 0.114063 0.35 0.196875 0.6
1 0.00204277 0.765625 0.328125 0.25 0.575
0 0.0020752 0.95 0.0984375 0.1 0.178125
1 0.00230598 0.517187 0.6625 0.153125 0.275
0 0.00235558 0.075 0.573438 0.11875 0.678125
2 0.00239372 0.50625 0.673437 0.2125 0.371875
0 0.00303268 0.114063 0.435937 0.203125 0.696875
0 0.00308609 0.765625 0.325 0.21875 0.5375
2 0.00531387 0.3375 0.28125 0.20625 0.48125
0 0.00550079 0.4875 0.670313 0.1625 0.240625
0 0.00629044 0.0328125 0.078125 0.065625 0.15625
1 0.907715 0.332812 0.278125 0.196875 0.475
1 0.916016 0.509375 0.296875 0.18125 0.48125
