0 0.00100231 0.585938 0.1625 0.128125 0.2625
2 0.0010128 0.960938 0.120312 0.078125 0.240625
2 0.0011282 0.470313 0.810938 0.184375 0.378125
2 0.00114727 0.078125 0.639063 0.13125 0.415625
1 0.00120544 0.83125 0.28125 0.225 0.525
0 0.00286865 0.445312 0.464063 0.246875 0.409375
2 0.00292778 0.123438 0.01875 0.190625 0.0375
0 0.00336075 0.0765625 0.696875 0.134375 0.46875
0 0.00404358 0.0375 0.692187 0.075 0.440625
2 0.00431061 0.159375 0.579687 0.21875 0.234375
2 0.0126877 0.128125 0.953125 0.175 0.0875
0 0.0128098 0.160938 0.584375 0.228125 0.24375
0 0.013443 0.146875 0.726562 0.24375 0.509375
2 0.0157471 0.0359375 0.723437 0.071875 0.509375
2 0.884277 0.14375 0.728125 0.25625 0.54375
