0 0.00101662 0.0296875 0.08125 0.059375 0.1625
0 0.00104427 0.385938 0.529688 0.128125 0.446875
2 0.00105667 0.473437 0.735937 0.240625 0.528125
2 0.00110245 0.909375 0.9625 0.18125 0.075
2 0.0013752 0.91875 0.928125 0.1375 0.1375
0 0.00138378 0.835938 0.821875 0.246875 0.35625
0 0.00144482 0.960938 0.551562 0.071875 0.365625
0 0.00158596 0.514063 0.245312 0.165625 0.184375
0 0.0016098 0.148438 0.582812 0.178125 0.621875
0 0.00195885 0.851562 0.170312 0.234375 0.334375
0 0.0019722 0.59375 0.457812 0.18125 0.346875
0 0.00220108 0.640625 0.792188 0.13125 0.378125
2 0.00240135 0.465625 0.959375 0.20625 0.075
0 0.00243378 0.795313 0.435937 0.184375 0.259375
2 0.00293922 0.51875 0.9375 0.2375 0.11875
0 0.00304031 0.967188 0.1875 0.065625 0.375
0 0.00352669 0.564062 0.365625 0.178125 0.28125
0 0.00380325 0.804688 0.58125 0.228125 0.375
1 0.00421906 0.0625 0.217187 0.125 0.371875
0 0.00424576 0.632812 0.576563 0.184375 0.396875
2 0.00447083 0.9625 0.91875 0.075 0.15625
0 0.00506973 0.0328125 0.31875 0.065625 0.4125
2 0.00528717 0.857813 0.91875 0.215625 0.15625
0 0.00566483 0.434375 0.364062 0.15 0.259375
0 0.00609589 0.775 0.240625 0.26875 0.45
0 0.00610352 0.1 0.3875 0.15625 0.53125
0 0.00632477 0.720312 0.68125 0.228125 0.25
2 0.00674438 0.978125 0.746875 0.04375 0.50625
0 0.00962067 0.923437 0.595312 0.146875 0.446875
1 0.0124207 0.5 0.360938 0.2625 0.340625
0 0.0137253 0.320312 0.379687 0.153125 0.303125
2 0.0138931 0.065625 0.907812 0.13125 0.178125
0 0.0140533 0.939062 0.103125 0.121875 0.20625
0 0.0152283 0.948438 0.270312 0.103125 0.521875
0 0.0153275 0.510938 0.623438 0.153125 0.571875
0 0.022995 0.384375 0.145313 0.175 0.221875
0 0.02565 0.857813 0.43125 0.190625 0.175
2 0.0296173 0.451562 0.909375 0.215625 0.18125
0 0.0418091 0.05 0.217187 0.1 0.371875
1 0.0588074 0.370313 0.240625 0.184375 0.4
0 0.105408 0.975 0.682813 0.05 0.540625
0 0.109863 0.859375 0.498437 0.24375 0.290625
0 0.112183 0.49375 0.335938 0.21875 0.271875
0 0.146362 0.0640625 0.484375 0.121875 0.49375
2 0.158813 0.8625 0.695312 0.275 0.584375
2 0.224731 0.826563 0.853125 0.296875 0.29375
2 0.250977 0.071875 0.701563 0.14375 0.584375
0 0.545898 0.71875 0.792188 0.28125 0.409375
0 0.676758 0.376563 0.253125 0.159375 0.39375
0 0.724121 0.5125 0.446875 0.2375 0.53125
0 0.753906 0.078125 0.65625 0.15625 0.6875
0 0.783691 0.870313 0.671875 0.253125 0.61875
2 0.800293 0.732813 0.798437 0.321875 0.403125
0 0.827148 0.284375 0.595312 0.19375 0.634375
0 0.891602 0.442187 0.670313 0.215625 0.653125
