2 0.00113201 0.240625 0.882812 0.2125 0.159375
2 0.00151062 0.532812 0.801562 0.240625 0.396875
1 0.00162983 0.951563 0.096875 0.090625 0.18125
2 0.00176334 0.125 0.01875 0.19375 0.0375
2 0.00195026 0.304688 0.870313 0.134375 0.165625
0 0.00216484 0.95 0.0984375 0.1 0.178125
2 0.00216675 0.9625 0.0984375 0.075 0.196875
0 0.0044632 0.075 0.621875 0.1375 0.59375
0 0.00970459 0.48125 0.56875 0.225 0.46875
2 0.0202026 0.173438 0.870313 0.171875 0.171875
0 0.0224304 0.240625 0.684375 0.21875 0.55625
2 0.0386963 0.234375 0.690625 0.2375 0.55
1 0.794434 0.23125 0.678125 0.21875 0.55625
