2 0.00134182 0.917188 0.875 0.115625 0.2375
0 0.00136566 0.825 0.23125 0.21875 0.4625
0 0.00144005 0.935938 0.09375 0.128125 0.175
0 0.00152493 0.08125 0.226562 0.1625 0.384375
0 0.00161457 0.539062 0.573438 0.146875 0.553125
0 0.00180435 0.79375 0.634375 0.125 0.60625
2 0.0025177 0.957812 0.871875 0.071875 0.24375
2 0.00270081 0.870313 0.898438 0.171875 0.203125
0 0.00300789 0.0421875 0.548437 0.078125 0.534375
2 0.00308228 0.3625 0.842188 0.25 0.253125
0 0.00321579 0.923437 0.53125 0.140625 0.35625
0 0.0035305 0.0390625 0.382812 0.071875 0.228125
0 0.00505066 0.632812 0.0890625 0.190625 0.178125
0 0.00554276 0.940625 0.265625 0.11875 0.4875
0 0.00580978 0.971875 0.682813 0.05625 0.559375
0 0.00789642 0.6375 0.03125 0.2 0.0625
0 0.01474 0.0859375 0.379687 0.153125 0.215625
0 0.0196991 0.11875 0.4375 0.1875 0.4125
0 0.0218811 0.576563 0.264062 0.190625 0.459375
0 0.0220795 0.73125 0.226562 0.2125 0.453125
1 0.0479126 0.628125 0.19375 0.19375 0.3875
0 0.0621948 0.859375 0.492188 0.23125 0.253125
1 0.110474 0.359375 0.657812 0.19375 0.559375
2 0.11377 0.860937 0.6875 0.253125 0.6125
1 0.188354 0.101562 0.623438 0.196875 0.590625
0 0.587891 0.548437 0.395312 0.178125 0.434375
0 0.713867 0.623438 0.19375 0.178125 0.3875
0 0.77832 0.0984375 0.6125 0.190625 0.60625
0 0.829102 0.459375 0.26875 0.16875 0.46875
0 0.868652 0.364062 0.660937 0.196875 0.565625
0 0.883789 0.859375 0.684375 0.25 0.63125
0 0.911133 0.628125 0.607813 0.2 0.546875
