0 0.00133133 0.845312 0.346875 0.234375 0.55
0 0.00150871 0.760938 0.254687 0.240625 0.471875
2 0.00152493 0.0890625 0.646875 0.096875 0.53125
0 0.00155735 0.58125 0.517187 0.2125 0.190625
2 0.0017004 0.159375 0.542188 0.2 0.271875
0 0.00174522 0.528125 0.64375 0.13125 0.4625
2 0.00174904 0.15 0.896875 0.18125 0.20625
1 0.00206566 0.15 0.517187 0.2125 0.209375
0 0.0023613 0.665625 0.58125 0.16875 0.3625
2 0.00245094 0.126563 0.0171875 0.196875 0.034375
0 0.00458527 0.945312 0.0953125 0.109375 0.171875
1 0.00693893 0.115625 0.239063 0.20625 0.478125
1 0.00774765 0.148438 0.7125 0.240625 0.5375
0 0.22229 0.6 0.714063 0.28125 0.559375
2 0.811035 0.596875 0.709375 0.26875 0.575
2 0.904785 0.15625 0.701563 0.2375 0.596875
