0 0.00134468 0.75 0.734375 0.10625 0.53125
2 0.00142097 0.0296875 0.85 0.059375 0.3
0 0.00179768 0.928125 0.125 0.14375 0.25
2 0.00196648 0.126563 0.0171875 0.196875 0.034375
2 0.0020256 0.953125 0.94375 0.08125 0.1125
0 0.00206757 0.484375 0.573438 0.21875 0.453125
2 0.00227737 0.0328125 0.554688 0.059375 0.440625
1 0.00351143 0.046875 0.545313 0.075 0.478125
2 0.00675201 0.89375 0.826563 0.2125 0.346875
2 0.00795746 0.115625 0.73125 0.1625 0.5
2 0.00810242 0.865625 0.9125 0.24375 0.175
0 0.0158386 0.826563 0.539062 0.196875 0.215625
0 0.0180969 0.967188 0.7375 0.065625 0.4625
2 0.0186157 0.960938 0.8625 0.078125 0.275
0 0.0301971 0.93125 0.725 0.1375 0.4875
1 0.0392151 0.378125 0.114063 0.1625 0.203125
2 0.0487366 0.925 0.926562 0.15 0.140625
2 0.0551453 0.973437 0.770312 0.053125 0.440625
0 0.0963135 0.375 0.101562 0.15625 0.184375
0 0.127441 0.845312 0.721875 0.290625 0.54375
2 0.736328 0.0390625 0.720312 0.078125 0.471875
2 0.858887 0.848437 0.725 0.290625 0.55
