1 0.00100136 0.815625 0.0234375 0.1625 0.046875
0 0.00101185 0.840625 0.339063 0.24375 0.603125
2 0.00101185 0.125 0.01875 0.1875 0.0375
2 0.00142479 0.053125 0.598437 0.0875 0.315625
0 0.00169277 0.528125 0.565625 0.20625 0.44375
1 0.00176525 0.829687 0.273438 0.228125 0.521875
2 0.00214958 0.959375 0.096875 0.08125 0.19375
1 0.00403595 0.0484375 0.7 0.084375 0.46875
1 0.00563049 0.948438 0.0953125 0.096875 0.184375
0 0.00705719 0.946875 0.096875 0.10625 0.18125
2 0.00725937 0.485938 0.678125 0.215625 0.24375
2 0.0146027 0.0953125 0.728125 0.146875 0.50625
2 0.0435791 0.0234375 0.90625 0.046875 0.175
2 0.497314 0.040625 0.725 0.08125 0.5125
