0 0.0011425 0.790625 0.65 0.16875 0.5125
0 0.0012188 0.107813 0.345313 0.159375 0.453125
0 0.00129318 0.435937 0.232812 0.171875 0.296875
0 0.00136757 0.876562 0.228125 0.184375 0.45625
0 0.00137806 0.460938 0.435937 0.153125 0.328125
0 0.0013876 0.746875 0.551562 0.15 0.465625
0 0.00143719 0.340625 0.58125 0.125 0.5375
0 0.00150871 0.41875 0.34375 0.175 0.125
2 0.00192356 0.0328125 0.695312 0.059375 0.303125
2 0.00216675 0.0859375 0.948438 0.165625 0.096875
2 0.00235176 0.0890625 0.701563 0.165625 0.246875
0 0.0025444 0.25625 0.54375 0.15 0.35
0 0.00277519 0.96875 0.257812 0.0625 0.428125
2 0.002985 0.264062 0.915625 0.159375 0.15625
0 0.00311661 0.223438 0.485938 0.146875 0.196875
0 0.00352859 0.360938 0.7 0.190625 0.5375
2 0.00355721 0.9125 0.951563 0.16875 0.090625
2 0.00379372 0.170312 0.964063 0.215625 0.065625
0 0.00380135 0.0359375 0.79375 0.071875 0.35625
2 0.00387001 0.292188 0.864062 0.184375 0.271875
2 0.00442886 0.960938 0.951563 0.071875 0.096875
0 0.00469589 0.36875 0.203125 0.175 0.3
0 0.00528336 0.584375 0.425 0.175 0.50625
0 0.00615692 0.9625 0.44375 0.0625 0.2375
0 0.00719452 0.576563 0.1 0.165625 0.1875
1 0.00752258 0.373437 0.134375 0.165625 0.25
0 0.00892639 0.395312 0.39375 0.196875 0.2375
1 0.0115738 0.4 0.596875 0.2125 0.59375
1 0.0122299 0.214062 0.629687 0.171875 0.528125
0 0.0146103 0.960938 0.640625 0.078125 0.4
2 0.0147247 0.040625 0.915625 0.075 0.16875
2 0.0185699 0.0390625 0.81875 0.078125 0.3625
0 0.0200043 0.8875 0.425 0.15625 0.16875
2 0.0240326 0.842188 0.875 0.146875 0.2375
0 0.0288849 0.942187 0.101562 0.115625 0.196875
0 0.0388794 0.915625 0.740625 0.16875 0.46875
0 0.0423584 0.971875 0.526563 0.05625 0.346875
2 0.0505371 0.915625 0.682813 0.16875 0.484375
0 0.128174 0.103125 0.796875 0.2 0.375
2 0.153809 0.115625 0.914062 0.21875 0.165625
2 0.159546 0.242188 0.80625 0.190625 0.3875
0 0.329834 0.378125 0.125 0.1375 0.23125
2 0.731934 0.114063 0.815625 0.228125 0.36875
0 0.75 0.565625 0.217187 0.14375 0.384375
0 0.782227 0.582812 0.6375 0.196875 0.54375
2 0.786621 0.885938 0.826563 0.221875 0.334375
0 0.789551 0.8875 0.58125 0.2 0.475
0 0.813477 0.235938 0.684375 0.184375 0.6
0 0.862793 0.648438 0.359375 0.178125 0.51875
0 0.883789 0.40625 0.584375 0.2 0.5875
