1 0.00118065 0.139062 0.26875 0.240625 0.5375
2 0.00120354 0.0640625 0.69375 0.121875 0.4875
0 0.00123882 0.715625 0.442187 0.18125 0.184375
2 0.00128174 0.11875 0.954687 0.18125 0.090625
2 0.00135708 0.596875 0.909375 0.14375 0.175
1 0.00138283 0.107813 0.595312 0.190625 0.253125
2 0.00145149 0.34375 0.86875 0.11875 0.25625
1 0.00151539 0.160938 0.535937 0.228125 0.165625
2 0.00180912 0.273438 0.759375 0.178125 0.45
0 0.00215721 0.426562 0.470313 0.215625 0.378125
2 0.00263977 0.565625 0.782812 0.225 0.434375
2 0.00401306 0.129688 0.576563 0.240625 0.221875
0 0.0042038 0.779688 0.695312 0.271875 0.259375
2 0.00431824 0.121875 0.01875 0.2 0.0375
0 0.00589371 0.78125 0.426562 0.18125 0.171875
0 0.00672913 0.892187 0.7875 0.165625 0.425
0 0.00734329 0.265625 0.735937 0.2 0.490625
0 0.0074234 0.94375 0.0984375 0.1125 0.184375
2 0.00830841 0.917188 0.84375 0.146875 0.3125
2 0.00902557 0.732813 0.670313 0.278125 0.503125
2 0.00926971 0.935938 0.914062 0.128125 0.165625
2 0.0110168 0.310937 0.820312 0.109375 0.346875
2 0.0456238 0.965625 0.884375 0.06875 0.23125
2 0.0508728 0.0390625 0.765625 0.078125 0.44375
2 0.286621 0.628125 0.865625 0.14375 0.2625
0 0.665039 0.823438 0.546875 0.171875 0.38125
0 0.718262 0.695312 0.584375 0.184375 0.43125
2 0.878906 0.771875 0.803125 0.4125 0.38125
2 0.893066 0.178125 0.732813 0.34375 0.528125
