0 0.00108051 0.717188 0.392188 0.171875 0.353125
0 0.00109768 0.670313 0.028125 0.215625 0.05625
0 0.00209045 0.071875 0.58125 0.10625 0.65625
1 0.00243187 0.68125 0.560938 0.21875 0.571875
1 0.00820923 0.584375 0.157813 0.18125 0.296875
0 0.00940704 0.942187 0.101562 0.115625 0.190625
1 0.0249023 0.345313 0.1375 0.159375 0.25
1 0.0601807 0.673437 0.157813 0.209375 0.303125
0 0.204346 0.375 0.129688 0.14375 0.259375
0 0.313232 0.279687 0.275 0.178125 0.45625
0 0.342041 0.575 0.154687 0.14375 0.253125
0 0.556152 0.673437 0.153125 0.203125 0.3
1 0.818359 0.275 0.279687 0.18125 0.453125
0 0.848145 0.68125 0.540625 0.20625 0.54375
