0 0.00108051 0.421875 0.075 0.18125 0.15
1 0.00113106 0.0734375 0.578125 0.109375 0.64375
2 0.00132465 0.242188 0.898438 0.128125 0.178125
2 0.00136948 0.0671875 0.0734375 0.121875 0.146875
0 0.00139046 0.4125 0.779688 0.36875 0.434375
0 0.0014286 0.754687 0.540625 0.134375 0.3625
0 0.00144958 0.140625 0.471875 0.2375 0.7875
0 0.00146294 0.573438 0.040625 0.203125 0.08125
0 0.00193882 0.532812 0.629687 0.128125 0.365625
0 0.00198174 0.679688 0.03125 0.209375 0.0625
1 0.00212288 0.30625 0.173438 0.19375 0.321875
0 0.00225639 0.509375 0.028125 0.18125 0.05625
2 0.00235176 0.948438 0.948438 0.090625 0.096875
0 0.00269508 0.235938 0.215625 0.121875 0.38125
0 0.0028038 0.028125 0.0796875 0.05625 0.159375
2 0.00280762 0.665625 0.926562 0.15 0.140625
2 0.00285721 0.323438 0.782812 0.215625 0.396875
0 0.0034523 0.426562 0.0328125 0.184375 0.065625
0 0.00350189 0.9625 0.407813 0.075 0.203125
0 0.00356483 0.85 0.628125 0.15 0.5
0 0.00402832 0.309375 0.0296875 0.1875 0.059375
0 0.00569153 0.276563 0.115625 0.184375 0.21875
0 0.00640869 0.3 0.207813 0.1625 0.365625
0 0.00685501 0.0765625 0.575 0.121875 0.7
0 0.00932312 0.584375 0.6375 0.16875 0.44375
2 0.0104904 0.915625 0.515625 0.16875 0.29375
0 0.0106049 0.640625 0.476562 0.21875 0.190625
2 0.0126801 0.417188 0.642187 0.240625 0.190625
0 0.0128403 0.951563 0.632812 0.096875 0.509375
0 0.013649 0.670313 0.132812 0.184375 0.265625
0 0.0143814 0.928125 0.267188 0.14375 0.440625
1 0.0168457 0.915625 0.579687 0.16875 0.390625
0 0.0170135 0.276563 0.05625 0.190625 0.10625
0 0.0208893 0.946875 0.109375 0.10625 0.21875
2 0.0211334 0.923437 0.904688 0.146875 0.190625
0 0.022171 0.41875 0.64375 0.23125 0.19375
0 0.0240936 0.929688 0.451562 0.134375 0.178125
1 0.0553894 0.578125 0.14375 0.1875 0.2875
0 0.0609436 0.698438 0.489062 0.203125 0.259375
0 0.0714722 0.890625 0.728125 0.19375 0.5375
2 0.208008 0.278125 0.8625 0.18125 0.2625
0 0.345459 0.723437 0.626562 0.153125 0.503125
2 0.422363 0.640625 0.692187 0.28125 0.565625
1 0.470703 0.375 0.196875 0.18125 0.3625
0 0.583496 0.584375 0.148438 0.16875 0.290625
0 0.633789 0.91875 0.539062 0.1625 0.321875
0 0.730957 0.378125 0.198437 0.175 0.371875
0 0.768066 0.640625 0.69375 0.28125 0.6125
2 0.786133 0.907812 0.71875 0.184375 0.5625
2 0.888672 0.40625 0.771875 0.425 0.44375
