0 0.00105858 0.932813 0.0546875 0.128125 0.090625
1 0.00143337 0.91875 0.360938 0.1625 0.590625
1 0.00203323 0.428125 0.357812 0.3375 0.653125
1 0.00244331 0.81875 0.0234375 0.1625 0.046875
0 0.00328064 0.0359375 0.582812 0.065625 0.609375
0 0.00333405 0.901563 0.432813 0.190625 0.653125
0 0.00376511 0.203125 0.667188 0.25 0.465625
1 0.0038681 0.404687 0.175 0.134375 0.23125
1 0.00387383 0.06875 0.584375 0.1125 0.63125
0 0.00390434 0.767187 0.29375 0.221875 0.49375
1 0.00708389 0.103125 0.357812 0.175 0.609375
0 0.010025 0.840625 0.346875 0.23125 0.60625
1 0.0111771 0.767187 0.35 0.221875 0.55625
0 0.0134277 0.0703125 0.579687 0.121875 0.671875
0 0.0281067 0.940625 0.101562 0.11875 0.190625
1 0.0287933 0.94375 0.1 0.1125 0.19375
1 0.931641 0.514063 0.379687 0.171875 0.478125
1 0.936523 0.367188 0.348437 0.184375 0.515625
