1 0.00105762 0.829687 0.021875 0.159375 0.04375
0 0.00115871 0.154687 0.645312 0.221875 0.671875
2 0.00140285 0.201562 0.917188 0.109375 0.146875
2 0.00161171 0.954687 0.11875 0.090625 0.2375
1 0.00164986 0.809375 0.348437 0.26875 0.690625
2 0.00172806 0.234375 0.95 0.13125 0.08125
2 0.00183296 0.120312 0.01875 0.184375 0.0375
2 0.00191975 0.703125 0.945312 0.21875 0.103125
0 0.00197029 0.892187 0.5375 0.190625 0.65
1 0.0023098 0.95 0.0953125 0.1 0.178125
0 0.00236511 0.946875 0.096875 0.10625 0.175
1 0.0028019 0.075 0.590625 0.11875 0.61875
0 0.002882 0.432813 0.575 0.209375 0.5375
2 0.00398636 0.3875 0.829687 0.54375 0.340625
2 0.00445175 0.576563 0.75 0.234375 0.2
0 0.00827789 0.078125 0.5875 0.13125 0.65
2 0.0171509 0.460938 0.8625 0.203125 0.275
0 0.0186462 0.7625 0.309375 0.25 0.61875
2 0.0211487 0.245312 0.892187 0.165625 0.209375
2 0.870605 0.601562 0.83125 0.378125 0.3375
2 0.882324 0.31875 0.8625 0.3 0.2625
