0 0.00127411 0.846875 0.164062 0.19375 0.328125
1 0.00187111 0.759375 0.245312 0.25625 0.484375
1 0.0018816 0.06875 0.589063 0.1 0.621875
2 0.00198936 0.303125 0.101562 0.2 0.184375
0 0.00204849 0.75625 0.240625 0.21875 0.425
0 0.00217247 0.717188 0.103125 0.178125 0.16875
1 0.00222206 0.48125 0.609375 0.2125 0.43125
2 0.00262642 0.473437 0.815625 0.165625 0.36875
0 0.00486374 0.482812 0.607813 0.215625 0.453125
1 0.00764465 0.678125 0.153125 0.14375 0.30625
0 0.0391235 0.678125 0.153125 0.14375 0.30625
0 0.0432739 0.289062 0.109375 0.153125 0.18125
1 0.09198 0.292188 0.101562 0.153125 0.184375
0 0.479492 0.598437 0.176563 0.171875 0.334375
1 0.58252 0.601562 0.176563 0.184375 0.321875
