2 0.00126457 0.229687 0.90625 0.140625 0.16875
1 0.00127411 0.828125 0.0234375 0.15625 0.046875
0 0.00131607 0.515625 0.357812 0.2 0.428125
2 0.00136662 0.565625 0.957812 0.14375 0.078125
1 0.00180721 0.19375 0.640625 0.11875 0.55
2 0.00224686 0.121875 0.01875 0.19375 0.0375
2 0.0025692 0.95625 0.114063 0.0875 0.228125
0 0.0026226 0.840625 0.346875 0.24375 0.6
1 0.00270653 0.248437 0.501562 0.215625 0.228125
1 0.00272751 0.95 0.09375 0.09375 0.175
1 0.00278854 0.120312 0.257812 0.215625 0.515625
0 0.00331306 0.948438 0.0953125 0.103125 0.171875
2 0.00372124 0.190625 0.6375 0.11875 0.5375
1 0.0343323 0.260938 0.659375 0.246875 0.55
2 0.895508 0.503125 0.771875 0.2375 0.45625
2 0.92627 0.257812 0.689062 0.240625 0.609375
