0 0.00110912 0.964063 0.270312 0.071875 0.490625
1 0.00111103 0.501562 0.145313 0.171875 0.278125
0 0.00123024 0.73125 0.414062 0.1875 0.359375
0 0.00125694 0.028125 0.0765625 0.05625 0.153125
0 0.00128365 0.034375 0.584375 0.0625 0.60625
2 0.00163746 0.803125 0.507812 0.2625 0.290625
0 0.00193787 0.821875 0.429688 0.2 0.140625
2 0.00204468 0.792188 0.903125 0.184375 0.19375
1 0.00219154 0.071875 0.578125 0.10625 0.63125
0 0.00229645 0.3 0.25 0.14375 0.4375
0 0.00258636 0.878125 0.0625 0.16875 0.125
0 0.00268745 0.389062 0.03125 0.184375 0.0625
0 0.00287437 0.226562 0.590625 0.228125 0.5375
1 0.00336456 0.465625 0.470313 0.225 0.565625
0 0.00352097 0.860937 0.58125 0.178125 0.4625
1 0.00360298 0.682813 0.204688 0.228125 0.396875
0 0.00373459 0.38125 0.0875 0.16875 0.16875
0 0.00389862 0.709375 0.0359375 0.2125 0.071875
0 0.00395966 0.140625 0.4625 0.24375 0.78125
1 0.00558853 0.360938 0.26875 0.140625 0.51875
0 0.00723267 0.507812 0.253125 0.190625 0.35625
0 0.00891113 0.0734375 0.576563 0.115625 0.678125
0 0.00996399 0.685938 0.0703125 0.203125 0.140625
0 0.0127029 0.734375 0.623438 0.14375 0.478125
0 0.0134048 0.640625 0.167187 0.11875 0.334375
2 0.014595 0.815625 0.692187 0.26875 0.590625
0 0.0280304 0.709375 0.128125 0.23125 0.25
0 0.0511475 0.804688 0.503125 0.253125 0.28125
0 0.0988159 0.935938 0.090625 0.128125 0.18125
0 0.183594 0.5 0.139062 0.15625 0.259375
0 0.310547 0.68125 0.232812 0.1875 0.465625
0 0.726562 0.745313 0.3 0.240625 0.4125
0 0.77832 0.803125 0.6875 0.26875 0.625
0 0.810547 0.373437 0.260938 0.159375 0.503125
0 0.881836 0.48125 0.467187 0.21875 0.596875
