1 0.00102234 0.0375 0.58125 0.0625 0.575
1 0.00114155 0.46875 0.5375 0.25625 0.55
0 0.00117207 0.946875 0.0875 0.10625 0.1625
2 0.00119877 0.128125 0.01875 0.20625 0.0375
1 0.00162029 0.814062 0.26875 0.228125 0.50625
0 0.00163174 0.0421875 0.579687 0.078125 0.615625
0 0.00169086 0.523438 0.64375 0.196875 0.325
1 0.00171852 0.107813 0.592188 0.140625 0.521875
1 0.00289345 0.301562 0.13125 0.153125 0.24375
1 0.00398636 0.065625 0.584375 0.0875 0.58125
2 0.00811005 0.489062 0.6875 0.203125 0.2125
0 0.0265656 0.55625 0.14375 0.15625 0.25625
0 0.0447083 0.378125 0.153125 0.15 0.26875
1 0.660645 0.532812 0.145313 0.165625 0.259375
1 0.741211 0.375 0.154687 0.1625 0.265625
