2 0.00104332 0.515625 0.675 0.24375 0.23125
1 0.00121498 0.434375 0.467187 0.24375 0.528125
0 0.00122166 0.475 0.465625 0.16875 0.39375
1 0.00145149 0.834375 0.345313 0.25625 0.684375
0 0.0024929 0.68125 0.142188 0.175 0.278125
0 0.0025444 0.834375 0.340625 0.23125 0.6125
2 0.00341225 0.125 0.0171875 0.18125 0.034375
0 0.00852966 0.73125 0.270312 0.1875 0.540625
1 0.0284119 0.73125 0.279687 0.2625 0.553125
2 0.0319824 0.0359375 0.890625 0.071875 0.20625
2 0.903809 0.148438 0.86875 0.265625 0.24375
