2 0.00125504 0.1125 0.535937 0.15625 0.203125
2 0.00127602 0.221875 0.917188 0.2125 0.159375
0 0.00145054 0.264062 0.7 0.246875 0.55625
0 0.00156975 0.842188 0.353125 0.253125 0.60625
1 0.0022068 0.148438 0.526563 0.196875 0.196875
2 0.00221252 0.41875 0.859375 0.10625 0.28125
2 0.0026207 0.170312 0.951563 0.234375 0.084375
2 0.00275993 0.954687 0.115625 0.090625 0.23125
2 0.0031147 0.179688 0.589063 0.203125 0.290625
2 0.00347328 0.040625 0.703125 0.08125 0.49375
1 0.00351715 0.1125 0.264062 0.20625 0.528125
2 0.00359344 0.126563 0.01875 0.203125 0.0375
2 0.00387001 0.309375 0.7625 0.1875 0.475
2 0.00464249 0.05 0.923437 0.09375 0.146875
2 0.00545502 0.345313 0.871875 0.221875 0.25625
0 0.00553894 0.0921875 0.732813 0.178125 0.503125
0 0.00906372 0.946875 0.101562 0.10625 0.190625
1 0.00933075 0.95 0.101562 0.1 0.190625
2 0.0285339 0.115625 0.93125 0.19375 0.1375
2 0.0440369 0.0703125 0.603125 0.140625 0.24375
1 0.150146 0.235938 0.723437 0.259375 0.528125
2 0.79248 0.239063 0.720312 0.259375 0.559375
2 0.897949 0.08125 0.739062 0.1625 0.521875
2 0.901367 0.5375 0.817187 0.2625 0.365625
