1 0.00102425 0.715625 0.23125 0.16875 0.4125
1 0.00122261 0.876562 0.539062 0.215625 0.596875
0 0.00170898 0.0390625 0.582812 0.065625 0.603125
0 0.0018692 0.889063 0.059375 0.171875 0.11875
0 0.00198174 0.875 0.35625 0.21875 0.6
1 0.00206375 0.120312 0.45 0.209375 0.6875
0 0.00226593 0.0921875 0.44375 0.184375 0.78125
1 0.00279045 0.584375 0.48125 0.1375 0.40625
1 0.0028019 0.945312 0.104687 0.103125 0.209375
1 0.00333786 0.0703125 0.582812 0.109375 0.621875
0 0.00350189 0.903125 0.55 0.19375 0.6375
2 0.00582504 0.35 0.442187 0.2 0.521875
0 0.00605392 0.735937 0.246875 0.228125 0.475
0 0.00724411 0.071875 0.579687 0.11875 0.653125
2 0.00767899 0.6375 0.50625 0.2125 0.425
0 0.0166016 0.65 0.517187 0.20625 0.453125
0 0.0292511 0.94375 0.1 0.1125 0.19375
1 0.849609 0.64375 0.507812 0.2125 0.434375
1 0.901367 0.492188 0.398438 0.178125 0.565625
1 0.933594 0.35 0.446875 0.20625 0.53125
