2 0.00100708 0.621875 0.964063 0.23125 0.071875
0 0.00115299 0.967188 0.065625 0.065625 0.13125
0 0.00115871 0.839063 0.439063 0.190625 0.509375
2 0.00119495 0.179688 0.935938 0.215625 0.128125
2 0.00138378 0.421875 0.954687 0.18125 0.084375
2 0.0018549 0.1125 0.689062 0.125 0.471875
2 0.00284767 0.0484375 0.953125 0.096875 0.08125
2 0.00285149 0.178125 0.589063 0.24375 0.228125
2 0.00294685 0.459375 0.91875 0.1625 0.1625
2 0.00297737 0.121875 0.01875 0.19375 0.0375
2 0.00358391 0.328125 0.942187 0.20625 0.109375
2 0.00416565 0.235938 0.909375 0.215625 0.16875
2 0.0050087 0.1125 0.954687 0.20625 0.084375
0 0.00669098 0.648438 0.590625 0.209375 0.18125
0 0.00765991 0.496875 0.59375 0.2 0.225
2 0.00883484 0.04375 0.859375 0.0875 0.28125
0 0.00893402 0.621875 0.23125 0.14375 0.3125
0 0.0207062 0.946875 0.09375 0.10625 0.18125
2 0.0268707 0.0546875 0.692187 0.103125 0.528125
2 0.0333557 0.08125 0.9125 0.15625 0.175
0 0.0380249 0.720312 0.723437 0.228125 0.496875
0 0.0549316 0.451562 0.759375 0.209375 0.48125
1 0.0738525 0.707812 0.385938 0.209375 0.471875
2 0.252686 0.0734375 0.8125 0.146875 0.375
2 0.265381 0.03125 0.764063 0.0625 0.415625
2 0.813477 0.639063 0.757812 0.321875 0.484375
0 0.846191 0.709375 0.389062 0.19375 0.471875
2 0.86377 0.44375 0.754687 0.2 0.490625
2 0.865723 0.185937 0.73125 0.271875 0.525
