2 0.00102234 0.0390625 0.83125 0.078125 0.225
1 0.00106812 0.607813 0.257812 0.134375 0.434375
2 0.00113678 0.584375 0.75625 0.125 0.4875
2 0.00137997 0.4625 0.935938 0.2625 0.128125
0 0.00154209 0.1375 0.359375 0.1875 0.38125
0 0.00167751 0.379687 0.748438 0.209375 0.471875
0 0.00183678 0.64375 0.034375 0.21875 0.06875
0 0.00222778 0.71875 0.532812 0.2375 0.340625
2 0.00254822 0.240625 0.873438 0.28125 0.228125
0 0.0028553 0.0765625 0.128125 0.140625 0.24375
2 0.00291443 0.520312 0.965625 0.215625 0.0625
0 0.00293541 0.81875 0.329688 0.175 0.490625
0 0.00293732 0.63125 0.734375 0.1125 0.53125
2 0.00349808 0.63125 0.74375 0.10625 0.5125
1 0.00421143 0.698438 0.2875 0.240625 0.41875
0 0.00423431 0.0796875 0.040625 0.153125 0.08125
0 0.00517273 0.939062 0.278125 0.121875 0.55625
0 0.00606155 0.135937 0.795313 0.259375 0.278125
0 0.00641251 0.08125 0.321875 0.15625 0.64375
0 0.00821686 0.675 0.06875 0.21875 0.1375
0 0.00969696 0.9375 0.078125 0.125 0.15625
0 0.01371 0.489062 0.576563 0.196875 0.246875
1 0.0138016 0.4125 0.528125 0.21875 0.35
2 0.0178528 0.340625 0.81875 0.14375 0.34375
0 0.019989 0.0359375 0.08125 0.071875 0.1625
0 0.0379944 0.678125 0.157813 0.21875 0.315625
1 0.0795288 0.15 0.621875 0.2125 0.59375
0 0.0874634 0.470313 0.74375 0.271875 0.46875
0 0.17395 0.592188 0.671875 0.146875 0.5625
2 0.333984 0.15 0.839063 0.2875 0.234375
1 0.336426 0.289062 0.2625 0.178125 0.46875
0 0.463867 0.65625 0.575 0.19375 0.5
0 0.634277 0.725 0.342187 0.19375 0.365625
0 0.711914 0.404687 0.525 0.196875 0.34375
0 0.724121 0.7375 0.717188 0.25 0.565625
2 0.737305 0.7375 0.728125 0.25 0.54375
0 0.74707 0.2875 0.253125 0.16875 0.46875
0 0.789062 0.1625 0.615625 0.20625 0.575
0 0.789551 0.632812 0.245312 0.171875 0.421875
2 0.865234 0.44375 0.767187 0.325 0.465625
