2 0.00101185 0.760938 0.875 0.159375 0.225
1 0.0010252 0.826563 0.26875 0.234375 0.5125
2 0.00113392 0.7625 0.960938 0.2 0.078125
0 0.00117779 0.901563 0.553125 0.184375 0.6375
2 0.00139332 0.959375 0.117188 0.08125 0.234375
0 0.00148106 0.95 0.1 0.1 0.18125
2 0.00154305 0.584375 0.882812 0.1375 0.228125
2 0.00188446 0.264062 0.934375 0.146875 0.13125
2 0.00212288 0.809375 0.935938 0.18125 0.121875
1 0.00213814 0.129688 0.339063 0.203125 0.578125
2 0.00220108 0.41875 0.884375 0.23125 0.23125
2 0.0026989 0.203125 0.64375 0.175 0.21875
2 0.00280952 0.125 0.01875 0.1875 0.0375
2 0.00359344 0.13125 0.678125 0.23125 0.23125
0 0.00361252 0.395312 0.7625 0.253125 0.475
2 0.0041008 0.275 0.629687 0.1375 0.234375
2 0.00462341 0.328125 0.59375 0.2125 0.19375
2 0.00551987 0.217187 0.957812 0.184375 0.084375
2 0.00680161 0.276563 0.760938 0.121875 0.465625
2 0.00693512 0.071875 0.95 0.13125 0.1
2 0.00885773 0.223438 0.739062 0.446875 0.521875
2 0.021286 0.0453125 0.854688 0.090625 0.290625
2 0.021286 0.0734375 0.789062 0.140625 0.396875
0 0.0219421 0.682813 0.620313 0.203125 0.528125
1 0.175781 0.373437 0.759375 0.253125 0.48125
2 0.824219 0.36875 0.754687 0.26875 0.490625
2 0.868164 0.665625 0.871875 0.25625 0.24375
2 0.912598 0.15 0.775 0.28125 0.4375
