0 0.00111961 0.682813 0.071875 0.196875 0.14375
2 0.00143242 0.542188 0.909375 0.203125 0.16875
2 0.00163937 0.957812 0.86875 0.078125 0.2625
2 0.00192547 0.357812 0.896875 0.184375 0.16875
0 0.00199318 0.075 0.573438 0.13125 0.728125
0 0.00210762 0.228125 0.075 0.1875 0.14375
0 0.00226212 0.4875 0.634375 0.13125 0.50625
0 0.00256729 0.720312 0.034375 0.215625 0.06875
0 0.00373077 0.4375 0.209375 0.125 0.35
0 0.00454712 0.129688 0.0359375 0.221875 0.071875
2 0.00455475 0.954687 0.95 0.084375 0.1
1 0.00679779 0.5125 0.214062 0.1875 0.365625
0 0.00755692 0.209375 0.034375 0.1875 0.0625
0 0.00814819 0.117188 0.329688 0.184375 0.590625
0 0.00898743 0.5 0.351562 0.1875 0.334375
0 0.013031 0.0765625 0.0828125 0.146875 0.165625
0 0.014389 0.728125 0.107813 0.20625 0.203125
2 0.0173035 0.3875 0.835938 0.13125 0.228125
0 0.0175934 0.0359375 0.0796875 0.071875 0.159375
0 0.0214691 0.946875 0.290625 0.10625 0.58125
0 0.0323486 0.6375 0.426562 0.21875 0.428125
0 0.0548096 0.94375 0.084375 0.1125 0.16875
0 0.0578613 0.964063 0.58125 0.071875 0.26875
1 0.0587769 0.323438 0.254687 0.178125 0.434375
2 0.0993652 0.9 0.88125 0.175 0.225
0 0.269775 0.909375 0.7375 0.175 0.46875
0 0.294189 0.548437 0.709375 0.253125 0.54375
0 0.650391 0.559375 0.421875 0.20625 0.30625
0 0.730957 0.65 0.223438 0.1625 0.434375
0 0.756836 0.514063 0.210938 0.171875 0.365625
2 0.826172 0.551562 0.695312 0.271875 0.596875
2 0.833984 0.903125 0.745313 0.19375 0.496875
0 0.872559 0.326562 0.257812 0.184375 0.440625
0 0.893066 0.754687 0.376563 0.203125 0.565625
