2 0.00101376 0.9625 0.8 0.06875 0.4
0 0.00107384 0.85 0.28125 0.20625 0.38125
0 0.00121307 0.5375 0.332812 0.18125 0.409375
2 0.00144863 0.834375 0.951563 0.2125 0.084375
0 0.00149441 0.959375 0.0609375 0.08125 0.115625
0 0.00151443 0.540625 0.221875 0.14375 0.2875
2 0.00162029 0.43125 0.9125 0.21875 0.175
2 0.00168228 0.467187 0.959375 0.196875 0.06875
0 0.00173187 0.95625 0.753125 0.08125 0.49375
2 0.00175095 0.795313 0.825 0.196875 0.35
2 0.00183105 0.779688 0.3875 0.221875 0.275
0 0.00253105 0.670313 0.559375 0.178125 0.49375
0 0.00254059 0.295312 0.63125 0.128125 0.5375
0 0.00301743 0.442187 0.38125 0.190625 0.30625
2 0.00403214 0.792188 0.91875 0.196875 0.1625
0 0.00469208 0.925 0.446875 0.1375 0.33125
0 0.00598145 0.11875 0.365625 0.19375 0.61875
2 0.00773621 0.953125 0.928125 0.09375 0.14375
2 0.0106277 0.414062 0.685938 0.284375 0.603125
0 0.0150681 0.74375 0.5375 0.1625 0.55625
0 0.0170288 0.0828125 0.564062 0.153125 0.721875
0 0.0186462 0.9375 0.0828125 0.125 0.165625
0 0.0219269 0.384375 0.529688 0.23125 0.353125
0 0.0308075 0.948438 0.284375 0.103125 0.56875
0 0.0426941 0.929688 0.540625 0.134375 0.19375
2 0.143311 0.88125 0.926562 0.225 0.140625
2 0.194336 0.823438 0.685938 0.253125 0.628125
0 0.357178 0.925 0.696875 0.15 0.46875
0 0.450195 0.784375 0.3875 0.21875 0.26875
2 0.601074 0.909375 0.728125 0.18125 0.54375
0 0.763184 0.796875 0.65625 0.23125 0.6875
0 0.825195 0.398438 0.682813 0.271875 0.634375
0 0.836914 0.492188 0.473437 0.196875 0.490625
0 0.902344 0.601562 0.328125 0.165625 0.49375
