2 0.00106144 0.126563 0.0171875 0.190625 0.034375
2 0.00111961 0.267188 0.957812 0.184375 0.078125
0 0.00115395 0.675 0.075 0.16875 0.15
0 0.00116158 0.635938 0.723437 0.115625 0.515625
2 0.00117493 0.604688 0.840625 0.221875 0.3125
1 0.00120831 0.157813 0.753125 0.215625 0.41875
2 0.00127411 0.271875 0.90625 0.1625 0.175
2 0.00170135 0.0640625 0.948438 0.121875 0.096875
0 0.00213432 0.675 0.0328125 0.175 0.065625
2 0.00233078 0.629687 0.946875 0.178125 0.09375
0 0.00265312 0.764063 0.582812 0.184375 0.409375
2 0.00297165 0.2125 0.920313 0.18125 0.159375
2 0.00370598 0.04375 0.896875 0.0875 0.20625
0 0.0049057 0.942187 0.0921875 0.115625 0.171875
2 0.00584412 0.025 0.646875 0.05 0.29375
2 0.00658035 0.585938 0.91875 0.153125 0.15625
2 0.00798035 0.0765625 0.671875 0.153125 0.28125
2 0.00801849 0.06875 0.84375 0.1375 0.3125
2 0.0126724 0.253125 0.8 0.25625 0.4
2 0.02388 0.275 0.809375 0.125 0.36875
0 0.0294647 0.726562 0.495313 0.215625 0.209375
2 0.034668 0.675 0.91875 0.23125 0.1625
2 0.227051 0.0328125 0.778125 0.065625 0.43125
1 0.242188 0.646875 0.215625 0.16875 0.4
0 0.492676 0.7125 0.707812 0.2625 0.584375
0 0.77832 0.65 0.210938 0.16875 0.396875
2 0.875488 0.360938 0.790625 0.265625 0.41875
2 0.87793 0.134375 0.771875 0.25625 0.45625
2 0.90332 0.710938 0.717188 0.265625 0.540625
