1 0.00107956 0.332812 0.354688 0.278125 0.596875
2 0.00111485 0.95625 0.115625 0.0875 0.23125
0 0.0013113 0.90625 0.446875 0.1875 0.63125
0 0.00136948 0.109375 0.471875 0.18125 0.49375
0 0.00164795 0.5125 0.684375 0.2 0.26875
0 0.00166988 0.11875 0.6875 0.1875 0.35
2 0.00209808 0.121875 0.01875 0.1875 0.0375
0 0.00231934 0.357812 0.453125 0.259375 0.51875
2 0.00247955 0.040625 0.917188 0.075 0.165625
2 0.00252533 0.6125 0.9625 0.18125 0.06875
2 0.0025692 0.207813 0.954687 0.184375 0.084375
2 0.00291443 0.273438 0.914062 0.134375 0.165625
0 0.00294876 0.584375 0.634375 0.225 0.24375
2 0.00431061 0.120312 0.64375 0.184375 0.3
0 0.00455093 0.8375 0.354688 0.25 0.596875
2 0.00485611 0.214062 0.901563 0.228125 0.184375
0 0.00494385 0.946875 0.1 0.10625 0.1875
2 0.00601196 0.760938 0.917188 0.140625 0.159375
1 0.007164 0.107813 0.3375 0.196875 0.6125
2 0.00820923 0.335938 0.857813 0.140625 0.278125
2 0.00910187 0.034375 0.64375 0.06875 0.23125
0 0.0103683 0.154687 0.776563 0.165625 0.434375
2 0.0112762 0.764063 0.959375 0.171875 0.08125
2 0.0127258 0.585938 0.634375 0.221875 0.2375
2 0.0152588 0.164062 0.935938 0.196875 0.121875
2 0.0159912 0.0703125 0.640625 0.128125 0.21875
2 0.0283661 0.754687 0.81875 0.153125 0.3625
2 0.0339966 0.0375 0.773438 0.075 0.428125
2 0.615234 0.642187 0.757812 0.290625 0.484375
2 0.852051 0.464063 0.798437 0.371875 0.390625
2 0.902344 0.115625 0.775 0.23125 0.44375
