2 0.00120831 0.95 0.954687 0.1 0.090625
0 0.00134563 0.465625 0.8625 0.15625 0.24375
0 0.00152206 0.58125 0.146875 0.125 0.25
2 0.00165081 0.467187 0.91875 0.128125 0.14375
1 0.00180531 0.13125 0.5875 0.18125 0.61875
0 0.00273514 0.86875 0.364062 0.225 0.596875
2 0.0027504 0.4625 0.823438 0.15 0.328125
0 0.00275993 0.484375 0.565625 0.20625 0.44375
2 0.00289345 0.123438 0.01875 0.178125 0.0375
1 0.00502396 0.071875 0.5875 0.1 0.6125
2 0.022995 0.967188 0.696875 0.065625 0.29375
2 0.882324 0.91875 0.803125 0.15 0.3875
