0 0.00117683 0.8625 0.175 0.2125 0.3375
2 0.001194 0.475 0.43125 0.23125 0.55625
0 0.00126743 0.489062 0.415625 0.234375 0.5625
1 0.00141907 0.228125 0.559375 0.25 0.59375
1 0.00160599 0.403125 0.429688 0.10625 0.496875
1 0.00177002 0.476562 0.2125 0.196875 0.175
2 0.00199699 0.959375 0.1 0.08125 0.2
0 0.00211716 0.0359375 0.576563 0.059375 0.596875
1 0.00300407 0.81875 0.34375 0.275 0.6125
1 0.00336456 0.071875 0.576563 0.10625 0.621875
0 0.0079422 0.0734375 0.573438 0.115625 0.659375
0 0.0104752 0.140625 0.554688 0.2375 0.728125
0 0.0162354 0.946875 0.101562 0.10625 0.190625
0 0.0165253 0.773438 0.329688 0.234375 0.590625
1 0.931152 0.48125 0.420312 0.23125 0.578125
