0 0.00102615 0.454688 0.628125 0.159375 0.48125
0 0.00104809 0.0359375 0.582812 0.059375 0.621875
0 0.0012722 0.114063 0.2875 0.209375 0.575
2 0.00131035 0.3375 0.43125 0.225 0.20625
1 0.00136185 0.825 0.021875 0.175 0.04375
2 0.00137901 0.123438 0.0171875 0.209375 0.034375
1 0.00153637 0.301562 0.496875 0.234375 0.3375
1 0.00158215 0.801562 0.289062 0.253125 0.578125
2 0.00166225 0.373437 0.867188 0.165625 0.246875
2 0.00190544 0.453125 0.673437 0.16875 0.540625
2 0.0035038 0.964063 0.1 0.071875 0.19375
0 0.00353813 0.95 0.0984375 0.1 0.178125
0 0.00416946 0.582812 0.170312 0.134375 0.228125
0 0.00546646 0.148438 0.5875 0.171875 0.575
0 0.00706482 0.771875 0.304688 0.25 0.603125
0 0.00932312 0.075 0.579687 0.13125 0.703125
1 0.00949097 0.104687 0.342187 0.190625 0.621875
0 0.0101166 0.204688 0.628125 0.165625 0.56875
1 0.0171967 0.345313 0.421875 0.228125 0.2
2 0.0260315 0.235938 0.651563 0.153125 0.509375
1 0.0288849 0.2375 0.657812 0.1625 0.503125
1 0.0300293 0.33125 0.642187 0.2875 0.584375
2 0.869141 0.357812 0.665625 0.334375 0.66875
