0 0.00101566 0.490625 0.70625 0.21875 0.5875
2 0.00130558 0.621875 0.960938 0.19375 0.071875
0 0.0014267 0.59375 0.615625 0.25625 0.36875
2 0.00148964 0.578125 0.684375 0.24375 0.45
0 0.00150299 0.9125 0.435937 0.175 0.578125
0 0.00209045 0.034375 0.582812 0.0625 0.584375
0 0.0022316 0.803125 0.729688 0.1625 0.515625
0 0.00224876 0.767187 0.56875 0.190625 0.3125
1 0.0023365 0.821875 0.021875 0.18125 0.04375
0 0.00253487 0.34375 0.439063 0.275 0.590625
0 0.00266647 0.128125 0.5625 0.225 0.73125
0 0.00293541 0.43125 0.471875 0.225 0.49375
0 0.00336075 0.682813 0.726562 0.384375 0.509375
2 0.00376129 0.126563 0.01875 0.203125 0.0375
2 0.0041008 0.495313 0.85 0.115625 0.2875
2 0.00423813 0.81875 0.932813 0.125 0.128125
0 0.00494766 0.26875 0.615625 0.23125 0.5375
1 0.0058136 0.945312 0.107813 0.103125 0.215625
2 0.00600052 0.671875 0.5625 0.29375 0.25625
1 0.00608063 0.071875 0.584375 0.10625 0.60625
0 0.0112915 0.0734375 0.582812 0.115625 0.628125
0 0.0136032 0.8125 0.246875 0.25 0.49375
0 0.039093 0.945312 0.10625 0.109375 0.20625
0 0.0539246 0.675 0.532812 0.2375 0.203125
2 0.0879517 0.528125 0.78125 0.18125 0.4375
2 0.969727 0.657812 0.71875 0.446875 0.55
