2 0.00107861 0.25625 0.932813 0.1 0.121875
0 0.00119114 0.6 0.582812 0.1375 0.440625
0 0.00133801 0.207813 0.45625 0.190625 0.46875
2 0.00142765 0.351562 0.86875 0.190625 0.2625
2 0.00164986 0.428125 0.917188 0.1375 0.159375
2 0.00184917 0.957812 0.103125 0.084375 0.20625
1 0.00200844 0.820312 0.021875 0.165625 0.04375
0 0.00214195 0.0359375 0.578125 0.059375 0.59375
0 0.0036602 0.378125 0.6375 0.13125 0.55
1 0.00434113 0.075 0.579687 0.11875 0.621875
0 0.00479126 0.496875 0.64375 0.30625 0.5625
1 0.00514984 0.470313 0.465625 0.265625 0.26875
0 0.00580978 0.807813 0.2625 0.228125 0.50625
0 0.00696182 0.475 0.439063 0.2375 0.215625
0 0.00884247 0.134375 0.4625 0.24375 0.7625
0 0.0109863 0.946875 0.1 0.10625 0.1875
2 0.0114441 0.392188 0.720312 0.184375 0.559375
2 0.0115891 0.351562 0.948438 0.140625 0.096875
0 0.0167236 0.0765625 0.575 0.128125 0.6625
2 0.631836 0.31875 0.93125 0.125 0.1375
2 0.887207 0.478125 0.670313 0.33125 0.653125
