1 0.00101566 0.825 0.0203125 0.1625 0.040625
0 0.0012331 0.946875 0.0953125 0.10625 0.178125
2 0.00136852 0.121875 0.01875 0.1875 0.0375
0 0.0015316 0.473437 0.467187 0.171875 0.378125
1 0.0015564 0.1125 0.592188 0.125 0.521875
0 0.0015583 0.529688 0.570312 0.190625 0.396875
1 0.00246048 0.754687 0.275 0.265625 0.525
0 0.00268745 0.734375 0.26875 0.18125 0.48125
1 0.00296974 0.071875 0.59375 0.0875 0.575
2 0.0173035 0.957812 0.860937 0.078125 0.278125
2 0.294434 0.979688 0.848437 0.040625 0.296875
