0 0.00116539 0.475 0.484375 0.19375 0.29375
0 0.00119305 0.826563 0.151562 0.221875 0.303125
0 0.0012598 0.321875 0.464063 0.2125 0.471875
2 0.00136852 0.578125 0.960938 0.19375 0.071875
0 0.00156879 0.0328125 0.578125 0.059375 0.59375
0 0.00181007 0.25 0.565625 0.28125 0.71875
0 0.00184536 0.15 0.557813 0.24375 0.759375
2 0.00200653 0.432813 0.789062 0.103125 0.421875
1 0.00272751 0.06875 0.578125 0.1 0.6125
0 0.00289154 0.660937 0.528125 0.190625 0.3
0 0.00611496 0.578125 0.639063 0.34375 0.503125
2 0.00615692 0.571875 0.525 0.29375 0.2875
0 0.00632095 0.071875 0.573438 0.1125 0.640625
0 0.00767517 0.439063 0.735937 0.121875 0.496875
0 0.00920105 0.846875 0.339063 0.25625 0.565625
0 0.0107346 0.7 0.729688 0.15 0.490625
0 0.0201416 0.942187 0.1 0.115625 0.1875
0 0.0422668 0.576563 0.501562 0.271875 0.234375
2 0.0806274 0.46875 0.732813 0.19375 0.528125
2 0.886719 0.570312 0.690625 0.396875 0.60625
