0 0.0010519 0.965625 0.0640625 0.06875 0.128125
1 0.00105858 0.078125 0.584375 0.1125 0.61875
0 0.00120354 0.929688 0.05625 0.134375 0.09375
2 0.0013876 0.128125 0.01875 0.20625 0.0375
1 0.00202942 0.31875 0.432813 0.1625 0.215625
0 0.00211906 0.114063 0.585938 0.178125 0.596875
0 0.00212479 0.740625 0.559375 0.20625 0.33125
0 0.00268745 0.334375 0.617188 0.21875 0.546875
0 0.00274658 0.854688 0.346875 0.190625 0.4875
0 0.0317993 0.942187 0.0953125 0.115625 0.190625
1 0.220703 0.707812 0.301562 0.196875 0.446875
0 0.788574 0.709375 0.310937 0.19375 0.459375
1 0.955078 0.323438 0.604688 0.215625 0.559375
