0 0.00132847 0.153125 0.439063 0.1875 0.515625
0 0.0013485 0.0390625 0.576563 0.065625 0.609375
2 0.00141525 0.671875 0.965625 0.18125 0.05625
0 0.00169754 0.0765625 0.35625 0.146875 0.65
0 0.00260353 0.075 0.034375 0.14375 0.06875
0 0.00275612 0.96875 0.26875 0.0625 0.45
1 0.0044899 0.514063 0.16875 0.209375 0.3375
0 0.00461197 0.0328125 0.0765625 0.065625 0.153125
0 0.00466156 0.25625 0.665625 0.21875 0.44375
0 0.00649643 0.626562 0.43125 0.209375 0.2875
0 0.00718307 0.8625 0.385938 0.1625 0.153125
0 0.00856018 0.0703125 0.571875 0.115625 0.66875
2 0.00964355 0.676562 0.709375 0.209375 0.58125
1 0.0112152 0.623438 0.1625 0.203125 0.325
2 0.0146408 0.673437 0.889063 0.184375 0.215625
0 0.0157013 0.590625 0.551562 0.16875 0.409375
0 0.0196381 0.234375 0.142188 0.16875 0.253125
0 0.029892 0.9375 0.096875 0.125 0.19375
1 0.166382 0.265625 0.290625 0.2 0.53125
0 0.336426 0.745313 0.659375 0.184375 0.61875
0 0.341309 0.689062 0.471875 0.171875 0.35625
0 0.45752 0.625 0.160938 0.175 0.321875
0 0.472412 0.503125 0.178125 0.16875 0.3375
0 0.806641 0.264062 0.3 0.190625 0.5125
0 0.885742 0.632812 0.678125 0.221875 0.6375
0 0.918457 0.851562 0.628125 0.196875 0.61875
