2 0.00108242 0.959375 0.115625 0.08125 0.23125
2 0.00111294 0.06875 0.0703125 0.11875 0.140625
0 0.00146389 0.273438 0.215625 0.184375 0.40625
0 0.00153255 0.58125 0.175 0.11875 0.25
0 0.00160694 0.534375 0.564062 0.20625 0.434375
0 0.00190926 0.690625 0.560938 0.18125 0.434375
0 0.00200272 0.509375 0.671875 0.20625 0.26875
0 0.00204659 0.948438 0.096875 0.103125 0.18125
1 0.00207138 0.95 0.0984375 0.09375 0.184375
1 0.00320244 0.0625 0.58125 0.08125 0.6
0 0.00334549 0.0640625 0.579687 0.096875 0.628125
2 0.00427246 0.21875 0.715625 0.1625 0.36875
2 0.00623322 0.489062 0.685938 0.196875 0.203125
1 0.930664 0.270312 0.217187 0.184375 0.403125
