1 0.00100136 0.301562 0.0859375 0.146875 0.128125
0 0.00107098 0.034375 0.576563 0.0625 0.615625
0 0.00109863 0.326562 0.0921875 0.171875 0.140625
0 0.00136662 0.170312 0.426562 0.196875 0.578125
0 0.00164223 0.96875 0.0671875 0.0625 0.134375
0 0.00226212 0.959375 0.284375 0.08125 0.525
0 0.00228882 0.759375 0.29375 0.18125 0.21875
0 0.0024147 0.065625 0.571875 0.1125 0.66875
1 0.00256729 0.167187 0.429688 0.215625 0.615625
0 0.00637817 0.525 0.553125 0.2125 0.3625
1 0.0123367 0.307813 0.18125 0.165625 0.29375
0 0.014267 0.920313 0.429688 0.159375 0.634375
0 0.0146637 0.292188 0.382812 0.184375 0.515625
0 0.0164185 0.075 0.364062 0.14375 0.634375
0 0.0194244 0.309375 0.165625 0.15625 0.275
0 0.0444641 0.95 0.096875 0.1 0.1875
1 0.0978394 0.754687 0.4625 0.215625 0.525
0 0.830078 0.753125 0.457812 0.20625 0.515625
1 0.904785 0.290625 0.38125 0.1875 0.5125
