1 0.00103951 0.939062 0.0859375 0.115625 0.153125
0 0.00114155 0.034375 0.5875 0.0625 0.5875
1 0.00114346 0.825 0.0234375 0.1625 0.046875
2 0.00126934 0.425 0.898438 0.1125 0.184375
0 0.00146961 0.579687 0.171875 0.121875 0.23125
2 0.00155449 0.532812 0.685938 0.271875 0.265625
1 0.00165653 0.25625 0.45625 0.25625 0.65625
0 0.00184345 0.259375 0.542188 0.25625 0.678125
0 0.00187683 0.848437 0.351562 0.234375 0.596875
0 0.00209427 0.329688 0.517187 0.209375 0.515625
2 0.00282288 0.123438 0.01875 0.190625 0.0375
1 0.00326729 0.0671875 0.589063 0.090625 0.603125
0 0.00378036 0.142188 0.567187 0.221875 0.721875
2 0.00419235 0.959375 0.090625 0.08125 0.175
0 0.00427628 0.06875 0.5875 0.10625 0.625
2 0.00687408 0.673437 0.86875 0.159375 0.25
0 0.00733566 0.948438 0.0875 0.103125 0.16875
2 0.0162659 0.429688 0.789062 0.140625 0.396875
2 0.950684 0.554688 0.771875 0.378125 0.44375
