0 0.00111866 0.0421875 0.575 0.078125 0.6375
1 0.00119019 0.090625 0.615625 0.1375 0.61875
2 0.0015583 0.125 0.01875 0.2 0.0375
1 0.00176716 0.74375 0.290625 0.275 0.54375
0 0.00197601 0.94375 0.0953125 0.1125 0.171875
1 0.00201797 0.121875 0.235938 0.20625 0.471875
1 0.00258636 0.834375 0.021875 0.15625 0.04375
0 0.00270653 0.45625 0.540625 0.2625 0.54375
0 0.00279236 0.520312 0.615625 0.221875 0.4125
0 0.00283623 0.759375 0.320312 0.25625 0.615625
0 0.00508881 0.0828125 0.579687 0.134375 0.678125
0 0.33252 0.153125 0.63125 0.19375 0.64375
1 0.839355 0.159375 0.621875 0.2 0.58125
