1 0.0010519 0.0734375 0.585938 0.109375 0.621875
2 0.00133705 0.310937 0.03125 0.209375 0.05
1 0.00143337 0.285937 0.03125 0.209375 0.05
1 0.00144291 0.33125 0.415625 0.1875 0.20625
2 0.00147247 0.125 0.01875 0.20625 0.0375
0 0.00151253 0.9625 0.065625 0.075 0.13125
0 0.00195312 0.85625 0.35 0.19375 0.5
0 0.00229263 0.0765625 0.582812 0.121875 0.659375
0 0.00238991 0.903125 0.0578125 0.15625 0.115625
0 0.0679932 0.940625 0.0953125 0.11875 0.190625
1 0.399658 0.709375 0.325 0.20625 0.48125
0 0.863281 0.710938 0.326562 0.196875 0.490625
1 0.949219 0.342187 0.56875 0.228125 0.5125
