1 0.00104523 0.125 0.579687 0.1875 0.615625
1 0.00107288 0.335938 0.1875 0.365625 0.375
2 0.00115871 0.953125 0.114063 0.09375 0.228125
0 0.00133514 0.6875 0.5625 0.175 0.4375
1 0.00149632 0.523438 0.635938 0.215625 0.365625
1 0.00151253 0.828125 0.025 0.15625 0.05
0 0.00285339 0.0421875 0.585938 0.078125 0.653125
2 0.00365448 0.475 0.810938 0.15 0.353125
1 0.00421906 0.945312 0.0984375 0.103125 0.184375
1 0.00452805 0.0671875 0.58125 0.103125 0.6375
0 0.0050354 0.94375 0.1 0.1125 0.18125
2 0.00531006 0.492188 0.675 0.203125 0.2625
0 0.00639725 0.525 0.634375 0.2125 0.38125
0 0.0448303 0.310937 0.173438 0.171875 0.290625
1 0.828613 0.3125 0.175 0.18125 0.29375
