0 0.00103951 0.464063 0.490625 0.221875 0.44375
0 0.00107956 0.420312 0.065625 0.221875 0.11875
2 0.0010891 0.598437 0.81875 0.271875 0.35
2 0.0014677 0.628125 0.953125 0.25 0.08125
2 0.00169945 0.221875 0.90625 0.19375 0.1875
0 0.00171757 0.471875 0.125 0.1875 0.2375
0 0.00181293 0.259375 0.539062 0.20625 0.390625
2 0.00199127 0.709375 0.9625 0.28125 0.06875
0 0.00225449 0.94375 0.0953125 0.1125 0.178125
0 0.00299644 0.798437 0.815625 0.203125 0.36875
0 0.00302124 0.046875 0.367188 0.0875 0.696875
0 0.00379181 0.175 0.503125 0.20625 0.41875
0 0.00395584 0.845312 0.342187 0.246875 0.578125
0 0.00435257 0.678125 0.639063 0.21875 0.228125
2 0.00440216 0.240625 0.690625 0.2625 0.59375
0 0.0050087 0.492188 0.221875 0.140625 0.3625
0 0.00666809 0.420312 0.175 0.190625 0.30625
2 0.00679016 0.579687 0.915625 0.178125 0.15625
0 0.00707626 0.08125 0.585938 0.15 0.721875
0 0.0140686 0.626562 0.7375 0.184375 0.4375
1 0.0211792 0.376563 0.278125 0.221875 0.46875
0 0.0250549 0.0953125 0.329688 0.159375 0.515625
1 0.0313416 0.534375 0.264062 0.2 0.421875
2 0.0336609 0.671875 0.920313 0.3 0.153125
0 0.215332 0.725 0.75 0.31875 0.4375
0 0.763184 0.370313 0.292188 0.203125 0.503125
0 0.827637 0.542188 0.264062 0.190625 0.428125
0 0.833496 0.5125 0.665625 0.20625 0.56875
2 0.883301 0.701563 0.765625 0.334375 0.46875
0 0.905273 0.21875 0.682813 0.2625 0.634375
