2 0.0010519 0.773438 0.825 0.171875 0.35
0 0.00126934 0.721875 0.0640625 0.20625 0.109375
1 0.00137997 0.126563 0.3625 0.171875 0.55625
0 0.00143051 0.870313 0.0578125 0.171875 0.115625
0 0.00143147 0.967188 0.190625 0.065625 0.38125
1 0.00208664 0.071875 0.360938 0.125 0.621875
0 0.00212288 0.759375 0.289062 0.175 0.221875
0 0.00255013 0.303125 0.395312 0.18125 0.503125
0 0.00320435 0.06875 0.573438 0.1125 0.665625
0 0.00324059 0.96875 0.0671875 0.0625 0.134375
1 0.00636292 0.310937 0.184375 0.171875 0.29375
0 0.00821686 0.071875 0.360938 0.1375 0.659375
0 0.00937653 0.525 0.554688 0.2125 0.359375
0 0.010231 0.3125 0.16875 0.1625 0.275
0 0.0108948 0.946875 0.296875 0.10625 0.59375
0 0.0309448 0.921875 0.434375 0.15625 0.63125
0 0.0767212 0.948438 0.09375 0.103125 0.1875
1 0.105103 0.757812 0.445312 0.196875 0.553125
0 0.828613 0.757812 0.445312 0.203125 0.534375
1 0.878906 0.303125 0.3875 0.175 0.50625
