0 0.00108814 0.8375 0.359375 0.24375 0.5875
0 0.00118732 0.0375 0.365625 0.0625 0.625
1 0.00123596 0.826563 0.021875 0.159375 0.04375
1 0.00127983 0.410937 0.189063 0.115625 0.278125
2 0.00137424 0.95625 0.115625 0.0875 0.23125
1 0.0015316 0.951563 0.1 0.090625 0.18125
0 0.00247955 0.948438 0.0984375 0.103125 0.178125
1 0.00335884 0.06875 0.570312 0.1125 0.640625
0 0.00410843 0.0421875 0.571875 0.078125 0.68125
0 0.0127335 0.090625 0.442187 0.18125 0.790625
1 0.0188141 0.10625 0.43125 0.2 0.725
1 0.94873 0.346875 0.339063 0.21875 0.534375
