1 0.00109291 0.829687 0.021875 0.159375 0.04375
2 0.00123405 0.475 0.820312 0.13125 0.315625
0 0.00136089 0.903125 0.546875 0.18125 0.63125
2 0.00157642 0.121875 0.0171875 0.19375 0.034375
2 0.00167561 0.473437 0.439063 0.203125 0.496875
1 0.00183868 0.546875 0.459375 0.13125 0.38125
0 0.00213051 0.0375 0.585938 0.0625 0.584375
0 0.00253105 0.15625 0.576563 0.225 0.690625
1 0.00280762 0.765625 0.3 0.26875 0.55625
1 0.00440216 0.06875 0.5875 0.0875 0.59375
1 0.00484848 0.946875 0.0921875 0.1 0.171875
0 0.0054512 0.945312 0.0921875 0.109375 0.171875
0 0.00549316 0.767187 0.328125 0.246875 0.61875
0 0.00686646 0.0703125 0.584375 0.103125 0.6125
1 0.913574 0.473437 0.423438 0.203125 0.534375
