0 0.00100803 0.867188 0.0484375 0.159375 0.096875
1 0.00107574 0.3125 0.295312 0.1625 0.215625
0 0.00144482 0.0390625 0.579687 0.065625 0.590625
0 0.00155544 0.3 0.0625 0.1625 0.09375
0 0.00157452 0.129688 0.53125 0.196875 0.59375
1 0.00201416 0.314063 0.178125 0.153125 0.23125
1 0.00233459 0.0703125 0.579687 0.109375 0.615625
2 0.0032959 0.515625 0.646875 0.2625 0.33125
0 0.00749588 0.071875 0.575 0.11875 0.64375
0 0.00811768 0.929688 0.348437 0.140625 0.578125
1 0.0120773 0.3 0.0609375 0.15625 0.084375
0 0.0147324 0.517187 0.567187 0.228125 0.371875
1 0.0233154 0.315625 0.110937 0.1375 0.165625
0 0.0406494 0.95 0.084375 0.1 0.16875
1 0.386963 0.74375 0.390625 0.20625 0.4625
0 0.748047 0.742188 0.395312 0.190625 0.453125
1 0.915527 0.314063 0.451562 0.190625 0.515625
