0 0.00107002 0.034375 0.578125 0.0625 0.6125
0 0.00107574 0.325 0.0921875 0.16875 0.140625
0 0.00110054 0.723437 0.06875 0.209375 0.1125
1 0.00115967 0.303125 0.084375 0.14375 0.13125
0 0.00129032 0.173438 0.426562 0.196875 0.578125
0 0.00174809 0.96875 0.06875 0.0625 0.1375
0 0.00213242 0.759375 0.29375 0.18125 0.21875
1 0.00243568 0.16875 0.43125 0.21875 0.6125
0 0.0025444 0.065625 0.573438 0.1125 0.665625
0 0.00273705 0.959375 0.282813 0.08125 0.521875
0 0.00611496 0.523438 0.551562 0.209375 0.365625
1 0.0127335 0.30625 0.179688 0.1625 0.290625
0 0.0145569 0.075 0.364062 0.14375 0.634375
0 0.0169067 0.920313 0.43125 0.159375 0.6375
0 0.0197449 0.307813 0.164062 0.153125 0.271875
0 0.0466003 0.95 0.096875 0.1 0.1875
1 0.107788 0.754687 0.4625 0.215625 0.525
0 0.826172 0.753125 0.457812 0.20625 0.515625
1 0.904785 0.290625 0.38125 0.1875 0.5125
