2 0.00105286 0.865625 0.642187 0.26875 0.565625
0 0.0010767 0.10625 0.582812 0.15625 0.571875
2 0.0010767 0.495313 0.671875 0.203125 0.25625
0 0.00114536 0.385938 0.0609375 0.140625 0.109375
1 0.00117493 0.0359375 0.58125 0.059375 0.59375
0 0.00127506 0.965625 0.49375 0.05625 0.33125
2 0.0013237 0.220313 0.701563 0.209375 0.384375
0 0.00141907 0.478125 0.510938 0.2 0.415625
0 0.00143528 0.965625 0.170312 0.06875 0.340625
0 0.00144386 0.03125 0.059375 0.0625 0.11875
0 0.00146103 0.21875 0.65625 0.23125 0.55
0 0.00160694 0.49375 0.670313 0.20625 0.240625
1 0.00161934 0.454688 0.198437 0.346875 0.396875
1 0.00180149 0.934375 0.267188 0.11875 0.478125
1 0.00184345 0.504687 0.175 0.134375 0.3375
0 0.00186157 0.43125 0.0296875 0.16875 0.059375
0 0.00228691 0.86875 0.485938 0.175 0.209375
0 0.0024929 0.0421875 0.578125 0.078125 0.64375
0 0.00259399 0.935938 0.265625 0.128125 0.46875
0 0.0035305 0.0609375 0.075 0.115625 0.15
1 0.00406265 0.0671875 0.578125 0.090625 0.60625
0 0.0049324 0.521875 0.129688 0.125 0.253125
2 0.00518799 0.523438 0.582812 0.278125 0.459375
0 0.00580215 0.529688 0.617188 0.228125 0.409375
0 0.00653458 0.923437 0.489062 0.134375 0.265625
0 0.00779343 0.820312 0.246875 0.259375 0.4625
0 0.00952148 0.95 0.1 0.1 0.1875
0 0.0153427 0.973437 0.626562 0.053125 0.534375
0 0.0336609 0.226562 0.16875 0.153125 0.29375
2 0.0358887 0.517187 0.754687 0.259375 0.490625
0 0.132324 0.453125 0.192188 0.18125 0.359375
1 0.171509 0.8625 0.640625 0.23125 0.50625
1 0.745605 0.223438 0.173438 0.159375 0.284375
0 0.796387 0.864062 0.640625 0.228125 0.51875
1 0.861816 0.45 0.192188 0.175 0.353125
