1 0.00116539 0.107813 0.348437 0.171875 0.578125
0 0.00121212 0.823438 0.3375 0.215625 0.5625
1 0.00122643 0.834375 0.275 0.2 0.4875
2 0.00138187 0.11875 0.01875 0.19375 0.0375
2 0.00152969 0.957812 0.096875 0.084375 0.19375
1 0.00173664 0.825 0.0234375 0.1625 0.046875
0 0.00183392 0.0765625 0.576563 0.128125 0.671875
1 0.00199509 0.115625 0.56875 0.2125 0.6875
1 0.00292969 0.9375 0.09375 0.125 0.16875
0 0.00717163 0.945312 0.0953125 0.109375 0.178125
1 0.958008 0.373437 0.282813 0.203125 0.471875
