0 0.00128651 0.959375 0.209375 0.08125 0.36875
0 0.00150776 0.967188 0.065625 0.065625 0.13125
0 0.00182724 0.810938 0.35 0.190625 0.4875
0 0.00214577 0.071875 0.371875 0.13125 0.69375
2 0.00219154 0.270312 0.05625 0.196875 0.075
0 0.00245285 0.0421875 0.575 0.078125 0.6625
1 0.00320053 0.110937 0.542188 0.190625 0.621875
0 0.00380898 0.764063 0.615625 0.203125 0.31875
1 0.00468826 0.276563 0.05625 0.196875 0.08125
2 0.00518036 0.346875 0.503125 0.2 0.525
0 0.00566483 0.109375 0.546875 0.20625 0.66875
0 0.0256348 0.946875 0.090625 0.10625 0.18125
1 0.364014 0.71875 0.346875 0.2125 0.4625
0 0.79834 0.717188 0.346875 0.203125 0.475
1 0.943359 0.35 0.498437 0.2 0.528125
