0 0.00103188 0.948438 0.0984375 0.103125 0.178125
0 0.00108337 0.028125 0.485938 0.05 0.290625
1 0.00129032 0.585938 0.171875 0.128125 0.24375
2 0.00132847 0.965625 0.1 0.06875 0.2
0 0.00208092 0.429688 0.473437 0.221875 0.434375
0 0.00212479 0.0234375 0.64375 0.046875 0.5
0 0.00293541 0.204688 0.642187 0.121875 0.453125
0 0.00294495 0.123438 0.525 0.203125 0.2125
1 0.00294876 0.1125 0.2625 0.20625 0.525
2 0.00308037 0.125 0.01875 0.2 0.0375
0 0.00359726 0.526563 0.465625 0.203125 0.44375
2 0.00433731 0.084375 0.91875 0.15625 0.15625
0 0.00461197 0.148438 0.692187 0.209375 0.503125
0 0.00475311 0.585938 0.170312 0.128125 0.246875
2 0.00503159 0.040625 0.921875 0.075 0.15625
0 0.00592804 0.48125 0.571875 0.2375 0.4625
2 0.00682449 0.0328125 0.721875 0.065625 0.51875
2 0.891602 0.123438 0.7125 0.246875 0.575
