2 0.00108051 0.04375 0.853125 0.0875 0.29375
0 0.00122452 0.640625 0.075 0.16875 0.15
0 0.00122738 0.221875 0.173438 0.125 0.271875
0 0.00134468 0.1375 0.4875 0.20625 0.5
0 0.00137234 0.271875 0.515625 0.2 0.475
0 0.00146008 0.176563 0.323438 0.209375 0.571875
0 0.00179768 0.034375 0.439063 0.06875 0.265625
2 0.00182247 0.432813 0.834375 0.121875 0.33125
2 0.00191784 0.364062 0.954687 0.278125 0.090625
0 0.00221443 0.94375 0.1 0.1125 0.2
0 0.00229073 0.426562 0.075 0.171875 0.1375
0 0.00256348 0.742188 0.25 0.184375 0.475
0 0.0026722 0.157813 0.628125 0.171875 0.41875
0 0.00301743 0.853125 0.335938 0.20625 0.546875
2 0.00322723 0.48125 0.784375 0.1125 0.40625
0 0.00325012 0.06875 0.232812 0.125 0.453125
0 0.00382614 0.0421875 0.55 0.078125 0.425
2 0.00395966 0.16875 0.85625 0.26875 0.2875
0 0.00622177 0.071875 0.4875 0.1375 0.35
2 0.00869751 0.245312 0.729688 0.228125 0.228125
0 0.0142899 0.590625 0.78125 0.34375 0.4375
0 0.0266113 0.265625 0.792188 0.30625 0.365625
0 0.0307465 0.264062 0.720312 0.246875 0.196875
1 0.0447693 0.426562 0.228125 0.184375 0.425
2 0.0635376 0.08125 0.821875 0.1625 0.35625
0 0.0708008 0.651563 0.182812 0.153125 0.346875
1 0.136353 0.60625 0.310937 0.19375 0.546875
2 0.149536 0.0765625 0.65 0.153125 0.56875
1 0.163086 0.0890625 0.648438 0.171875 0.565625
0 0.641602 0.084375 0.65625 0.1625 0.56875
0 0.730469 0.601562 0.315625 0.184375 0.54375
2 0.820801 0.257812 0.810938 0.409375 0.378125
0 0.844238 0.43125 0.235938 0.1875 0.421875
2 0.888184 0.585938 0.776563 0.309375 0.434375
