1 0.00110435 0.826563 0.2625 0.209375 0.48125
1 0.00128841 0.828125 0.0234375 0.16875 0.046875
2 0.00139236 0.95625 0.115625 0.0875 0.23125
0 0.00141239 0.128125 0.63125 0.175 0.59375
2 0.00147057 0.382812 0.632812 0.190625 0.546875
0 0.00195885 0.040625 0.58125 0.075 0.65
1 0.00208473 0.357812 0.41875 0.165625 0.19375
2 0.00235939 0.126563 0.01875 0.196875 0.0375
1 0.00265312 0.0765625 0.582812 0.115625 0.621875
0 0.00469589 0.078125 0.582812 0.125 0.659375
0 0.00557327 0.935938 0.1 0.128125 0.18125
1 0.945312 0.370313 0.634375 0.184375 0.56875
