0 0.00142956 0.0765625 0.585938 0.115625 0.646875
1 0.00152779 0.285937 0.028125 0.209375 0.05
0 0.00154305 0.9625 0.0640625 0.075 0.128125
2 0.00161934 0.310937 0.0296875 0.209375 0.046875
1 0.00169468 0.332812 0.423438 0.171875 0.203125
2 0.00177002 0.126563 0.01875 0.203125 0.0375
0 0.00199318 0.742188 0.551562 0.203125 0.315625
0 0.00208473 0.903125 0.0578125 0.15625 0.115625
0 0.00414276 0.8625 0.351562 0.19375 0.496875
0 0.06604 0.940625 0.0953125 0.11875 0.190625
1 0.239502 0.709375 0.320312 0.20625 0.471875
0 0.876953 0.710938 0.320312 0.196875 0.484375
1 0.938965 0.342187 0.573438 0.228125 0.509375
