0 0.00124931 0.034375 0.589063 0.0625 0.584375
0 0.00143814 0.835938 0.354688 0.234375 0.615625
2 0.00158501 0.125 0.01875 0.19375 0.0375
0 0.0027771 0.751562 0.320312 0.246875 0.621875
1 0.00377083 0.946875 0.0921875 0.10625 0.171875
1 0.00404358 0.071875 0.585938 0.10625 0.609375
0 0.0042038 0.16875 0.635938 0.2 0.565625
0 0.004673 0.945312 0.0921875 0.109375 0.171875
1 0.00621796 0.14375 0.596875 0.23125 0.65625
0 0.00798798 0.0734375 0.582812 0.115625 0.634375
1 0.945312 0.45625 0.542188 0.2 0.534375
