1 0.00105 0.948438 0.0890625 0.096875 0.165625
2 0.00106049 0.0546875 0.95 0.090625 0.1
0 0.00123119 0.946875 0.090625 0.10625 0.1625
2 0.00148106 0.0390625 0.7875 0.078125 0.40625
0 0.00219154 0.109375 0.590625 0.13125 0.425
2 0.00246239 0.120312 0.0171875 0.178125 0.034375
1 0.00347137 0.107813 0.645312 0.134375 0.465625
0 0.00521469 0.529688 0.56875 0.196875 0.41875
0 0.00537491 0.03125 0.4875 0.0625 0.2125
2 0.00682068 0.05625 0.495313 0.09375 0.253125
0 0.00737 0.059375 0.496875 0.10625 0.25625
2 0.0140228 0.028125 0.90625 0.05625 0.175
0 0.0654907 0.0671875 0.689062 0.128125 0.521875
2 0.837891 0.0703125 0.7 0.134375 0.6
