0 0.00105286 0.034375 0.582812 0.0625 0.603125
0 0.00116444 0.96875 0.065625 0.0625 0.13125
0 0.00128555 0.695312 0.06875 0.190625 0.1125
0 0.00215721 0.648438 0.134375 0.196875 0.25625
0 0.00245857 0.075 0.36875 0.1375 0.61875
0 0.00284958 0.7625 0.295312 0.175 0.196875
0 0.00285912 0.970312 0.185937 0.059375 0.371875
0 0.00469971 0.0671875 0.58125 0.115625 0.65
0 0.00522995 0.303125 0.189063 0.1625 0.296875
0 0.0165863 0.95 0.0890625 0.1 0.171875
1 0.0210876 0.310937 0.178125 0.146875 0.28125
0 0.0390625 0.5125 0.584375 0.225 0.41875
1 0.207764 0.760938 0.465625 0.209375 0.49375
0 0.818359 0.760938 0.464063 0.209375 0.503125
1 0.928223 0.276563 0.342187 0.178125 0.478125
