0 0.0010376 0.273438 0.229687 0.234375 0.371875
2 0.00105095 0.348437 0.803125 0.278125 0.26875
0 0.00115013 0.682813 0.559375 0.215625 0.45625
1 0.00116444 0.326562 0.23125 0.259375 0.36875
1 0.00118828 0.770312 0.3 0.403125 0.6
0 0.00128651 0.579687 0.570312 0.228125 0.471875
0 0.00166321 0.345313 0.157813 0.246875 0.309375
1 0.00168419 0.779688 0.0234375 0.190625 0.046875
1 0.00190449 0.2625 0.407813 0.2125 0.209375
1 0.00191689 0.95 0.1125 0.09375 0.225
0 0.00196648 0.68125 0.310937 0.225 0.553125
2 0.00200462 0.195312 0.820312 0.221875 0.321875
0 0.00263405 0.0359375 0.367188 0.065625 0.603125
0 0.0026741 0.0828125 0.63125 0.146875 0.65625
2 0.0028019 0.95625 0.104687 0.0875 0.203125
0 0.00739288 0.946875 0.096875 0.10625 0.18125
2 0.0110245 0.084375 0.834375 0.16875 0.325
1 0.0157166 0.103125 0.332812 0.175 0.515625
0 0.0321045 0.76875 0.303125 0.2625 0.60625
0 0.0369263 0.078125 0.370313 0.15 0.659375
0 0.362061 0.204688 0.640625 0.209375 0.6
1 0.535645 0.217187 0.645312 0.209375 0.590625
1 0.883789 0.35 0.609375 0.2125 0.58125
