0 0.00100517 0.315625 0.229687 0.21875 0.346875
1 0.00103283 0.317187 0.226562 0.234375 0.415625
0 0.00115013 0.4875 0.617188 0.2 0.503125
2 0.0013113 0.128125 0.01875 0.2125 0.0375
2 0.00147915 0.4125 0.839063 0.26875 0.284375
0 0.00159836 0.0375 0.382812 0.06875 0.615625
1 0.00163174 0.779688 0.0234375 0.190625 0.046875
2 0.00178146 0.960938 0.0984375 0.078125 0.184375
1 0.00230598 0.15625 0.595312 0.20625 0.759375
0 0.00259972 0.53125 0.515625 0.21875 0.44375
0 0.00264931 0.948438 0.0953125 0.103125 0.171875
0 0.0031662 0.342187 0.628125 0.178125 0.5875
1 0.00349998 0.1 0.34375 0.1625 0.6125
1 0.00528717 0.28125 0.4125 0.2 0.24375
2 0.00628662 0.0453125 0.8125 0.090625 0.3125
0 0.00668335 0.771875 0.303125 0.25625 0.59375
0 0.0116196 0.257812 0.617188 0.190625 0.659375
2 0.0121384 0.282813 0.821875 0.303125 0.275
2 0.0238953 0.126563 0.857813 0.196875 0.240625
0 0.0327454 0.160938 0.645312 0.215625 0.709375
0 0.0393372 0.0375 0.628125 0.06875 0.64375
0 0.0416565 0.0734375 0.376563 0.140625 0.678125
1 0.0466003 0.05625 0.671875 0.10625 0.65625
2 0.130737 0.0703125 0.879687 0.134375 0.196875
0 0.225464 0.0703125 0.6375 0.140625 0.7125
1 0.807617 0.298438 0.617188 0.240625 0.615625
