0 0.00105 0.690625 0.564062 0.2 0.446875
0 0.00111961 0.509375 0.664062 0.20625 0.284375
1 0.00149345 0.754687 0.28125 0.278125 0.5625
0 0.00149536 0.0734375 0.576563 0.109375 0.615625
1 0.00156498 0.120312 0.346875 0.196875 0.61875
1 0.00156689 0.820312 0.021875 0.165625 0.04375
2 0.00163078 0.478125 0.820312 0.13125 0.309375
0 0.00505066 0.748438 0.309375 0.246875 0.59375
2 0.00517654 0.485938 0.75 0.209375 0.425
0 0.0161896 0.94375 0.103125 0.1125 0.19375
1 0.934082 0.410937 0.2875 0.209375 0.49375
