0 0.00124836 0.323438 0.234375 0.240625 0.325
2 0.00149727 0.196875 0.845312 0.2125 0.271875
1 0.00159359 0.204688 0.635938 0.159375 0.615625
1 0.00171757 0.778125 0.0234375 0.19375 0.046875
1 0.00179958 0.282813 0.409375 0.221875 0.20625
0 0.00187683 0.034375 0.371875 0.0625 0.60625
2 0.00212669 0.959375 0.101562 0.08125 0.196875
0 0.00254822 0.0671875 0.596875 0.128125 0.6375
2 0.0030632 0.08125 0.84375 0.1625 0.3125
0 0.00346565 0.948438 0.0984375 0.103125 0.178125
1 0.00458527 0.104687 0.339063 0.190625 0.615625
0 0.00909424 0.76875 0.3 0.25625 0.59375
2 0.00959015 0.3125 0.825 0.2875 0.2625
0 0.0209351 0.078125 0.373437 0.15 0.678125
0 0.280029 0.284375 0.634375 0.28125 0.63125
1 0.782715 0.295312 0.614062 0.278125 0.596875
