2 0.00119019 0.476562 0.815625 0.140625 0.31875
0 0.00123501 0.264062 0.610937 0.215625 0.553125
2 0.00124645 0.478125 0.764063 0.23125 0.434375
1 0.00124645 0.06875 0.592188 0.0875 0.603125
0 0.00191021 0.482812 0.679688 0.203125 0.228125
0 0.00203514 0.0703125 0.589063 0.103125 0.628125
0 0.00260162 0.809375 0.385938 0.18125 0.209375
0 0.00288963 0.526563 0.664062 0.215625 0.371875
0 0.00400925 0.425 0.071875 0.18125 0.14375
1 0.00444031 0.817187 0.56875 0.153125 0.5375
0 0.00691605 0.940625 0.0859375 0.11875 0.165625
1 0.0255737 0.70625 0.184375 0.225 0.31875
0 0.0292206 0.71875 0.382812 0.2125 0.309375
1 0.083374 0.464063 0.209375 0.203125 0.41875
0 0.458496 0.7 0.1875 0.2 0.31875
0 0.79834 0.467187 0.215625 0.196875 0.4125
0 0.868164 0.682813 0.55 0.178125 0.53125
0 0.928223 0.828125 0.571875 0.16875 0.53125
