2 0.00111103 0.120312 0.01875 0.196875 0.0375
1 0.00128937 0.940625 0.117188 0.11875 0.228125
0 0.00135231 0.826563 0.1625 0.184375 0.325
0 0.00166988 0.146875 0.6 0.225 0.7
0 0.00180149 0.7625 0.229687 0.19375 0.453125
0 0.00192547 0.0421875 0.582812 0.078125 0.634375
2 0.00214577 0.025 0.910937 0.05 0.134375
2 0.0021553 0.95625 0.11875 0.0875 0.2375
1 0.00261116 0.395312 0.303125 0.184375 0.20625
0 0.00341034 0.940625 0.103125 0.11875 0.18125
1 0.00353622 0.0703125 0.582812 0.103125 0.621875
1 0.00396347 0.207813 0.65 0.221875 0.51875
1 0.00459671 0.75625 0.264062 0.25625 0.528125
1 0.925293 0.421875 0.495313 0.21875 0.565625
