2 0.00101566 0.121875 0.01875 0.2 0.0375
1 0.00117016 0.940625 0.117188 0.11875 0.228125
0 0.0012579 0.826563 0.164062 0.184375 0.328125
0 0.00127411 0.08125 0.639063 0.1625 0.690625
2 0.001544 0.0546875 0.917188 0.103125 0.134375
0 0.00187874 0.0421875 0.582812 0.078125 0.634375
0 0.00223351 0.175 0.642187 0.2 0.565625
2 0.00229073 0.95625 0.11875 0.0875 0.2375
0 0.00239944 0.754687 0.253125 0.228125 0.4875
1 0.00286293 0.421875 0.304688 0.18125 0.196875
0 0.00333023 0.940625 0.103125 0.11875 0.18125
1 0.00346565 0.071875 0.582812 0.10625 0.621875
1 0.00374413 0.75625 0.2625 0.25625 0.525
2 0.0043869 0.025 0.909375 0.05 0.1375
1 0.00510788 0.204688 0.646875 0.221875 0.525
1 0.922852 0.420312 0.501562 0.215625 0.553125
