1 0.00118732 0.792188 0.021875 0.203125 0.04375
0 0.00139141 0.946875 0.096875 0.10625 0.175
2 0.00140858 0.129688 0.01875 0.209375 0.0375
1 0.00142002 0.7625 0.270312 0.2875 0.515625
0 0.00157642 0.520312 0.139062 0.146875 0.265625
0 0.00174046 0.69375 0.564062 0.18125 0.421875
0 0.00212288 0.1375 0.2625 0.23125 0.525
0 0.00229836 0.764063 0.264062 0.259375 0.484375
0 0.00293922 0.395312 0.214062 0.128125 0.378125
2 0.00490189 0.5125 0.629687 0.2875 0.484375
1 0.00692368 0.39375 0.214062 0.13125 0.396875
0 0.0128708 0.49375 0.575 0.25 0.41875
0 0.0813599 0.467187 0.225 0.234375 0.43125
0 0.300049 0.192188 0.6375 0.221875 0.58125
1 0.713867 0.196875 0.639063 0.225 0.559375
1 0.82959 0.459375 0.220313 0.23125 0.421875
