0 0.001091 0.44375 0.465625 0.225 0.4625
1 0.00125027 0.940625 0.123438 0.11875 0.240625
0 0.00129795 0.83125 0.345313 0.24375 0.584375
0 0.00155544 0.267188 0.615625 0.234375 0.55625
0 0.00196266 0.153125 0.548437 0.24375 0.740625
0 0.00202179 0.95 0.0984375 0.1 0.178125
0 0.00209045 0.903125 0.55 0.1875 0.66875
2 0.00227547 0.653125 0.871875 0.10625 0.25625
2 0.00248909 0.882812 0.917188 0.190625 0.165625
2 0.00256538 0.95625 0.115625 0.0875 0.23125
1 0.00258255 0.06875 0.58125 0.10625 0.625
2 0.00264359 0.13125 0.021875 0.21875 0.04375
0 0.00349426 0.503125 0.823438 0.325 0.353125
2 0.00573349 0.421875 0.9 0.14375 0.1875
0 0.00645447 0.0703125 0.579687 0.115625 0.665625
2 0.00774384 0.960938 0.854688 0.078125 0.271875
2 0.00874329 0.60625 0.820312 0.1375 0.346875
2 0.011322 0.4 0.832812 0.125 0.315625
2 0.439453 0.942187 0.929688 0.109375 0.140625
2 0.883301 0.495313 0.81875 0.309375 0.35
