2 0.0011692 0.121875 0.01875 0.20625 0.0375
0 0.00117874 0.61875 0.392188 0.2125 0.215625
0 0.00128746 0.489062 0.6125 0.115625 0.5125
1 0.00133038 0.489062 0.620313 0.109375 0.496875
0 0.00144005 0.773438 0.239063 0.253125 0.446875
0 0.0015192 0.853125 0.339063 0.2125 0.509375
2 0.00152493 0.9625 0.096875 0.075 0.19375
1 0.0016489 0.775 0.25 0.28125 0.5
0 0.00223732 0.135937 0.621875 0.178125 0.60625
0 0.00258064 0.0390625 0.584375 0.065625 0.59375
1 0.00403595 0.58125 0.407813 0.2125 0.184375
0 0.00423813 0.317187 0.559375 0.253125 0.63125
0 0.00610733 0.946875 0.09375 0.10625 0.175
1 0.00955963 0.075 0.585938 0.11875 0.615625
0 0.0171051 0.078125 0.582812 0.125 0.640625
0 0.0406799 0.592188 0.6 0.284375 0.575
2 0.125732 0.592188 0.60625 0.284375 0.575
1 0.736328 0.584375 0.603125 0.26875 0.56875
