2 0.00100136 0.303125 0.925 0.25 0.10625
2 0.00112629 0.034375 0.8625 0.06875 0.2625
0 0.00123692 0.14375 0.498437 0.19375 0.440625
0 0.00127792 0.128125 0.804688 0.2125 0.384375
0 0.00128746 0.198437 0.365625 0.209375 0.24375
0 0.00133133 0.679688 0.270312 0.190625 0.528125
0 0.0013504 0.465625 0.429688 0.18125 0.184375
2 0.00138569 0.492188 0.642187 0.271875 0.590625
1 0.00142765 0.110937 0.232812 0.203125 0.465625
0 0.0014534 0.817187 0.173438 0.265625 0.340625
0 0.00157356 0.040625 0.375 0.075 0.59375
0 0.00184059 0.389062 0.128125 0.178125 0.25625
0 0.00191498 0.117188 0.3375 0.203125 0.35625
2 0.00304031 0.1875 0.648438 0.26875 0.640625
1 0.00422287 0.078125 0.673437 0.14375 0.653125
0 0.00680161 0.0375 0.682813 0.075 0.634375
1 0.00748062 0.460938 0.653125 0.228125 0.59375
0 0.0110016 0.940625 0.0890625 0.11875 0.171875
0 0.0132217 0.5 0.490625 0.18125 0.3125
0 0.0161438 0.160938 0.425 0.184375 0.225
2 0.0167084 0.0875 0.851562 0.175 0.290625
2 0.0224915 0.20625 0.8625 0.31875 0.25625
0 0.0267181 0.075 0.315625 0.14375 0.55625
1 0.0331421 0.165625 0.646875 0.28125 0.65
0 0.0379028 0.776563 0.320312 0.284375 0.609375
0 0.0388489 0.0796875 0.654688 0.140625 0.690625
0 0.866211 0.164062 0.645312 0.265625 0.690625
0 0.875977 0.467187 0.640625 0.228125 0.6125
