0 0.00103188 0.757812 0.725 0.159375 0.4875
0 0.00105 0.332812 0.475 0.196875 0.48125
2 0.00107861 0.43125 0.965625 0.20625 0.0625
0 0.00111675 0.1375 0.578125 0.21875 0.7
0 0.00115585 0.0328125 0.584375 0.059375 0.56875
2 0.00143433 0.346875 0.926562 0.09375 0.134375
2 0.00185585 0.634375 0.88125 0.325 0.225
2 0.00203705 0.717188 0.929688 0.159375 0.128125
2 0.00205421 0.123438 0.01875 0.184375 0.0375
0 0.00209045 0.270312 0.621875 0.209375 0.54375
2 0.00216484 0.509375 0.920313 0.28125 0.146875
2 0.00274277 0.623438 0.957812 0.259375 0.078125
1 0.00295258 0.0703125 0.5875 0.096875 0.58125
2 0.00313377 0.9625 0.101562 0.075 0.196875
0 0.00408554 0.58125 0.729688 0.15 0.434375
2 0.00447464 0.517187 0.967188 0.253125 0.065625
0 0.00487137 0.071875 0.584375 0.1125 0.59375
1 0.00683594 0.951563 0.1 0.090625 0.1875
0 0.00852203 0.95 0.0984375 0.1 0.184375
2 0.0138092 0.390625 0.885938 0.15625 0.221875
2 0.0151215 0.648438 0.6125 0.265625 0.2625
0 0.0162048 0.846875 0.35 0.25625 0.60625
2 0.0454102 0.51875 0.807813 0.4875 0.371875
0 0.0454102 0.425 0.576563 0.25 0.646875
0 0.0516052 0.664062 0.7375 0.278125 0.4625
0 0.0651855 0.64375 0.584375 0.2125 0.2125
2 0.591797 0.460938 0.871875 0.309375 0.25625
2 0.821289 0.651563 0.748438 0.303125 0.496875
