0 0.00119305 0.5875 0.15625 0.1375 0.24375
0 0.00145721 0.107813 0.590625 0.159375 0.60625
0 0.00152016 0.0421875 0.582812 0.071875 0.646875
0 0.00171852 0.517187 0.671875 0.228125 0.3
2 0.00197029 0.129688 0.01875 0.215625 0.0375
1 0.00227547 0.853125 0.357812 0.25625 0.646875
0 0.00298882 0.642187 0.634375 0.215625 0.40625
2 0.00309944 0.514063 0.757812 0.265625 0.471875
0 0.00357437 0.853125 0.354688 0.23125 0.590625
1 0.00387383 0.0734375 0.582812 0.109375 0.659375
1 0.00716782 0.728125 0.260938 0.25625 0.509375
0 0.00793457 0.728125 0.259375 0.2375 0.48125
0 0.0130844 0.940625 0.101562 0.11875 0.196875
1 0.0238342 0.94375 0.0984375 0.1125 0.184375
0 0.0596619 0.382812 0.203125 0.159375 0.35625
1 0.883301 0.378125 0.204688 0.1625 0.359375
