2 0.00105953 0.121875 0.01875 0.19375 0.0375
1 0.00137234 0.940625 0.11875 0.11875 0.225
2 0.00143337 0.0625 0.928125 0.125 0.11875
0 0.00161648 0.821875 0.1625 0.18125 0.325
2 0.00179672 0.028125 0.921875 0.05625 0.13125
0 0.00208664 0.18125 0.648438 0.23125 0.590625
0 0.00211334 0.7625 0.23125 0.19375 0.45625
0 0.00222588 0.0421875 0.58125 0.078125 0.63125
2 0.00236511 0.954687 0.117188 0.090625 0.234375
1 0.00265121 0.396875 0.296875 0.18125 0.225
1 0.00358391 0.0703125 0.582812 0.103125 0.621875
0 0.00384903 0.940625 0.103125 0.11875 0.18125
1 0.0057373 0.75625 0.265625 0.25625 0.53125
1 0.00715637 0.20625 0.65 0.225 0.5125
1 0.921875 0.421875 0.496875 0.2125 0.5875
