0 0.00108242 0.323438 0.559375 0.203125 0.45
0 0.00113297 0.971875 0.065625 0.05625 0.13125
2 0.00135517 0.125 0.01875 0.20625 0.0375
2 0.00162697 0.804688 0.846875 0.271875 0.30625
0 0.00182152 0.034375 0.58125 0.0625 0.6125
2 0.00277901 0.965625 0.0921875 0.06875 0.184375
1 0.00294495 0.075 0.579687 0.13125 0.634375
0 0.00493622 0.946875 0.090625 0.10625 0.175
0 0.00535965 0.15625 0.4625 0.26875 0.83125
2 0.00611877 0.726562 0.960938 0.215625 0.071875
0 0.00643921 0.628125 0.56875 0.20625 0.19375
2 0.00707626 0.723437 0.910937 0.271875 0.171875
2 0.00859833 0.523438 0.921875 0.134375 0.14375
0 0.00944519 0.2375 0.476562 0.25 0.640625
0 0.0098114 0.445312 0.690625 0.165625 0.41875
0 0.0100403 0.578125 0.53125 0.21875 0.14375
0 0.0138245 0.846875 0.35625 0.25625 0.60625
0 0.0138474 0.078125 0.575 0.1375 0.675
0 0.0767822 0.660937 0.735937 0.228125 0.515625
0 0.470947 0.5125 0.729688 0.25 0.515625
2 0.675293 0.653125 0.739062 0.28125 0.515625
2 0.711426 0.526563 0.742188 0.290625 0.515625
