0 0.00109482 0.9375 0.110937 0.125 0.190625
1 0.00116539 0.934375 0.123438 0.13125 0.240625
0 0.00188065 0.040625 0.370313 0.08125 0.671875
0 0.00213051 0.48125 0.765625 0.2 0.46875
0 0.00217819 0.264062 0.484375 0.171875 0.2125
0 0.00222397 0.721875 0.567187 0.19375 0.440625
0 0.00279236 0.520312 0.6125 0.234375 0.45
2 0.00563049 0.214062 0.853125 0.209375 0.225
0 0.00632858 0.075 0.590625 0.1375 0.73125
1 0.0353088 0.509375 0.176563 0.18125 0.290625
2 0.0512695 0.25 0.664062 0.2375 0.584375
0 0.151978 0.5125 0.171875 0.16875 0.2875
1 0.197876 0.617188 0.1625 0.203125 0.3125
0 0.552246 0.615625 0.165625 0.18125 0.29375
0 0.847168 0.25 0.65625 0.2125 0.56875
