0 0.00101376 0.68125 0.271875 0.1875 0.5375
2 0.00107098 0.320312 0.884375 0.215625 0.20625
0 0.00121307 0.965625 0.0671875 0.06875 0.128125
0 0.00137424 0.740625 0.078125 0.2375 0.15
0 0.00179291 0.815625 0.173438 0.26875 0.340625
0 0.00183582 0.50625 0.489062 0.175 0.309375
2 0.00187492 0.309375 0.842188 0.525 0.315625
0 0.00209045 0.389062 0.128125 0.184375 0.25625
2 0.00230598 0.223438 0.710938 0.371875 0.578125
0 0.00234795 0.0453125 0.232812 0.084375 0.434375
1 0.00380707 0.2125 0.65 0.2625 0.6
0 0.00489807 0.164062 0.501562 0.209375 0.446875
2 0.00543213 0.114063 0.904688 0.228125 0.184375
0 0.00577545 0.117188 0.26875 0.209375 0.45625
0 0.00641632 0.0375 0.495313 0.06875 0.546875
2 0.00816345 0.378125 0.915625 0.2375 0.14375
1 0.00924683 0.117188 0.620313 0.221875 0.584375
2 0.0115128 0.0375 0.867188 0.075 0.259375
0 0.0125046 0.3 0.759375 0.275 0.48125
0 0.0148087 0.214062 0.421875 0.178125 0.19375
0 0.0150299 0.0734375 0.3875 0.146875 0.55
0 0.015419 0.940625 0.09375 0.11875 0.1875
0 0.0246582 0.040625 0.709375 0.08125 0.58125
0 0.0297699 0.0734375 0.801562 0.146875 0.396875
0 0.0485229 0.78125 0.320312 0.2875 0.621875
0 0.115051 0.2125 0.865625 0.3125 0.23125
2 0.118774 0.4375 0.876562 0.34375 0.240625
2 0.21106 0.071875 0.835938 0.14375 0.328125
2 0.461914 0.203125 0.86875 0.34375 0.25
0 0.730957 0.078125 0.615625 0.14375 0.6
0 0.833496 0.4875 0.626562 0.21875 0.603125
0 0.874512 0.214062 0.64375 0.284375 0.65
