0 0.00103378 0.964063 0.065625 0.071875 0.13125
0 0.00113106 0.66875 0.529688 0.15625 0.503125
2 0.00129795 0.58125 0.614062 0.3125 0.590625
0 0.00199127 0.934375 0.271875 0.13125 0.50625
0 0.00222015 0.521875 0.6125 0.15 0.575
0 0.00253868 0.770312 0.417188 0.190625 0.246875
0 0.00527573 0.0796875 0.576563 0.134375 0.640625
1 0.0069313 0.63125 0.195312 0.18125 0.378125
1 0.0108719 0.528125 0.201562 0.19375 0.390625
1 0.0343018 0.778125 0.565625 0.19375 0.55
1 0.0500183 0.6125 0.615625 0.2125 0.56875
0 0.059906 0.94375 0.0984375 0.1125 0.190625
0 0.53125 0.6375 0.195312 0.1625 0.384375
0 0.772461 0.529688 0.201562 0.178125 0.396875
0 0.822754 0.60625 0.623438 0.2 0.578125
0 0.841309 0.782812 0.5625 0.184375 0.5125
0 0.887207 0.459375 0.601562 0.16875 0.578125
