2 0.00102234 0.49375 0.909375 0.1125 0.16875
0 0.00125217 0.254687 0.546875 0.253125 0.69375
0 0.00166988 0.345313 0.451562 0.271875 0.546875
2 0.00189304 0.123438 0.01875 0.190625 0.0375
0 0.00209999 0.0390625 0.585938 0.065625 0.590625
0 0.0024662 0.128125 0.570312 0.2125 0.740625
2 0.00256157 0.910937 0.909375 0.146875 0.18125
1 0.0026741 0.820312 0.021875 0.165625 0.04375
2 0.00279045 0.854688 0.925 0.140625 0.15
0 0.00387573 0.735937 0.25625 0.253125 0.4625
0 0.00397873 0.848437 0.348437 0.246875 0.603125
2 0.00463486 0.957812 0.115625 0.084375 0.23125
0 0.00473022 0.475 0.520312 0.1875 0.471875
1 0.00587082 0.95 0.0984375 0.09375 0.190625
0 0.00777054 0.626562 0.728125 0.271875 0.24375
1 0.00847626 0.0703125 0.585938 0.096875 0.603125
0 0.00857544 0.948438 0.1 0.103125 0.1875
0 0.0094986 0.071875 0.582812 0.10625 0.628125
2 0.0128098 0.625 0.729688 0.275 0.253125
2 0.102661 0.534375 0.829687 0.15625 0.334375
2 0.90918 0.659375 0.798437 0.4125 0.390625
