2 0.00101852 0.785937 0.929688 0.240625 0.128125
0 0.00115585 0.975 0.778125 0.05 0.44375
0 0.00127316 0.15 0.457812 0.25 0.771875
2 0.00128746 0.509375 0.917188 0.225 0.153125
2 0.00131416 0.564062 0.873438 0.153125 0.246875
2 0.00139904 0.676562 0.896875 0.228125 0.19375
2 0.00165462 0.515625 0.960938 0.24375 0.078125
2 0.00283241 0.825 0.964063 0.225 0.065625
1 0.00283241 0.60625 0.732813 0.15625 0.284375
0 0.00296021 0.921875 0.771875 0.14375 0.45625
0 0.00345039 0.078125 0.576563 0.125 0.684375
0 0.00484467 0.676562 0.7625 0.171875 0.4375
0 0.00593948 0.934375 0.104687 0.13125 0.209375
2 0.00669098 0.5375 0.784375 0.225 0.41875
0 0.00764847 0.729688 0.69375 0.159375 0.4875
2 0.00852966 0.81875 0.878125 0.2625 0.2375
0 0.0104065 0.415625 0.785937 0.3625 0.428125
1 0.0165863 0.632812 0.284375 0.190625 0.4875
2 0.0173492 0.134375 0.9 0.13125 0.1875
2 0.0175323 0.639063 0.751562 0.203125 0.390625
0 0.0235748 0.7875 0.534375 0.225 0.2
0 0.0345154 0.3625 0.670313 0.2375 0.203125
0 0.0646973 0.626562 0.73125 0.165625 0.28125
0 0.146729 0.821875 0.725 0.30625 0.5
2 0.187744 0.182812 0.840625 0.234375 0.31875
2 0.776367 0.815625 0.720312 0.3 0.559375
0 0.91748 0.63125 0.29375 0.1875 0.48125
2 0.969727 0.326562 0.792188 0.584375 0.415625
