0 0.00102139 0.951563 0.090625 0.096875 0.1625
2 0.00121689 0.040625 0.91875 0.08125 0.14375
0 0.00161076 0.0796875 0.584375 0.153125 0.2625
1 0.00171089 0.348437 0.360938 0.290625 0.559375
0 0.00195312 0.520312 0.5625 0.215625 0.425
2 0.00210762 0.957812 0.114063 0.084375 0.221875
2 0.00235558 0.0921875 0.926562 0.171875 0.134375
1 0.00288582 0.114063 0.307813 0.190625 0.509375
2 0.00290298 0.125 0.01875 0.20625 0.0375
0 0.00302696 0.295312 0.246875 0.184375 0.40625
0 0.0030632 0.034375 0.695312 0.06875 0.521875
2 0.00309753 0.1 0.615625 0.19375 0.30625
0 0.00317574 0.432813 0.4625 0.278125 0.4875
1 0.00330162 0.832812 0.025 0.165625 0.05
1 0.00683594 0.298438 0.253125 0.203125 0.43125
2 0.00798798 0.117188 0.876562 0.203125 0.234375
1 0.0082016 0.159375 0.703125 0.21875 0.4875
2 0.0328979 0.034375 0.725 0.06875 0.5125
0 0.0541992 0.151562 0.728125 0.234375 0.5125
2 0.835449 0.135937 0.728125 0.265625 0.51875
