0 0.00107765 0.726562 0.690625 0.284375 0.225
0 0.00157547 0.825 0.332812 0.225 0.503125
2 0.00174904 0.120312 0.0171875 0.196875 0.034375
1 0.00191784 0.83125 0.264062 0.225 0.503125
2 0.00229836 0.875 0.959375 0.1875 0.08125
0 0.00267029 0.114063 0.467187 0.215625 0.734375
2 0.00495529 0.914062 0.935938 0.115625 0.121875
0 0.00594711 0.040625 0.585938 0.06875 0.596875
2 0.00648117 0.953125 0.921875 0.075 0.14375
0 0.0107727 0.775 0.778125 0.3 0.43125
2 0.011734 0.725 0.957812 0.2375 0.078125
1 0.0128937 0.0703125 0.582812 0.103125 0.615625
0 0.0172424 0.407813 0.382812 0.240625 0.490625
1 0.0209808 0.420312 0.240625 0.171875 0.2375
2 0.0305939 0.653125 0.815625 0.1875 0.35625
0 0.032135 0.071875 0.579687 0.1125 0.640625
2 0.0767212 0.854688 0.807813 0.221875 0.384375
1 0.84668 0.410937 0.378125 0.234375 0.5125
2 0.887207 0.75 0.7875 0.4125 0.4125
