1 0.00110531 0.835938 0.267188 0.215625 0.490625
1 0.00115204 0.829687 0.0234375 0.159375 0.046875
1 0.00120449 0.953125 0.0953125 0.0875 0.178125
0 0.00128365 0.207813 0.75 0.296875 0.4625
0 0.00144863 0.107813 0.475 0.178125 0.45
2 0.00155926 0.301562 0.771875 0.128125 0.41875
0 0.0017252 0.95 0.09375 0.1 0.175
2 0.00186634 0.270312 0.964063 0.190625 0.071875
0 0.00188255 0.521875 0.471875 0.20625 0.425
2 0.00209045 0.3125 0.926562 0.1125 0.134375
2 0.00215912 0.121875 0.01875 0.1875 0.0375
2 0.00262642 0.965625 0.0984375 0.06875 0.190625
0 0.00273323 0.679688 0.61875 0.190625 0.4
0 0.00328064 0.121875 0.689062 0.13125 0.334375
1 0.00443649 0.110937 0.342187 0.190625 0.565625
2 0.0119705 0.129688 0.75625 0.140625 0.46875
0 0.0139694 0.4875 0.607813 0.2375 0.453125
2 0.911133 0.210938 0.764063 0.284375 0.459375
