0 0.00121689 0.526563 0.567187 0.209375 0.403125
1 0.00164318 0.021875 0.548437 0.04375 0.353125
1 0.00172615 0.832812 0.021875 0.159375 0.04375
1 0.0019722 0.842188 0.35625 0.271875 0.675
0 0.00293541 0.84375 0.351562 0.25 0.621875
1 0.00318527 0.742188 0.270312 0.265625 0.515625
1 0.00329781 0.95 0.0921875 0.1 0.178125
2 0.00330544 0.9625 0.096875 0.075 0.19375
2 0.00392914 0.128125 0.01875 0.20625 0.0375
0 0.00429153 0.725 0.24375 0.175 0.4375
0 0.00429916 0.475 0.473437 0.1875 0.403125
2 0.00497818 0.084375 0.848437 0.1625 0.290625
0 0.00501251 0.946875 0.0921875 0.10625 0.178125
1 0.00543594 0.0921875 0.503125 0.178125 0.2625
2 0.00605392 0.0265625 0.596875 0.053125 0.43125
2 0.00949097 0.046875 0.7125 0.0875 0.575
1 0.019516 0.104687 0.24375 0.184375 0.4625
1 0.0361023 0.114063 0.65625 0.215625 0.56875
2 0.85498 0.107813 0.690625 0.215625 0.6125
