1 0.00103283 0.189063 0.510938 0.196875 0.278125
0 0.00109005 0.48125 0.470313 0.18125 0.415625
1 0.00127506 0.832812 0.021875 0.165625 0.04375
0 0.00146484 0.520312 0.575 0.215625 0.4375
1 0.00212669 0.58125 0.195312 0.1 0.228125
0 0.00241089 0.946875 0.1 0.10625 0.2
2 0.0028019 0.960938 0.096875 0.078125 0.1875
1 0.00335884 0.114063 0.248437 0.184375 0.459375
2 0.0037117 0.128125 0.01875 0.19375 0.0375
2 0.00380707 0.153125 0.66875 0.18125 0.6125
1 0.0042038 0.951563 0.0953125 0.096875 0.178125
0 0.00631332 0.584375 0.179688 0.11875 0.253125
1 0.898926 0.19375 0.664062 0.25 0.609375
