2 0.00108719 0.0390625 0.646875 0.078125 0.41875
0 0.00125694 0.0671875 0.578125 0.128125 0.24375
2 0.00127316 0.0359375 0.546875 0.065625 0.20625
2 0.00131893 0.128125 0.0171875 0.20625 0.034375
0 0.00134659 0.096875 0.292188 0.19375 0.571875
2 0.00145721 0.9625 0.103125 0.075 0.20625
1 0.00148487 0.84375 0.271875 0.2 0.4875
2 0.00159454 0.146875 0.91875 0.08125 0.14375
0 0.00166702 0.1 0.615625 0.1625 0.39375
0 0.00186253 0.83125 0.326562 0.2125 0.521875
1 0.00206947 0.953125 0.1 0.09375 0.1875
2 0.00219727 0.95 0.934375 0.1 0.125
1 0.00262833 0.065625 0.54375 0.11875 0.2125
0 0.00293732 0.948438 0.1 0.103125 0.18125
1 0.00344467 0.09375 0.307813 0.1875 0.603125
2 0.00428009 0.0796875 0.910937 0.146875 0.159375
0 0.0104065 0.410937 0.389062 0.203125 0.546875
2 0.017807 0.06875 0.584375 0.13125 0.25625
2 0.825684 0.93125 0.889063 0.125 0.221875
1 0.906738 0.410937 0.390625 0.203125 0.55625
2 0.912598 0.090625 0.725 0.175 0.53125
