0 0.00122166 0.6 0.784375 0.25 0.425
0 0.00125217 0.178125 0.0640625 0.1875 0.128125
2 0.00125599 0.6625 0.920313 0.1375 0.146875
1 0.00133038 0.365625 0.45625 0.24375 0.525
0 0.00141525 0.390625 0.0359375 0.21875 0.071875
0 0.00165176 0.0328125 0.582812 0.059375 0.615625
0 0.00168419 0.3625 0.453125 0.275 0.6
1 0.00193596 0.825 0.0234375 0.1625 0.046875
1 0.00205994 0.06875 0.585938 0.10625 0.640625
2 0.00224113 0.0703125 0.0609375 0.121875 0.121875
1 0.00226974 0.239063 0.445312 0.271875 0.690625
1 0.00232315 0.384375 0.078125 0.20625 0.15
0 0.00271606 0.429688 0.476562 0.221875 0.390625
0 0.00278282 0.382812 0.0875 0.215625 0.16875
0 0.003088 0.770312 0.30625 0.240625 0.5875
0 0.00340843 0.584375 0.167187 0.11875 0.215625
2 0.00354385 0.0890625 0.0359375 0.134375 0.071875
0 0.00416946 0.140625 0.454688 0.25 0.784375
2 0.00535202 0.425 0.765625 0.2375 0.41875
0 0.00704956 0.071875 0.58125 0.11875 0.6875
2 0.00766373 0.957812 0.1 0.084375 0.19375
0 0.0108032 0.429688 0.635938 0.209375 0.196875
1 0.0210724 0.95 0.1 0.09375 0.19375
0 0.0219574 0.95 0.101562 0.1 0.190625
0 0.0475464 0.273438 0.084375 0.153125 0.15625
0 0.0547791 0.478125 0.773438 0.25625 0.453125
1 0.553711 0.270312 0.084375 0.165625 0.1625
2 0.783691 0.539062 0.771875 0.359375 0.44375
