1 0.00101852 0.940625 0.128125 0.11875 0.2375
1 0.00107002 0.040625 0.5875 0.0625 0.58125
1 0.00119781 0.826563 0.28125 0.215625 0.50625
2 0.00127411 0.489062 0.670313 0.184375 0.259375
0 0.00136757 0.8375 0.346875 0.2375 0.5875
2 0.00137806 0.11875 0.0171875 0.18125 0.034375
2 0.00175953 0.954687 0.117188 0.090625 0.228125
0 0.00225067 0.0453125 0.620313 0.078125 0.640625
1 0.00225258 0.83125 0.021875 0.1625 0.04375
0 0.00366974 0.945312 0.1 0.109375 0.18125
1 0.00378036 0.0703125 0.589063 0.096875 0.609375
0 0.00482941 0.525 0.61875 0.1875 0.40625
1 0.00520325 0.582812 0.171875 0.128125 0.25
0 0.00587082 0.732813 0.264062 0.171875 0.453125
1 0.00643539 0.745313 0.2625 0.240625 0.4875
0 0.00923157 0.582812 0.171875 0.128125 0.25625
2 0.0096817 0.05 0.720312 0.1 0.559375
2 0.0165558 0.0328125 0.776563 0.059375 0.396875
2 0.0171204 0.0484375 0.939062 0.090625 0.109375
2 0.652344 0.0359375 0.884375 0.071875 0.2125
