0 0.00104618 0.43125 0.465625 0.2 0.41875
2 0.00105286 0.95625 0.115625 0.0875 0.23125
0 0.00110912 0.38125 0.560938 0.325 0.696875
0 0.00121975 0.148438 0.646875 0.221875 0.65
2 0.00122547 0.24375 0.915625 0.13125 0.15625
1 0.0014019 0.829687 0.021875 0.159375 0.04375
2 0.00166893 0.121875 0.01875 0.1875 0.0375
1 0.00187302 0.948438 0.1 0.096875 0.18125
0 0.00232315 0.523438 0.464063 0.196875 0.440625
0 0.00233269 0.946875 0.1 0.10625 0.18125
1 0.00251579 0.0734375 0.58125 0.115625 0.61875
0 0.00511932 0.478125 0.570312 0.21875 0.484375
0 0.00585938 0.075 0.579687 0.125 0.653125
2 0.0121841 0.28125 0.884375 0.14375 0.21875
2 0.925781 0.40625 0.8625 0.3625 0.2625
