0 0.00101471 0.0328125 0.58125 0.059375 0.5875
0 0.00115108 0.335938 0.4625 0.259375 0.55
0 0.00119495 0.901563 0.45 0.196875 0.625
2 0.00135326 0.123438 0.01875 0.184375 0.0375
2 0.00135708 0.75625 0.910937 0.1375 0.165625
1 0.0018301 0.071875 0.582812 0.10625 0.615625
0 0.00212288 0.440625 0.475 0.21875 0.5
0 0.00462341 0.273438 0.60625 0.246875 0.55625
0 0.00470734 0.0734375 0.579687 0.115625 0.646875
0 0.00502014 0.835938 0.340625 0.253125 0.575
2 0.00998688 0.525 0.782812 0.1625 0.428125
0 0.0175476 0.701563 0.770312 0.203125 0.459375
0 0.0303802 0.678125 0.629687 0.2125 0.184375
2 0.92041 0.61875 0.775 0.35 0.44375
