1 0.00137424 0.43125 0.475 0.275 0.5375
2 0.00149345 0.121875 0.01875 0.2 0.0375
2 0.001544 0.0796875 0.9 0.153125 0.2
1 0.00173473 0.946875 0.0921875 0.10625 0.171875
2 0.00198936 0.0359375 0.542188 0.071875 0.246875
1 0.00242233 0.0328125 0.645312 0.065625 0.446875
2 0.00299644 0.117188 0.53125 0.190625 0.25
0 0.00349236 0.692187 0.61875 0.184375 0.3625
0 0.00608063 0.48125 0.565625 0.21875 0.45625
1 0.010849 0.08125 0.51875 0.1625 0.225
1 0.0190277 0.101562 0.259375 0.178125 0.48125
2 0.0938721 0.0390625 0.71875 0.078125 0.5625
2 0.923828 0.125 0.721875 0.25 0.55625
