1 0.00102234 0.832812 0.021875 0.171875 0.04375
0 0.00116634 0.946875 0.09375 0.10625 0.175
0 0.00129318 0.629687 0.470313 0.171875 0.315625
1 0.00132275 0.395312 0.629687 0.096875 0.496875
0 0.00146008 0.832812 0.34375 0.221875 0.575
0 0.00206184 0.0375 0.579687 0.0625 0.615625
2 0.00300598 0.13125 0.01875 0.20625 0.0375
1 0.0033493 0.110937 0.33125 0.196875 0.65625
1 0.00364113 0.075 0.58125 0.125 0.63125
0 0.0106583 0.0765625 0.579687 0.134375 0.671875
1 0.0162354 0.325 0.4875 0.19375 0.25
2 0.50293 0.325 0.642187 0.2375 0.559375
1 0.845703 0.326562 0.64375 0.234375 0.56875
