1 0.00104809 0.70625 0.18125 0.19375 0.35625
0 0.00113392 0.857813 0.476562 0.171875 0.365625
0 0.00114059 0.0390625 0.465625 0.078125 0.4
0 0.00115776 0.7375 0.253125 0.24375 0.50625
1 0.0011797 0.0640625 0.554688 0.115625 0.365625
0 0.00124931 0.946875 0.0953125 0.10625 0.171875
2 0.00252724 0.857813 0.760938 0.109375 0.478125
2 0.00360489 0.95 0.954687 0.0875 0.090625
2 0.00368309 0.165625 0.93125 0.1125 0.125
2 0.0038166 0.04375 0.753125 0.0875 0.49375
0 0.00432205 0.967188 0.460938 0.065625 0.178125
0 0.0063858 0.828125 0.260938 0.24375 0.509375
0 0.00682449 0.93125 0.303125 0.1375 0.5125
0 0.00731277 0.920313 0.585938 0.159375 0.303125
0 0.00872803 0.0375 0.6375 0.075 0.39375
0 0.0126343 0.107813 0.7375 0.215625 0.5
0 0.0127411 0.703125 0.1625 0.16875 0.3125
2 0.0138931 0.920313 0.9125 0.146875 0.1625
1 0.0160828 0.0890625 0.354688 0.171875 0.578125
2 0.0162048 0.920313 0.585938 0.159375 0.315625
2 0.0177917 0.065625 0.621875 0.125 0.35625
0 0.0223846 0.367188 0.3875 0.215625 0.53125
0 0.0238342 0.065625 0.584375 0.11875 0.26875
0 0.0295563 0.0828125 0.345313 0.165625 0.609375
0 0.0461121 0.954687 0.528125 0.090625 0.21875
0 0.0600891 0.9 0.721875 0.19375 0.55625
2 0.857422 0.903125 0.717188 0.19375 0.565625
2 0.866699 0.107813 0.748438 0.215625 0.490625
1 0.927734 0.370313 0.396875 0.209375 0.53125
