0 0.0010376 0.948438 0.0953125 0.103125 0.171875
2 0.00107288 0.071875 0.575 0.1375 0.26875
1 0.00138569 0.121875 0.532812 0.2 0.203125
1 0.00156879 0.829687 0.270312 0.209375 0.503125
1 0.00170135 0.832812 0.021875 0.165625 0.04375
2 0.00170422 0.0359375 0.545313 0.071875 0.234375
0 0.00185108 0.584375 0.160938 0.11875 0.246875
0 0.00250626 0.485938 0.564062 0.215625 0.453125
2 0.00433731 0.0421875 0.910937 0.084375 0.178125
2 0.00435257 0.13125 0.0171875 0.2 0.034375
2 0.00518799 0.123438 0.5375 0.196875 0.2125
2 0.0131912 0.114063 0.921875 0.190625 0.15625
1 0.0231934 0.104687 0.265625 0.184375 0.49375
2 0.0758057 0.0390625 0.717188 0.078125 0.528125
2 0.884277 0.1375 0.7125 0.25625 0.5625
