0 0.00101185 0.0390625 0.615625 0.071875 0.65625
2 0.00104809 0.364062 0.73125 0.184375 0.2
2 0.00151157 0.121875 0.01875 0.18125 0.0375
0 0.00161648 0.590625 0.165625 0.13125 0.26875
0 0.00165749 0.0703125 0.578125 0.109375 0.6625
1 0.00166035 0.1125 0.345313 0.19375 0.628125
0 0.00290871 0.94375 0.0953125 0.1125 0.178125
1 0.002985 0.945312 0.0953125 0.103125 0.178125
0 0.0036068 0.43125 0.529688 0.21875 0.534375
2 0.00427246 0.04375 0.909375 0.08125 0.18125
2 0.00603485 0.398438 0.814062 0.153125 0.371875
0 0.00751877 0.364062 0.734375 0.178125 0.20625
2 0.0171661 0.0828125 0.9 0.109375 0.2
2 0.0420532 0.11875 0.8625 0.15 0.26875
2 0.931152 0.253125 0.815625 0.40625 0.35625
