1 0.00135612 0.951563 0.084375 0.096875 0.1625
0 0.00161552 0.846875 0.35625 0.225 0.575
0 0.00169659 0.948438 0.084375 0.103125 0.15625
2 0.0018301 0.040625 0.909375 0.08125 0.18125
1 0.00214195 0.15 0.682813 0.21875 0.546875
2 0.00229073 0.254687 0.876562 0.103125 0.240625
2 0.00378609 0.0953125 0.882812 0.109375 0.215625
0 0.013298 0.260938 0.154687 0.171875 0.265625
0 0.0184326 0.720312 0.1875 0.171875 0.36875
1 0.0442505 0.715625 0.214062 0.16875 0.390625
0 0.226074 0.640625 0.1875 0.15 0.35625
1 0.733398 0.640625 0.190625 0.16875 0.35625
1 0.860352 0.260938 0.15625 0.171875 0.26875
2 0.901367 0.15625 0.86875 0.20625 0.2625
