2 0.0011034 0.125 0.0171875 0.20625 0.034375
0 0.00158024 0.128125 0.675 0.225 0.65
2 0.00200653 0.671875 0.879687 0.1125 0.240625
2 0.00217628 0.614062 0.9375 0.209375 0.125
2 0.00219154 0.254687 0.901563 0.228125 0.184375
2 0.00227356 0.159375 0.920313 0.11875 0.146875
2 0.00381279 0.575 0.96875 0.2625 0.0625
2 0.00404358 0.709375 0.914062 0.15625 0.165625
0 0.00598145 0.573438 0.735937 0.246875 0.490625
0 0.00668335 0.9375 0.09375 0.125 0.18125
1 0.0111923 0.632812 0.457812 0.203125 0.484375
2 0.0223694 0.34375 0.85625 0.14375 0.275
2 0.0645142 0.375 0.782812 0.20625 0.403125
0 0.0830688 0.521875 0.596875 0.2375 0.23125
0 0.89209 0.632812 0.46875 0.196875 0.4875
2 0.913574 0.489062 0.757812 0.440625 0.471875
2 0.924316 0.0921875 0.892187 0.171875 0.209375
