2 0.00101852 0.157813 0.864062 0.165625 0.234375
0 0.00126839 0.520312 0.617188 0.271875 0.446875
0 0.00150013 0.58125 0.457812 0.2125 0.434375
1 0.00150967 0.457812 0.464063 0.278125 0.571875
1 0.0021801 0.1 0.6375 0.10625 0.65
2 0.00240326 0.123438 0.965625 0.153125 0.05625
2 0.0027256 0.126563 0.01875 0.196875 0.0375
2 0.00324821 0.13125 0.923437 0.15625 0.134375
0 0.00542068 0.478125 0.475 0.2 0.4125
1 0.0153809 0.104687 0.220313 0.178125 0.415625
1 0.253906 0.1625 0.659375 0.2375 0.625
2 0.852539 0.167187 0.664062 0.240625 0.646875
