0 0.00102234 0.217187 0.567187 0.278125 0.565625
1 0.00104713 0.075 0.573438 0.125 0.640625
0 0.00112247 0.0359375 0.578125 0.059375 0.60625
0 0.00123024 0.457812 0.278125 0.153125 0.36875
2 0.00127316 0.873438 0.959375 0.246875 0.06875
0 0.00134373 0.676562 0.271875 0.246875 0.2875
2 0.0015173 0.959375 0.935938 0.08125 0.128125
0 0.00166893 0.965625 0.792188 0.06875 0.378125
0 0.00176716 0.9625 0.221875 0.075 0.44375
0 0.00179577 0.879687 0.328125 0.203125 0.5625
0 0.00191784 0.6875 0.389062 0.2 0.271875
0 0.00307465 0.745313 0.698438 0.284375 0.509375
0 0.00684738 0.078125 0.56875 0.13125 0.69375
0 0.00747681 0.714063 0.132812 0.265625 0.265625
1 0.00944519 0.403125 0.385938 0.225 0.521875
0 0.0118637 0.94375 0.0953125 0.1125 0.190625
0 0.0147934 0.140625 0.464063 0.24375 0.759375
2 0.0179749 0.926562 0.909375 0.140625 0.175
2 0.0236053 0.890625 0.815625 0.20625 0.36875
2 0.0240784 0.682813 0.83125 0.153125 0.33125
0 0.0320129 0.820312 0.684375 0.234375 0.2125
2 0.0430908 0.967188 0.871875 0.065625 0.25625
0 0.186157 0.86875 0.785937 0.2375 0.415625
0 0.828613 0.410937 0.384375 0.203125 0.50625
0 0.834473 0.7 0.523438 0.21875 0.553125
2 0.890137 0.790625 0.792188 0.35625 0.403125
