0 0.00194836 0.323438 0.221875 0.159375 0.39375
0 0.00204849 0.482812 0.61875 0.203125 0.35
2 0.00292778 0.978125 0.810938 0.04375 0.303125
2 0.00346375 0.948438 0.94375 0.103125 0.10625
1 0.165527 0.360938 0.173438 0.128125 0.296875
0 0.242065 0.371875 0.153125 0.15 0.28125
1 0.249146 0.63125 0.240625 0.2 0.45625
0 0.435547 0.253125 0.235938 0.1875 0.421875
2 0.543457 0.9625 0.885938 0.06875 0.221875
1 0.706055 0.254687 0.239063 0.196875 0.434375
0 0.848633 0.629687 0.242188 0.184375 0.453125
