0 0.00106335 0.16875 0.625 0.175 0.6
1 0.00109577 0.065625 0.285937 0.1125 0.571875
2 0.0012331 0.153125 0.920313 0.18125 0.115625
1 0.0012846 0.942187 0.126563 0.115625 0.234375
1 0.00134945 0.834375 0.021875 0.15625 0.04375
2 0.00160313 0.95625 0.117188 0.0875 0.234375
0 0.00165749 0.028125 0.442187 0.05625 0.440625
0 0.00173378 0.340625 0.639063 0.19375 0.528125
0 0.0021801 0.95 0.096875 0.1 0.175
1 0.00286865 0.096875 0.671875 0.1375 0.55625
2 0.00367928 0.040625 0.904688 0.075 0.171875
2 0.00431442 0.125 0.0171875 0.2 0.034375
2 0.00561142 0.0390625 0.8 0.078125 0.4
0 0.00745773 0.040625 0.610937 0.08125 0.559375
1 0.0258942 0.482812 0.396875 0.190625 0.19375
2 0.0443726 0.342187 0.64375 0.196875 0.5125
0 0.0951538 0.08125 0.692187 0.1625 0.578125
2 0.176392 0.06875 0.88125 0.1375 0.2125
2 0.235962 0.065625 0.68125 0.13125 0.5875
1 0.250977 0.05 0.64375 0.09375 0.56875
1 0.881348 0.339063 0.64375 0.184375 0.5
1 0.901855 0.50625 0.585938 0.23125 0.565625
