1 0.0012207 0.367188 0.0765625 0.171875 0.128125
0 0.0012989 0.851562 0.348437 0.228125 0.553125
0 0.00224304 0.0703125 0.573438 0.115625 0.653125
0 0.00247002 0.259375 0.285937 0.1875 0.515625
0 0.00298691 0.28125 0.1125 0.15 0.18125
0 0.00348091 0.0609375 0.0703125 0.115625 0.140625
0 0.00769424 0.03125 0.0765625 0.0625 0.153125
0 0.00946808 0.223438 0.117188 0.128125 0.196875
1 0.010498 0.3125 0.0890625 0.1625 0.153125
1 0.0126419 0.223438 0.1125 0.121875 0.1875
1 0.895996 0.265625 0.278125 0.19375 0.49375
1 0.925781 0.39375 0.257812 0.1625 0.446875
