1 0.00115681 0.596875 0.715625 0.13125 0.55
0 0.00140667 0.596875 0.715625 0.14375 0.56875
2 0.00147438 0.95625 0.121875 0.0875 0.24375
2 0.00167274 0.354688 0.69375 0.209375 0.6125
1 0.00179958 0.439063 0.679688 0.140625 0.640625
2 0.00204659 0.60625 0.925 0.15625 0.13125
0 0.00230026 0.040625 0.367188 0.075 0.646875
0 0.00265121 0.948438 0.096875 0.103125 0.175
0 0.00274658 0.0375 0.576563 0.0625 0.609375
0 0.00473785 0.4375 0.667188 0.1375 0.665625
2 0.00663376 0.370313 0.895312 0.184375 0.203125
0 0.00713348 0.357812 0.429688 0.171875 0.196875
0 0.00866699 0.1 0.35 0.16875 0.6125
2 0.0177917 0.423438 0.873438 0.128125 0.246875
0 0.0201416 0.078125 0.565625 0.1375 0.69375
1 0.021759 0.526563 0.39375 0.221875 0.29375
2 0.041748 0.4875 0.703125 0.21875 0.5625
0 0.0484619 0.815625 0.342187 0.25625 0.584375
2 0.19104 0.53125 0.889063 0.26875 0.215625
1 0.250732 0.521875 0.70625 0.2625 0.56875
0 0.543945 0.529688 0.392188 0.221875 0.296875
0 0.741699 0.525 0.646875 0.2625 0.70625
0 0.903809 0.340625 0.657812 0.2 0.671875
