0 0.00105858 0.71875 0.078125 0.15625 0.15
2 0.00129128 0.95625 0.114063 0.0875 0.221875
0 0.00154209 0.0265625 0.078125 0.053125 0.15625
0 0.00155735 0.50625 0.55625 0.2625 0.5125
1 0.00161171 0.0671875 0.578125 0.096875 0.61875
1 0.00162125 0.714063 0.207813 0.159375 0.390625
0 0.00168991 0.0375 0.578125 0.0625 0.60625
0 0.0020237 0.8375 0.332812 0.21875 0.584375
1 0.00241852 0.770312 0.195312 0.153125 0.390625
1 0.0025692 0.948438 0.09375 0.096875 0.175
0 0.00296783 0.0703125 0.364062 0.134375 0.684375
0 0.00305939 0.946875 0.09375 0.10625 0.175
0 0.00332642 0.06875 0.573438 0.10625 0.659375
1 0.00428391 0.825 0.25 0.21875 0.4875
0 0.00614929 0.7125 0.1875 0.15 0.375
0 0.00733185 0.76875 0.215625 0.15625 0.41875
0 0.128052 0.273438 0.251563 0.184375 0.434375
0 0.449463 0.653125 0.198437 0.18125 0.378125
1 0.708496 0.645312 0.195312 0.196875 0.384375
1 0.851562 0.275 0.253125 0.175 0.425
