0 0.0013876 0.040625 0.575 0.075 0.65
0 0.00197411 0.354688 0.123438 0.146875 0.228125
0 0.00270844 0.0734375 0.359375 0.134375 0.66875
0 0.00584412 0.95 0.6 0.1 0.1875
2 0.012558 0.904688 0.9 0.184375 0.19375
2 0.0139771 0.84375 0.867188 0.15 0.259375
0 0.0189972 0.657812 0.179688 0.159375 0.359375
0 0.0265198 0.925 0.640625 0.15 0.24375
0 0.0618896 0.903125 0.73125 0.19375 0.4375
1 0.459961 0.589063 0.18125 0.171875 0.3375
0 0.623047 0.5875 0.185937 0.16875 0.328125
2 0.850586 0.884375 0.75625 0.225 0.475
1 0.869141 0.304688 0.30625 0.203125 0.53125
