0 0.00103283 0.0328125 0.576563 0.053125 0.615625
1 0.00109005 0.0703125 0.573438 0.103125 0.640625
2 0.00119781 0.490625 0.846875 0.1625 0.29375
2 0.00124645 0.535937 0.946875 0.109375 0.09375
0 0.00127602 0.115625 0.465625 0.20625 0.7
0 0.00136566 0.665625 0.814062 0.375 0.371875
0 0.00152588 0.8375 0.246875 0.2375 0.45625
2 0.00164604 0.123438 0.0171875 0.203125 0.034375
2 0.00188446 0.775 0.970312 0.2375 0.059375
0 0.00201225 0.9375 0.123438 0.125 0.240625
0 0.00201988 0.79375 0.778125 0.1875 0.43125
0 0.0027256 0.832812 0.621875 0.209375 0.29375
2 0.00351906 0.834375 0.623438 0.21875 0.296875
0 0.00424576 0.0734375 0.570312 0.115625 0.696875
2 0.00583649 0.8625 0.957812 0.15 0.078125
2 0.0094223 0.9625 0.878125 0.06875 0.225
0 0.0101013 0.673437 0.704687 0.234375 0.190625
0 0.0101089 0.315625 0.128125 0.1625 0.19375
2 0.0105438 0.973437 0.764063 0.053125 0.409375
2 0.0120392 0.792188 0.782812 0.190625 0.428125
0 0.0128937 0.867188 0.545313 0.190625 0.159375
1 0.016861 0.317187 0.121875 0.165625 0.1875
2 0.0290527 0.667188 0.720312 0.278125 0.221875
2 0.0343018 0.54375 0.871875 0.125 0.24375
0 0.0491333 0.973437 0.729688 0.053125 0.440625
2 0.055481 0.917188 0.915625 0.153125 0.15625
0 0.118958 0.876562 0.7375 0.246875 0.4875
1 0.234253 0.55 0.139062 0.15 0.259375
0 0.400879 0.548437 0.140625 0.146875 0.2625
2 0.763184 0.86875 0.7375 0.2625 0.525
2 0.887207 0.670313 0.804688 0.384375 0.378125
1 0.936035 0.357812 0.439063 0.196875 0.546875
