0 0.0010252 0.534375 0.0609375 0.2 0.115625
1 0.00109482 0.632812 0.320312 0.253125 0.546875
2 0.0011692 0.626562 0.0953125 0.259375 0.190625
0 0.00121403 0.479688 0.217187 0.128125 0.396875
0 0.00125122 0.209375 0.489062 0.1625 0.234375
0 0.00137711 0.0359375 0.590625 0.065625 0.63125
0 0.00144291 0.9625 0.18125 0.075 0.3625
0 0.00150871 0.0390625 0.371875 0.078125 0.675
0 0.00153446 0.371875 0.09375 0.1875 0.175
0 0.00164795 0.615625 0.175 0.2 0.33125
0 0.00170803 0.476562 0.667188 0.284375 0.353125
0 0.00173473 0.145313 0.623438 0.196875 0.590625
2 0.00190163 0.467187 0.751562 0.303125 0.465625
2 0.00194454 0.179688 0.639063 0.290625 0.559375
0 0.00203896 0.332812 0.640625 0.228125 0.40625
0 0.0025692 0.451562 0.49375 0.221875 0.26875
0 0.0028019 0.675 0.04375 0.20625 0.08125
0 0.00352669 0.801562 0.3625 0.203125 0.5625
0 0.00545883 0.06875 0.584375 0.13125 0.71875
0 0.00652313 0.93125 0.3625 0.1375 0.625
1 0.00721741 0.326562 0.153125 0.178125 0.29375
0 0.0147324 0.945312 0.084375 0.109375 0.1625
0 0.0174713 0.634375 0.315625 0.23125 0.5375
0 0.0337524 0.634375 0.084375 0.24375 0.15625
1 0.0402832 0.554688 0.278125 0.184375 0.50625
1 0.112549 0.404687 0.320312 0.196875 0.534375
1 0.16272 0.71875 0.365625 0.2375 0.525
1 0.253174 0.204688 0.642187 0.184375 0.565625
0 0.320068 0.328125 0.160938 0.16875 0.284375
0 0.732422 0.214062 0.639063 0.190625 0.546875
0 0.8125 0.721875 0.376563 0.21875 0.509375
0 0.887207 0.560938 0.271875 0.184375 0.48125
0 0.890625 0.409375 0.33125 0.1875 0.5
