1 0.00111961 0.80625 0.267188 0.225 0.484375
1 0.00115776 0.44375 0.535937 0.26875 0.565625
0 0.0011673 0.690625 0.564062 0.175 0.384375
0 0.00129414 0.729688 0.240625 0.165625 0.45
2 0.001297 0.473437 0.81875 0.153125 0.325
2 0.00137043 0.95625 0.117188 0.0875 0.228125
2 0.00195694 0.121875 0.01875 0.18125 0.0375
2 0.00206757 0.0890625 0.909375 0.096875 0.16875
1 0.00222206 0.95 0.101562 0.09375 0.184375
0 0.00232887 0.528125 0.626562 0.19375 0.390625
0 0.00250053 0.948438 0.101562 0.103125 0.184375
0 0.00260353 0.473437 0.5625 0.196875 0.4375
2 0.0032196 0.046875 0.790625 0.09375 0.34375
0 0.00342751 0.0828125 0.6625 0.165625 0.66875
1 0.0038166 0.589063 0.167187 0.121875 0.246875
1 0.00416183 0.123438 0.659375 0.184375 0.60625
0 0.0107498 0.590625 0.165625 0.125 0.25
2 0.893066 0.0625 0.88125 0.125 0.2375
