2 0.0010376 0.0875 0.0265625 0.15 0.053125
0 0.00106144 0.754687 0.257812 0.221875 0.459375
1 0.00119305 0.782812 0.0265625 0.153125 0.053125
0 0.00126743 0.225 0.579687 0.2 0.528125
1 0.00137711 0.710938 0.0359375 0.165625 0.065625
0 0.00140381 0.829687 0.34375 0.203125 0.55
0 0.00169468 0.071875 0.367188 0.13125 0.690625
1 0.00170517 0.834375 0.267188 0.19375 0.484375
2 0.00178432 0.957812 0.101562 0.084375 0.196875
1 0.00273323 0.221875 0.585938 0.225 0.590625
0 0.00282097 0.903125 0.546875 0.18125 0.61875
0 0.0035553 0.040625 0.576563 0.075 0.665625
1 0.00374222 0.834375 0.021875 0.15625 0.04375
1 0.00415039 0.479688 0.420312 0.178125 0.209375
1 0.004776 0.110937 0.585938 0.165625 0.596875
1 0.00556564 0.948438 0.0984375 0.096875 0.178125
0 0.00626373 0.946875 0.0984375 0.10625 0.178125
1 0.00675583 0.390625 0.154687 0.11875 0.265625
0 0.00880432 0.129688 0.5625 0.221875 0.7125
0 0.0301056 0.323438 0.157813 0.184375 0.290625
1 0.791992 0.323438 0.160938 0.190625 0.271875
1 0.925781 0.501562 0.557813 0.196875 0.509375
