2 0.00100231 0.15625 0.746875 0.18125 0.3375
2 0.00100422 0.9625 0.0953125 0.075 0.190625
2 0.00103474 0.129688 0.0203125 0.203125 0.040625
0 0.00105476 0.5875 0.167187 0.125 0.246875
2 0.00115299 0.382812 0.90625 0.115625 0.175
2 0.00122356 0.428125 0.95625 0.175 0.075
0 0.00138855 0.829687 0.332812 0.203125 0.534375
2 0.00148392 0.464063 0.590625 0.246875 0.25625
1 0.00171185 0.4 0.61875 0.2 0.34375
2 0.0017128 0.548437 0.728125 0.134375 0.4875
1 0.00224113 0.826563 0.025 0.165625 0.05
2 0.00290489 0.467187 0.93125 0.209375 0.1375
0 0.00299835 0.946875 0.0921875 0.10625 0.171875
1 0.00338173 0.103125 0.346875 0.16875 0.5375
0 0.0111237 0.090625 0.41875 0.15625 0.59375
2 0.0207062 0.373437 0.734375 0.115625 0.48125
0 0.378662 0.15 0.632812 0.2 0.609375
1 0.59668 0.15 0.642187 0.2 0.596875
2 0.941895 0.465625 0.729688 0.2875 0.528125
