1 0.00150871 0.0390625 0.582812 0.065625 0.571875
0 0.00164509 0.259375 0.61875 0.20625 0.5625
2 0.00190258 0.128125 0.01875 0.2 0.0375
0 0.00205994 0.38125 0.457812 0.3 0.546875
0 0.00255966 0.698438 0.429688 0.153125 0.340625
0 0.00373459 0.946875 0.0875 0.10625 0.16875
0 0.00424194 0.917188 0.595312 0.159375 0.534375
1 0.00645065 0.071875 0.585938 0.09375 0.590625
0 0.00666809 0.0734375 0.582812 0.109375 0.609375
0 0.0174866 0.46875 0.570312 0.20625 0.440625
0 0.0288086 0.753125 0.392188 0.20625 0.284375
0 0.868652 0.739062 0.53125 0.234375 0.5625
