0 0.00111294 0.8375 0.26875 0.23125 0.50625
1 0.00115013 0.225 0.639063 0.15 0.528125
0 0.0016222 0.1875 0.635938 0.20625 0.578125
1 0.00192261 0.139062 0.596875 0.203125 0.59375
1 0.00198174 0.329688 0.471875 0.203125 0.20625
2 0.00267792 0.128125 0.01875 0.2 0.0375
0 0.00445175 0.945312 0.0953125 0.109375 0.171875
2 0.0064888 0.229687 0.675 0.178125 0.53125
0 0.00659943 0.0796875 0.58125 0.140625 0.65
2 0.379395 0.335938 0.648438 0.240625 0.578125
1 0.800781 0.332812 0.648438 0.240625 0.578125
