2 0.00119972 0.223438 0.0171875 0.215625 0.034375
0 0.00129128 0.715625 0.075 0.25625 0.1375
0 0.00134087 0.034375 0.575 0.05625 0.6
1 0.00142288 0.121875 0.35 0.20625 0.6875
2 0.00145626 0.760938 0.2875 0.428125 0.575
2 0.00160217 0.604688 0.765625 0.146875 0.4375
0 0.00201988 0.309375 0.259375 0.19375 0.45625
0 0.00216484 0.857813 0.43125 0.240625 0.6375
2 0.00228691 0.134375 0.01875 0.21875 0.0375
0 0.00235176 0.68125 0.134375 0.19375 0.25625
2 0.002388 0.628125 0.8625 0.10625 0.26875
1 0.0025425 0.310937 0.265625 0.215625 0.49375
2 0.0028019 0.51875 0.96875 0.2 0.05625
1 0.00310326 0.7 0.248437 0.275 0.453125
0 0.00424194 0.589063 0.164062 0.128125 0.234375
0 0.00439453 0.134375 0.545313 0.2375 0.746875
0 0.00491714 0.270312 0.573438 0.228125 0.603125
1 0.0051918 0.0703125 0.575 0.109375 0.625
2 0.00985718 0.34375 0.864062 0.09375 0.259375
1 0.0111542 0.946875 0.1 0.10625 0.19375
0 0.0130463 0.071875 0.573438 0.11875 0.659375
0 0.0152054 0.94375 0.1 0.1125 0.19375
0 0.0209656 0.7625 0.303125 0.28125 0.58125
2 0.0293732 0.375 0.815625 0.1375 0.35625
2 0.92041 0.48125 0.760938 0.35 0.471875
