1 0.00101185 0.1 0.215625 0.16875 0.4
2 0.00145912 0.95625 0.114063 0.0875 0.228125
1 0.00148582 0.148438 0.6375 0.121875 0.5375
2 0.00164223 0.123438 0.01875 0.178125 0.0375
0 0.00205994 0.723437 0.271875 0.159375 0.49375
1 0.00230408 0.95 0.1 0.09375 0.1875
1 0.00259972 0.0578125 0.501562 0.109375 0.296875
1 0.00275612 0.748438 0.270312 0.259375 0.528125
1 0.00275993 0.826563 0.021875 0.153125 0.04375
2 0.00289154 0.0578125 0.503125 0.109375 0.2875
0 0.00305939 0.948438 0.101562 0.103125 0.184375
1 0.462158 0.065625 0.6625 0.13125 0.6125
2 0.836914 0.0703125 0.673437 0.140625 0.615625
