0 0.00101757 0.754687 0.329688 0.221875 0.603125
0 0.00117016 0.85625 0.353125 0.23125 0.6125
0 0.00122261 0.034375 0.58125 0.05625 0.5875
2 0.00186253 0.401563 0.590625 0.253125 0.55625
2 0.00203705 0.960938 0.10625 0.078125 0.20625
1 0.00225258 0.0734375 0.585938 0.103125 0.603125
2 0.0024128 0.120312 0.0203125 0.184375 0.040625
0 0.00353622 0.946875 0.104687 0.10625 0.209375
0 0.00409317 0.075 0.58125 0.11875 0.625
1 0.00425339 0.3875 0.414062 0.2 0.209375
1 0.00748825 0.95 0.1 0.1 0.1875
1 0.868164 0.403125 0.584375 0.25 0.56875
