0 0.00103474 0.679688 0.123438 0.190625 0.246875
0 0.00103664 0.120312 0.342187 0.165625 0.478125
2 0.0011282 0.046875 0.95 0.09375 0.1
0 0.00113106 0.532812 0.5625 0.228125 0.3
0 0.00114346 0.259375 0.726562 0.18125 0.409375
2 0.00117397 0.0375 0.742188 0.06875 0.403125
0 0.00124741 0.0734375 0.33125 0.134375 0.63125
0 0.0016861 0.967188 0.240625 0.065625 0.48125
2 0.0017767 0.275 0.9125 0.19375 0.1625
2 0.00179577 0.126563 0.957812 0.228125 0.071875
0 0.00281906 0.625 0.176563 0.1875 0.246875
0 0.00312424 0.651563 0.629687 0.265625 0.334375
0 0.00316048 0.607813 0.078125 0.178125 0.15
0 0.00432968 0.421875 0.1625 0.15625 0.3
0 0.00446701 0.360938 0.267188 0.171875 0.434375
0 0.00499725 0.373437 0.13125 0.153125 0.23125
2 0.00550842 0.325 0.88125 0.125 0.2375
0 0.00624847 0.585938 0.0375 0.190625 0.075
1 0.00643539 0.53125 0.182812 0.2 0.346875
0 0.00670624 0.5625 0.789062 0.1625 0.390625
0 0.00695801 0.0734375 0.742188 0.134375 0.384375
2 0.00738144 0.382812 0.85625 0.134375 0.2875
0 0.00801849 0.317187 0.13125 0.159375 0.21875
0 0.00962067 0.920313 0.339063 0.159375 0.571875
0 0.0104294 0.164062 0.642187 0.246875 0.209375
2 0.0155869 0.0734375 0.773438 0.134375 0.390625
2 0.0157013 0.046875 0.86875 0.09375 0.25
0 0.0181274 0.676562 0.520312 0.234375 0.253125
1 0.0183105 0.625 0.353125 0.1875 0.53125
0 0.0302124 0.48125 0.790625 0.2875 0.40625
0 0.037323 0.1625 0.775 0.325 0.43125
1 0.0536499 0.29375 0.228125 0.19375 0.40625
0 0.0664673 0.56875 0.125 0.16875 0.24375
0 0.0698853 0.940625 0.0921875 0.11875 0.184375
1 0.0987549 0.759375 0.348437 0.1875 0.478125
0 0.524414 0.492188 0.23125 0.153125 0.3875
0 0.705078 0.295312 0.228125 0.184375 0.40625
0 0.833496 0.429688 0.467187 0.209375 0.503125
0 0.850098 0.764063 0.354688 0.178125 0.465625
0 0.868652 0.629687 0.35625 0.178125 0.5
2 0.88623 0.478125 0.795313 0.29375 0.403125
2 0.900391 0.171875 0.778125 0.33125 0.44375
