0 0.00165367 0.046875 0.5875 0.08125 0.625
2 0.00168896 0.48125 0.665625 0.2 0.2625
1 0.00191307 0.826563 0.0234375 0.159375 0.046875
2 0.00194263 0.121875 0.01875 0.1875 0.0375
0 0.00199318 0.817187 0.335938 0.215625 0.553125
2 0.00207901 0.460938 0.740625 0.234375 0.49375
2 0.00216293 0.471875 0.828125 0.1375 0.31875
2 0.0022831 0.95625 0.114063 0.0875 0.221875
1 0.00280571 0.95 0.1 0.1 0.18125
0 0.00321579 0.946875 0.0984375 0.10625 0.178125
0 0.00421524 0.528125 0.617188 0.18125 0.378125
1 0.00583267 0.0734375 0.589063 0.109375 0.621875
0 0.030014 0.39375 0.223438 0.18125 0.403125
1 0.870117 0.392188 0.21875 0.178125 0.4
