0 0.0011549 0.723437 0.557813 0.215625 0.453125
0 0.00120354 0.526563 0.667188 0.190625 0.296875
0 0.0013113 0.0984375 0.373437 0.146875 0.621875
1 0.001791 0.823438 0.021875 0.171875 0.04375
2 0.00187969 0.953125 0.115625 0.09375 0.23125
0 0.00294495 0.8125 0.270312 0.225 0.515625
0 0.00339699 0.0421875 0.367188 0.078125 0.709375
1 0.00395584 0.948438 0.1 0.096875 0.1875
0 0.00556183 0.0390625 0.582812 0.065625 0.628125
0 0.00566864 0.946875 0.1 0.10625 0.1875
1 0.00717545 0.0671875 0.579687 0.109375 0.653125
1 0.0117569 0.10625 0.457812 0.2125 0.740625
0 0.0287628 0.06875 0.576563 0.11875 0.715625
1 0.945801 0.346875 0.385938 0.20625 0.503125
