0 0.00106049 0.58125 0.15625 0.1375 0.25625
0 0.00122929 0.254687 0.621875 0.196875 0.525
0 0.00129604 0.376563 0.515625 0.209375 0.50625
1 0.00134468 0.0359375 0.585938 0.059375 0.578125
1 0.00151062 0.796875 0.264062 0.21875 0.503125
2 0.00163364 0.126563 0.0203125 0.196875 0.040625
0 0.00176525 0.771875 0.239063 0.19375 0.471875
2 0.00213432 0.809375 0.875 0.18125 0.21875
0 0.00222206 0.94375 0.1 0.1125 0.18125
2 0.00281715 0.640625 0.879687 0.14375 0.221875
2 0.00339508 0.904688 0.9 0.184375 0.2
0 0.0041008 0.565625 0.576563 0.21875 0.484375
2 0.0046196 0.534375 0.871875 0.275 0.25625
1 0.0058136 0.06875 0.585938 0.0875 0.590625
0 0.00597763 0.06875 0.584375 0.1 0.6125
0 0.0386353 0.476562 0.56875 0.221875 0.4625
2 0.852051 0.721875 0.876562 0.26875 0.246875
