2 0.00125027 0.120312 0.0171875 0.184375 0.034375
0 0.00174618 0.428125 0.078125 0.1625 0.14375
0 0.00196838 0.078125 0.575 0.11875 0.61875
1 0.00226974 0.56875 0.165625 0.20625 0.30625
0 0.00471878 0.53125 0.214062 0.14375 0.428125
0 0.0107803 0.765625 0.4125 0.19375 0.25625
1 0.0116653 0.5875 0.4 0.19375 0.51875
0 0.0149612 0.485938 0.165625 0.134375 0.29375
0 0.15979 0.578125 0.135937 0.1875 0.246875
1 0.320557 0.392188 0.207813 0.159375 0.353125
1 0.391113 0.789062 0.582812 0.184375 0.521875
0 0.555176 0.784375 0.585938 0.19375 0.528125
0 0.591797 0.398438 0.195312 0.159375 0.353125
0 0.853516 0.5875 0.389062 0.1875 0.521875
