0 0.00111485 0.415625 0.704687 0.23125 0.203125
2 0.00112152 0.125 0.8625 0.175 0.275
1 0.00118256 0.825 0.271875 0.225 0.50625
0 0.00126934 0.832812 0.34375 0.253125 0.58125
1 0.00137234 0.159375 0.540625 0.19375 0.275
2 0.0014925 0.128125 0.0171875 0.2 0.034375
1 0.00157547 0.826563 0.0234375 0.153125 0.046875
2 0.00167179 0.548437 0.928125 0.171875 0.1375
0 0.002388 0.209375 0.68125 0.15 0.48125
2 0.00251007 0.954687 0.1125 0.090625 0.225
0 0.00263023 0.0265625 0.484375 0.053125 0.40625
0 0.00332069 0.585938 0.160938 0.121875 0.240625
0 0.00342751 0.476562 0.517187 0.184375 0.403125
2 0.00444412 0.09375 0.914062 0.175 0.159375
1 0.00452423 0.729688 0.2625 0.253125 0.50625
2 0.00463867 0.228125 0.885938 0.15 0.228125
0 0.00479126 0.160938 0.542188 0.196875 0.290625
1 0.00579071 0.948438 0.1 0.096875 0.1875
0 0.00593948 0.946875 0.1 0.10625 0.18125
2 0.00685501 0.417188 0.74375 0.246875 0.2375
1 0.00691223 0.104687 0.685938 0.196875 0.571875
0 0.00701141 0.728125 0.25625 0.23125 0.475
2 0.00846863 0.1625 0.928125 0.16875 0.13125
1 0.00938416 0.11875 0.264062 0.2125 0.528125
0 0.0182495 0.03125 0.634375 0.0625 0.50625
2 0.0187988 0.115625 0.967188 0.1875 0.059375
0 0.0383301 0.41875 0.8 0.2875 0.36875
2 0.0791016 0.46875 0.91875 0.2875 0.15625
2 0.151367 0.29375 0.870313 0.2375 0.259375
2 0.196289 0.134375 0.701563 0.25 0.578125
0 0.69873 0.1375 0.703125 0.25 0.58125
2 0.801758 0.385938 0.815625 0.428125 0.36875
