1 0.00105762 0.828125 0.021875 0.1625 0.04375
2 0.00113201 0.129688 0.0203125 0.196875 0.040625
0 0.00119877 0.759375 0.259375 0.21875 0.45625
1 0.00126076 0.540625 0.41875 0.1875 0.1875
0 0.00160789 0.0359375 0.58125 0.059375 0.58125
1 0.00181961 0.685938 0.226562 0.209375 0.446875
0 0.00197983 0.129688 0.58125 0.215625 0.70625
1 0.00496674 0.071875 0.582812 0.1 0.596875
0 0.00531387 0.9375 0.096875 0.125 0.175
0 0.00807953 0.0734375 0.58125 0.115625 0.6125
1 0.58252 0.54375 0.65 0.24375 0.625
2 0.850098 0.542188 0.642187 0.228125 0.628125
