2 0.00119209 0.185937 0.857813 0.190625 0.146875
0 0.00126457 0.946875 0.101562 0.10625 0.184375
2 0.0012846 0.254687 0.6375 0.246875 0.6
1 0.00134468 0.9375 0.101562 0.125 0.184375
2 0.00163364 0.95625 0.11875 0.0875 0.2375
0 0.00172043 0.285937 0.642187 0.190625 0.621875
0 0.0018692 0.517187 0.665625 0.196875 0.34375
2 0.00243759 0.128125 0.0171875 0.2 0.034375
0 0.00273323 0.482812 0.471875 0.190625 0.38125
1 0.00352287 0.825 0.0234375 0.1625 0.046875
2 0.00449371 0.295312 0.820312 0.240625 0.240625
0 0.007061 0.06875 0.589063 0.125 0.703125
1 0.903809 0.259375 0.632812 0.225 0.596875
