0 0.00103474 0.679688 0.45625 0.203125 0.4125
0 0.00105858 0.464063 0.59375 0.153125 0.43125
2 0.00114346 0.379687 0.484375 0.228125 0.2
0 0.00125313 0.117188 0.467187 0.190625 0.615625
1 0.00135422 0.395312 0.653125 0.284375 0.54375
0 0.00140572 0.321875 0.2375 0.21875 0.4125
1 0.00146103 0.110937 0.339063 0.190625 0.596875
2 0.00155354 0.367188 0.909375 0.178125 0.18125
0 0.00192928 0.910937 0.464063 0.178125 0.640625
2 0.00200844 0.123438 0.01875 0.196875 0.0375
1 0.00218391 0.0703125 0.58125 0.115625 0.65
2 0.00227737 0.226562 0.91875 0.090625 0.1375
0 0.00252342 0.034375 0.58125 0.0625 0.61875
2 0.00281715 0.185937 0.895312 0.146875 0.159375
2 0.00354385 0.29375 0.715625 0.1 0.54375
0 0.00384331 0.142188 0.65625 0.171875 0.6125
1 0.00411606 0.385938 0.49375 0.240625 0.2125
1 0.00477219 0.828125 0.0234375 0.15625 0.046875
1 0.00852966 0.746875 0.270312 0.26875 0.528125
1 0.00898743 0.946875 0.096875 0.10625 0.18125
0 0.0114441 0.94375 0.096875 0.1125 0.18125
0 0.013382 0.0734375 0.578125 0.121875 0.70625
0 0.0270233 0.74375 0.30625 0.25 0.5875
2 0.88916 0.385938 0.69375 0.290625 0.6125
