2 0.0012579 0.46875 0.765625 0.2375 0.40625
0 0.00130844 0.134375 0.585938 0.225 0.703125
0 0.00138378 0.198437 0.673437 0.228125 0.490625
0 0.00139809 0.684375 0.5625 0.23125 0.5125
1 0.0014286 0.117188 0.35 0.184375 0.6125
2 0.00149059 0.959375 0.096875 0.08125 0.19375
0 0.00158978 0.0359375 0.582812 0.059375 0.596875
2 0.00165081 0.473437 0.815625 0.134375 0.35625
1 0.00177193 0.825 0.0234375 0.1625 0.046875
1 0.00187492 0.38125 0.18125 0.15625 0.21875
1 0.00193691 0.759375 0.279687 0.26875 0.546875
1 0.00219154 0.445312 0.31875 0.090625 0.4375
1 0.0025425 0.0671875 0.582812 0.096875 0.615625
0 0.00263786 0.753125 0.31875 0.25 0.5875
0 0.0044136 0.0703125 0.579687 0.109375 0.646875
0 0.0072937 0.945312 0.096875 0.109375 0.18125
1 0.938477 0.390625 0.33125 0.19375 0.49375
