0 0.0010519 0.034375 0.492188 0.06875 0.353125
0 0.00135612 0.475 0.460938 0.175 0.365625
0 0.00140285 0.0796875 0.440625 0.134375 0.23125
1 0.00171185 0.826563 0.271875 0.228125 0.51875
0 0.00229263 0.526563 0.615625 0.190625 0.40625
2 0.0024128 0.128125 0.0171875 0.2 0.034375
1 0.00262642 0.117188 0.225 0.209375 0.45
1 0.0033226 0.953125 0.09375 0.09375 0.175
1 0.00351906 0.821875 0.0234375 0.16875 0.046875
0 0.00403595 0.95 0.0953125 0.1 0.171875
2 0.00455093 0.9625 0.0984375 0.075 0.178125
2 0.0137939 0.1125 0.859375 0.2 0.15625
1 0.0201721 0.053125 0.640625 0.09375 0.6
0 0.0276489 0.104687 0.65625 0.209375 0.575
1 0.841797 0.104687 0.6375 0.209375 0.59375
