0 0.00103951 0.0390625 0.36875 0.065625 0.61875
0 0.0014801 0.357812 0.76875 0.196875 0.2375
2 0.00152493 0.075 0.84375 0.15 0.3125
0 0.00167465 0.132812 0.567187 0.234375 0.728125
0 0.00203514 0.89375 0.334375 0.15625 0.4
0 0.00206566 0.9625 0.13125 0.075 0.2625
2 0.00387955 0.182812 0.83125 0.296875 0.275
0 0.00463486 0.04375 0.579687 0.08125 0.703125
0 0.00600052 0.367188 0.176563 0.171875 0.221875
0 0.00736237 0.971875 0.246875 0.05625 0.49375
0 0.0089035 0.723437 0.640625 0.128125 0.55625
0 0.013443 0.078125 0.3625 0.15 0.6875
0 0.0136337 0.825 0.473437 0.20625 0.359375
1 0.0157013 0.815625 0.321875 0.23125 0.4
0 0.0192719 0.673437 0.621875 0.153125 0.575
0 0.021286 0.945312 0.06875 0.109375 0.1375
1 0.0227051 0.357812 0.33125 0.184375 0.5
0 0.0292969 0.703125 0.165625 0.23125 0.28125
0 0.10199 0.879687 0.579687 0.153125 0.609375
0 0.333252 0.276563 0.760938 0.253125 0.265625
0 0.382812 0.667188 0.304688 0.178125 0.328125
2 0.453369 0.279687 0.75625 0.278125 0.2875
0 0.517578 0.8 0.7 0.25625 0.6
2 0.750488 0.801562 0.695312 0.253125 0.596875
0 0.78418 0.8125 0.33125 0.225 0.39375
0 0.797363 0.592188 0.614062 0.228125 0.596875
0 0.816406 0.346875 0.332812 0.19375 0.484375
