1 0.00101662 0.83125 0.021875 0.1875 0.04375
1 0.00101662 0.946875 0.109375 0.1 0.2125
0 0.00106239 0.03125 0.578125 0.05625 0.59375
0 0.00116062 0.776563 0.240625 0.196875 0.46875
2 0.00140381 0.535937 0.5625 0.246875 0.25
0 0.00140953 0.154687 0.554688 0.215625 0.665625
0 0.00141621 0.476562 0.696875 0.171875 0.4875
2 0.00185585 0.125 0.01875 0.1875 0.0375
1 0.00193405 0.0703125 0.579687 0.103125 0.615625
2 0.00213242 0.535937 0.923437 0.153125 0.146875
0 0.00346184 0.828125 0.346875 0.25 0.56875
0 0.00348854 0.598437 0.740625 0.346875 0.50625
0 0.00475693 0.071875 0.575 0.1125 0.65
0 0.00541306 0.245312 0.559375 0.271875 0.71875
2 0.0057373 0.7125 0.773438 0.13125 0.415625
0 0.005867 0.709375 0.739062 0.14375 0.434375
0 0.00980377 0.5375 0.5375 0.225 0.2125
0 0.0118027 0.940625 0.096875 0.11875 0.18125
2 0.0182648 0.570312 0.95625 0.178125 0.075
2 0.0317383 0.440625 0.765625 0.1375 0.41875
2 0.90918 0.573438 0.720312 0.365625 0.534375
