2 0.00101662 0.125 0.01875 0.2125 0.0375
1 0.00108814 0.470313 0.43125 0.190625 0.2
0 0.00162697 0.0328125 0.58125 0.059375 0.6125
1 0.00175381 0.198437 0.351562 0.196875 0.546875
1 0.00178909 0.0703125 0.579687 0.115625 0.634375
0 0.00208855 0.459375 0.423438 0.20625 0.190625
1 0.00209808 0.95 0.096875 0.09375 0.18125
0 0.00271416 0.198437 0.351562 0.171875 0.484375
0 0.00302887 0.946875 0.0984375 0.10625 0.178125
0 0.00365448 0.83125 0.351562 0.2625 0.603125
0 0.00429916 0.145313 0.440625 0.246875 0.7625
0 0.00793457 0.0734375 0.578125 0.121875 0.68125
1 0.369385 0.475 0.642187 0.24375 0.621875
2 0.900879 0.476562 0.66875 0.234375 0.6625
