0 0.00103569 0.48125 0.5125 0.19375 0.425
0 0.00110054 0.071875 0.040625 0.125 0.075
1 0.00110531 0.159375 0.351562 0.1875 0.584375
1 0.00112724 0.846875 0.284375 0.225 0.51875
0 0.00121975 0.853125 0.339063 0.23125 0.590625
0 0.00126553 0.726562 0.56875 0.190625 0.41875
0 0.00129223 0.0640625 0.0875 0.109375 0.16875
0 0.00129795 0.03125 0.0796875 0.0625 0.159375
1 0.00132275 0.520312 0.61875 0.190625 0.375
0 0.00193405 0.0421875 0.58125 0.078125 0.65
1 0.00235367 0.107813 0.584375 0.128125 0.54375
1 0.00270462 0.471875 0.5375 0.275 0.5875
2 0.00287056 0.957812 0.0953125 0.084375 0.184375
2 0.00289726 0.0609375 0.075 0.103125 0.15
1 0.00297356 0.0671875 0.579687 0.096875 0.646875
1 0.00338936 0.220313 0.709375 0.190625 0.38125
2 0.00414658 0.4875 0.671875 0.1875 0.25625
1 0.00653076 0.948438 0.0921875 0.103125 0.171875
0 0.00801849 0.521875 0.615625 0.19375 0.39375
2 0.00817871 0.221875 0.70625 0.19375 0.38125
0 0.0386047 0.210938 0.142188 0.146875 0.265625
1 0.769531 0.215625 0.145313 0.14375 0.253125
