0 0.00104618 0.25625 0.482812 0.21875 0.221875
2 0.00114536 0.576563 0.907812 0.221875 0.178125
0 0.00117111 0.56875 0.132812 0.15 0.265625
0 0.00120449 0.68125 0.44375 0.2125 0.275
2 0.00122547 0.395312 0.898438 0.253125 0.203125
2 0.00140953 0.046875 0.926562 0.09375 0.128125
0 0.00146675 0.932813 0.273438 0.134375 0.534375
1 0.00158882 0.253125 0.075 0.15625 0.1375
0 0.00165653 0.028125 0.078125 0.05625 0.15625
0 0.00180435 0.607813 0.675 0.153125 0.59375
0 0.00186539 0.740625 0.3 0.20625 0.175
0 0.00196457 0.078125 0.578125 0.14375 0.68125
0 0.00244141 0.890625 0.123438 0.19375 0.246875
2 0.00292015 0.104687 0.890625 0.171875 0.2125
0 0.00310707 0.723437 0.521875 0.234375 0.3875
0 0.00401688 0.964063 0.11875 0.071875 0.23125
2 0.00446701 0.69375 0.89375 0.2375 0.2125
0 0.00623703 0.817187 0.642187 0.153125 0.509375
1 0.00693893 0.757812 0.396875 0.209375 0.35
0 0.00862885 0.273438 0.107813 0.146875 0.184375
0 0.0140686 0.354688 0.771875 0.315625 0.45625
0 0.01548 0.317187 0.209375 0.215625 0.35625
0 0.0264893 0.689062 0.14375 0.221875 0.2875
0 0.0307007 0.932813 0.0875 0.134375 0.16875
1 0.0354919 0.471875 0.178125 0.18125 0.34375
0 0.0785522 0.75 0.729688 0.25625 0.503125
0 0.0814209 0.309375 0.628125 0.20625 0.34375
1 0.349365 0.240625 0.582812 0.2375 0.421875
2 0.491211 0.164062 0.853125 0.215625 0.29375
0 0.608887 0.232812 0.58125 0.221875 0.425
0 0.648926 0.767187 0.415625 0.178125 0.375
0 0.768066 0.478125 0.182812 0.175 0.340625
0 0.769043 0.65625 0.5875 0.1875 0.525
2 0.805664 0.3 0.78125 0.45 0.425
2 0.813477 0.73125 0.726562 0.28125 0.515625
