2 0.00145245 0.120312 0.01875 0.178125 0.0375
0 0.00150776 0.584375 0.160938 0.13125 0.265625
0 0.00160122 0.948438 0.771875 0.090625 0.4375
0 0.00206566 0.7375 0.696875 0.1625 0.53125
0 0.00222206 0.528125 0.46875 0.19375 0.4375
2 0.00222969 0.946875 0.953125 0.08125 0.09375
0 0.0022583 0.4375 0.46875 0.2 0.425
1 0.00245857 0.0734375 0.589063 0.103125 0.609375
2 0.00412369 0.951563 0.76875 0.084375 0.4375
0 0.00503159 0.848437 0.3125 0.240625 0.525
2 0.00615692 0.821875 0.960938 0.16875 0.071875
2 0.00618744 0.884375 0.959375 0.1625 0.075
2 0.0064888 0.815625 0.56875 0.26875 0.23125
1 0.00666428 0.8375 0.264062 0.2375 0.509375
2 0.00680161 0.917188 0.93125 0.134375 0.13125
0 0.00713348 0.945312 0.0921875 0.109375 0.178125
0 0.00727844 0.909375 0.742188 0.14375 0.515625
2 0.00907898 0.75 0.771875 0.1625 0.45625
0 0.0133438 0.815625 0.5375 0.23125 0.2
2 0.0177307 0.90625 0.759375 0.15 0.46875
0 0.0190887 0.484375 0.570312 0.225 0.465625
0 0.0216827 0.828125 0.729688 0.3125 0.534375
2 0.855957 0.81875 0.725 0.3125 0.5375
