0 0.00102329 0.701563 0.0484375 0.228125 0.090625
0 0.00108624 0.0421875 0.36875 0.078125 0.70625
0 0.00118732 0.632812 0.498437 0.184375 0.278125
0 0.00154018 0.964063 0.275 0.071875 0.50625
0 0.00161934 0.0375 0.578125 0.0625 0.60625
0 0.00164032 0.964063 0.0640625 0.071875 0.128125
0 0.00214577 0.13125 0.429688 0.1875 0.528125
0 0.00236511 0.884375 0.05 0.18125 0.1
1 0.00249863 0.06875 0.576563 0.1125 0.621875
0 0.00937653 0.0703125 0.573438 0.121875 0.659375
0 0.0114136 0.925 0.335938 0.15 0.578125
0 0.0330811 0.942187 0.084375 0.115625 0.16875
1 0.0645752 0.60625 0.348437 0.175 0.496875
0 0.0738525 0.2875 0.273438 0.1875 0.490625
1 0.171509 0.757812 0.385938 0.184375 0.521875
0 0.819824 0.604688 0.35 0.165625 0.49375
0 0.859375 0.759375 0.390625 0.1625 0.49375
1 0.883789 0.2875 0.276563 0.1875 0.484375
