0 0.00105572 0.620313 0.175 0.165625 0.30625
0 0.00109196 0.66875 0.03125 0.24375 0.0625
1 0.00130653 0.4875 0.698438 0.1625 0.215625
0 0.00137901 0.964063 0.217187 0.071875 0.428125
0 0.00270462 0.125 0.448438 0.2125 0.665625
0 0.0048027 0.934375 0.298438 0.13125 0.509375
0 0.00487137 0.071875 0.570312 0.125 0.690625
1 0.00584412 0.928125 0.332812 0.14375 0.553125
0 0.00790405 0.884375 0.332812 0.18125 0.515625
1 0.00891113 0.646875 0.303125 0.18125 0.525
0 0.0118942 0.679688 0.126563 0.190625 0.246875
0 0.0120087 0.946875 0.0921875 0.10625 0.178125
2 0.0154419 0.490625 0.759375 0.20625 0.3375
0 0.0216522 0.507812 0.678125 0.234375 0.2625
0 0.0775146 0.648438 0.301562 0.171875 0.515625
1 0.104187 0.570312 0.29375 0.159375 0.4875
1 0.306885 0.715625 0.320312 0.18125 0.509375
0 0.685547 0.317187 0.354688 0.184375 0.534375
1 0.824219 0.315625 0.351562 0.1875 0.553125
0 0.865234 0.715625 0.326562 0.1625 0.484375
0 0.908691 0.575 0.296875 0.15 0.48125
