0 0.00102139 0.734375 0.271875 0.16875 0.5
0 0.00106049 0.946875 0.09375 0.10625 0.16875
0 0.00110626 0.107813 0.585938 0.146875 0.584375
2 0.00123501 0.123438 0.01875 0.203125 0.0375
0 0.00130653 0.83125 0.346875 0.2375 0.5875
1 0.00144768 0.821875 0.275 0.21875 0.5125
2 0.00178814 0.475 0.825 0.15625 0.34375
1 0.00211525 0.482812 0.570312 0.215625 0.434375
0 0.00441742 0.04375 0.578125 0.08125 0.6375
0 0.00637817 0.529688 0.56875 0.203125 0.45
1 0.00873566 0.06875 0.58125 0.1 0.6375
0 0.0290375 0.370313 0.203125 0.184375 0.36875
1 0.908203 0.365625 0.203125 0.18125 0.3625
