1 0.00104523 0.448438 0.476562 0.196875 0.284375
0 0.00121021 0.121875 0.464063 0.19375 0.646875
2 0.0015173 0.123438 0.01875 0.203125 0.0375
1 0.00162792 0.828125 0.021875 0.1625 0.04375
0 0.00173664 0.148438 0.640625 0.190625 0.56875
0 0.00183582 0.0390625 0.58125 0.065625 0.59375
1 0.00234795 0.953125 0.0921875 0.09375 0.171875
2 0.00240135 0.959375 0.101562 0.08125 0.190625
1 0.00337029 0.803125 0.279687 0.2375 0.559375
0 0.00351715 0.95 0.0921875 0.1 0.171875
1 0.00564957 0.0765625 0.582812 0.121875 0.609375
0 0.00886536 0.815625 0.329688 0.23125 0.590625
0 0.0127106 0.0796875 0.578125 0.128125 0.6375
1 0.787109 0.451562 0.634375 0.221875 0.60625
2 0.792969 0.451562 0.635938 0.215625 0.621875
