0 0.00103188 0.034375 0.579687 0.05625 0.615625
1 0.00108433 0.828125 0.0203125 0.1625 0.040625
2 0.00109768 0.59375 0.670313 0.125 0.546875
1 0.00112724 0.0734375 0.576563 0.121875 0.634375
1 0.00129414 0.59375 0.667188 0.1125 0.540625
1 0.0013895 0.353125 0.496875 0.18125 0.25625
1 0.00168514 0.465625 0.482812 0.15 0.246875
2 0.00222588 0.123438 0.01875 0.196875 0.0375
2 0.00292206 0.40625 0.871875 0.1875 0.19375
2 0.0032444 0.526563 0.479688 0.184375 0.215625
0 0.0039444 0.0765625 0.575 0.128125 0.68125
0 0.00451279 0.83125 0.33125 0.225 0.55
1 0.00741577 0.528125 0.473437 0.18125 0.215625
0 0.0110016 0.946875 0.090625 0.10625 0.16875
1 0.340332 0.53125 0.657812 0.225 0.596875
1 0.545898 0.346875 0.667188 0.21875 0.590625
2 0.826172 0.348437 0.659375 0.209375 0.60625
2 0.83252 0.532812 0.665625 0.221875 0.60625
