1 0.00104237 0.034375 0.579687 0.05625 0.578125
1 0.00104427 0.128125 0.5625 0.19375 0.65625
0 0.00152397 0.13125 0.565625 0.21875 0.71875
2 0.00172615 0.128125 0.0171875 0.19375 0.034375
2 0.00246811 0.960938 0.117188 0.078125 0.234375
2 0.00255585 0.451562 0.864062 0.103125 0.259375
0 0.00281143 0.823438 0.354688 0.234375 0.578125
0 0.00305557 0.475 0.51875 0.2 0.4625
1 0.00428009 0.071875 0.58125 0.10625 0.59375
0 0.00442123 0.948438 0.101562 0.103125 0.190625
0 0.00457001 0.898438 0.5375 0.196875 0.625
0 0.00530243 0.0734375 0.579687 0.115625 0.615625
2 0.899902 0.545313 0.823438 0.284375 0.340625
