1 0.00112152 0.825 0.351562 0.26875 0.671875
0 0.00112152 0.751562 0.415625 0.221875 0.61875
0 0.0011797 0.0359375 0.589063 0.065625 0.596875
1 0.00120163 0.13125 0.342187 0.20625 0.653125
0 0.0012064 0.904688 0.545313 0.171875 0.621875
1 0.00125313 0.471875 0.321875 0.1875 0.18125
2 0.00200653 0.13125 0.01875 0.2125 0.0375
1 0.00236511 0.221875 0.576563 0.23125 0.621875
1 0.00273705 0.825 0.021875 0.1625 0.04375
0 0.00292206 0.489062 0.507812 0.209375 0.559375
2 0.00311089 0.95625 0.1125 0.0875 0.225
0 0.00319099 0.165625 0.632812 0.2 0.590625
1 0.00411987 0.071875 0.5875 0.10625 0.6125
1 0.00412369 0.14375 0.570312 0.23125 0.715625
0 0.00426102 0.823438 0.346875 0.240625 0.60625
1 0.00618362 0.95 0.101562 0.09375 0.190625
0 0.00633621 0.075 0.585938 0.11875 0.640625
0 0.00932312 0.95 0.101562 0.1 0.190625
1 0.924805 0.4875 0.498437 0.2125 0.553125
