2 0.00109673 0.103125 0.835938 0.18125 0.290625
0 0.00118446 0.434375 0.470313 0.1875 0.384375
0 0.00130272 0.521875 0.615625 0.2 0.40625
1 0.00138664 0.0421875 0.223438 0.084375 0.384375
0 0.00151825 0.942187 0.0875 0.115625 0.1625
1 0.00156879 0.945312 0.0875 0.109375 0.1625
2 0.00195026 0.128125 0.0171875 0.19375 0.034375
2 0.00270271 0.0515625 0.390625 0.090625 0.2625
0 0.00403976 0.053125 0.585938 0.1 0.540625
0 0.00408936 0.0359375 0.38125 0.065625 0.25
1 0.00453568 0.046875 0.382812 0.08125 0.259375
2 0.271973 0.05625 0.651563 0.10625 0.621875
1 0.828125 0.0625 0.610937 0.11875 0.671875
