2 0.00110817 0.173438 0.745313 0.203125 0.346875
2 0.00117493 0.229687 0.690625 0.228125 0.23125
1 0.00119114 0.825 0.0234375 0.1625 0.046875
1 0.00146484 0.0734375 0.5875 0.128125 0.19375
2 0.00147438 0.35 0.83125 0.2375 0.3375
2 0.00176144 0.409375 0.86875 0.11875 0.24375
2 0.00197601 0.454688 0.871875 0.115625 0.25625
0 0.00258446 0.1125 0.776563 0.21875 0.415625
2 0.00268745 0.129688 0.01875 0.190625 0.0375
2 0.00396729 0.16875 0.953125 0.275 0.09375
1 0.00647354 0.107813 0.640625 0.146875 0.30625
0 0.00830078 0.05 0.745313 0.1 0.459375
2 0.0102158 0.109375 0.642187 0.15 0.309375
2 0.0173645 0.0734375 0.592188 0.128125 0.203125
2 0.0180817 0.0390625 0.91875 0.078125 0.1625
1 0.0252686 0.226562 0.776563 0.296875 0.378125
2 0.026001 0.0828125 0.909375 0.165625 0.18125
2 0.232056 0.129688 0.8625 0.259375 0.275
2 0.405273 0.075 0.728125 0.15 0.46875
1 0.589844 0.078125 0.732813 0.15625 0.503125
2 0.733887 0.25 0.795313 0.4125 0.409375
