1 0.00114918 0.0671875 0.585938 0.096875 0.640625
1 0.00148964 0.525 0.6375 0.225 0.3375
2 0.00162792 0.914062 0.8625 0.171875 0.275
0 0.00172901 0.479688 0.509375 0.190625 0.40625
2 0.00218582 0.960938 0.0953125 0.078125 0.184375
1 0.00223923 0.964063 0.0921875 0.071875 0.171875
0 0.00238609 0.951563 0.09375 0.096875 0.175
2 0.00268364 0.128125 0.01875 0.19375 0.0375
0 0.00291061 0.878125 0.59375 0.20625 0.26875
2 0.00345993 0.514063 0.748438 0.271875 0.378125
0 0.00358963 0.834375 0.260938 0.24375 0.509375
2 0.00382614 0.879687 0.590625 0.203125 0.25625
0 0.00601578 0.515625 0.671875 0.2125 0.26875
2 0.00624084 0.964063 0.946875 0.059375 0.10625
2 0.00848389 0.926562 0.957812 0.140625 0.084375
2 0.0108185 0.490625 0.682813 0.2125 0.209375
2 0.0196686 0.978125 0.859375 0.04375 0.28125
0 0.0415344 0.896875 0.725 0.19375 0.51875
0 0.0657959 0.934375 0.5375 0.13125 0.19375
2 0.0751953 0.970312 0.720312 0.059375 0.496875
0 0.0756836 0.960938 0.584375 0.078125 0.3125
2 0.89209 0.884375 0.728125 0.225 0.54375
