2 0.00115967 0.490625 0.489062 0.19375 0.209375
2 0.00128937 0.123438 0.01875 0.190625 0.0375
1 0.00170803 0.104687 0.325 0.165625 0.54375
1 0.00171852 0.573438 0.15625 0.128125 0.2375
0 0.0019722 0.946875 0.096875 0.10625 0.175
0 0.0036068 0.075 0.582812 0.125 0.659375
1 0.00432587 0.298438 0.489062 0.203125 0.234375
1 0.00489044 0.828125 0.0234375 0.15625 0.046875
0 0.00574112 0.576563 0.154687 0.128125 0.240625
2 0.00867462 0.28125 0.8625 0.1625 0.25
1 0.0119095 0.484375 0.490625 0.20625 0.225
1 0.0366516 0.496875 0.679688 0.25 0.546875
1 0.119751 0.303125 0.654688 0.21875 0.578125
2 0.836914 0.295312 0.68125 0.228125 0.625
2 0.859863 0.496875 0.6875 0.2375 0.625
