0 0.00107288 0.0359375 0.582812 0.059375 0.590625
0 0.0013628 0.273438 0.539062 0.215625 0.609375
0 0.00164127 0.139062 0.576563 0.221875 0.709375
2 0.00212669 0.121875 0.0171875 0.1875 0.034375
1 0.00219917 0.9625 0.0984375 0.075 0.196875
1 0.00232315 0.776563 0.346875 0.196875 0.50625
2 0.00300789 0.570312 0.748438 0.271875 0.453125
1 0.00330162 0.0703125 0.584375 0.096875 0.60625
0 0.00397491 0.854688 0.45 0.203125 0.625
0 0.00433731 0.0703125 0.582812 0.109375 0.634375
1 0.00476074 0.279687 0.475 0.221875 0.60625
1 0.00691223 0.845312 0.359375 0.215625 0.59375
0 0.0104599 0.95 0.096875 0.1 0.18125
1 0.936035 0.565625 0.3625 0.2125 0.5125
