0 0.00112247 0.820312 0.259375 0.209375 0.475
1 0.00141716 0.946875 0.1125 0.09375 0.21875
0 0.00152493 0.13125 0.571875 0.1875 0.6375
0 0.00226784 0.0390625 0.589063 0.065625 0.571875
1 0.00276756 0.134375 0.571875 0.2125 0.7
2 0.00376892 0.125 0.01875 0.1875 0.0375
1 0.00884247 0.071875 0.590625 0.09375 0.59375
0 0.0099411 0.94375 0.101562 0.1125 0.184375
0 0.0106812 0.0734375 0.5875 0.109375 0.6125
1 0.203125 0.576563 0.673437 0.246875 0.540625
2 0.890137 0.575 0.676562 0.2375 0.584375
