2 0.00104809 0.275 0.751562 0.10625 0.496875
1 0.00106144 0.825 0.273438 0.2 0.496875
0 0.00109768 0.95 0.096875 0.1 0.175
2 0.00172043 0.217187 0.934375 0.103125 0.11875
2 0.00188828 0.270312 0.9625 0.153125 0.0625
2 0.00226021 0.157813 0.535937 0.221875 0.215625
1 0.00227356 0.376563 0.523438 0.221875 0.184375
2 0.00255013 0.0375 0.728125 0.05625 0.4875
2 0.00266075 0.126563 0.01875 0.196875 0.0375
1 0.00383759 0.15 0.526563 0.21875 0.203125
1 0.00483322 0.121875 0.245312 0.2125 0.490625
2 0.00652313 0.0828125 0.71875 0.109375 0.5125
2 0.0108109 0.140625 0.923437 0.18125 0.146875
2 0.012001 0.3125 0.689062 0.1125 0.521875
2 0.0141373 0.41875 0.532812 0.2375 0.215625
2 0.902832 0.425 0.721875 0.30625 0.55625
2 0.95752 0.157813 0.7125 0.259375 0.575
