0 0.00122261 0.7 0.8375 0.225 0.3125
2 0.0012722 0.446875 0.70625 0.3375 0.4875
0 0.00182629 0.46875 0.807813 0.26875 0.315625
0 0.00197983 0.160938 0.492188 0.184375 0.259375
0 0.00206566 0.35625 0.623438 0.16875 0.528125
2 0.00208282 0.626562 0.95625 0.221875 0.075
0 0.0022316 0.964063 0.192188 0.071875 0.384375
2 0.00224686 0.1625 0.64375 0.2375 0.6125
0 0.00235176 0.109375 0.245312 0.2 0.490625
0 0.00259781 0.775 0.573438 0.2 0.359375
2 0.00281525 0.83125 0.885938 0.325 0.221875
1 0.00300217 0.701563 0.153125 0.234375 0.28125
1 0.00301933 0.1625 0.489062 0.18125 0.259375
0 0.00304413 0.93125 0.2875 0.1375 0.5125
2 0.00307083 0.234375 0.807813 0.25625 0.278125
2 0.00416946 0.970312 0.803125 0.059375 0.39375
0 0.00444794 0.821875 0.485938 0.2 0.309375
2 0.00498581 0.345313 0.823438 0.265625 0.259375
0 0.00548935 0.884375 0.0609375 0.18125 0.121875
0 0.00641251 0.878125 0.24375 0.19375 0.475
1 0.00679398 0.70625 0.285937 0.2625 0.353125
2 0.00790405 0.925 0.954687 0.15 0.090625
2 0.0102158 0.904688 0.91875 0.178125 0.1625
0 0.0106354 0.684375 0.0734375 0.20625 0.146875
0 0.0127869 0.192188 0.660937 0.234375 0.553125
2 0.0138397 0.848437 0.615625 0.265625 0.3125
2 0.0152664 0.964063 0.923437 0.065625 0.153125
1 0.0218811 0.353125 0.625 0.16875 0.58125
2 0.0222015 0.49375 0.839063 0.2875 0.265625
0 0.0269012 0.770312 0.773438 0.278125 0.434375
1 0.0284119 0.498437 0.176563 0.178125 0.334375
0 0.028717 0.9625 0.771875 0.075 0.4375
0 0.0302582 0.703125 0.14375 0.225 0.26875
0 0.0341797 0.698438 0.285937 0.228125 0.303125
2 0.0345459 0.684375 0.914062 0.24375 0.159375
1 0.0466919 0.603125 0.215625 0.18125 0.41875
1 0.0654297 0.3875 0.490625 0.1875 0.35
0 0.0796509 0.864062 0.598437 0.215625 0.278125
0 0.0891724 0.9375 0.0921875 0.125 0.184375
2 0.0973511 0.717188 0.84375 0.284375 0.3
0 0.146484 0.382812 0.49375 0.203125 0.35625
0 0.289795 0.489062 0.1625 0.165625 0.30625
0 0.385254 0.86875 0.739062 0.25 0.496875
0 0.459961 0.432813 0.653125 0.259375 0.575
1 0.475586 0.432813 0.651563 0.259375 0.571875
2 0.725586 0.829687 0.751562 0.334375 0.490625
0 0.744629 0.609375 0.215625 0.16875 0.40625
1 0.810059 0.179688 0.640625 0.234375 0.575
0 0.844727 0.709375 0.434375 0.225 0.55
