0 0.00125122 0.810938 0.279687 0.253125 0.559375
2 0.00152016 0.0703125 0.95625 0.134375 0.08125
2 0.00158405 0.125 0.01875 0.18125 0.0375
2 0.00192928 0.325 0.684375 0.25 0.2
0 0.00196266 0.514063 0.767187 0.153125 0.459375
2 0.00271225 0.451562 0.91875 0.228125 0.15625
0 0.00273514 0.323438 0.6875 0.240625 0.2
2 0.00291443 0.170312 0.78125 0.121875 0.40625
0 0.00302124 0.415625 0.7875 0.24375 0.4
1 0.00372505 0.1 0.315625 0.18125 0.58125
2 0.00414658 0.078125 0.65 0.1375 0.2125
1 0.00619507 0.946875 0.103125 0.10625 0.19375
0 0.00826263 0.945312 0.101562 0.109375 0.190625
2 0.00837708 0.228125 0.820312 0.14375 0.359375
2 0.913086 0.090625 0.784375 0.175 0.43125
2 0.921387 0.354688 0.79375 0.403125 0.4125
