2 0.00100613 0.170312 0.596875 0.196875 0.21875
0 0.00128269 0.946875 0.096875 0.1 0.175
1 0.00144196 0.06875 0.596875 0.125 0.21875
2 0.00154495 0.954687 0.11875 0.090625 0.2375
2 0.00190449 0.354688 0.78125 0.128125 0.4
1 0.0019083 0.16875 0.59375 0.19375 0.2
2 0.00270462 0.128125 0.01875 0.19375 0.0375
2 0.00702667 0.225 0.676562 0.2875 0.278125
1 0.0131836 0.103125 0.635938 0.13125 0.296875
2 0.0205536 0.06875 0.603125 0.125 0.23125
2 0.0306244 0.0390625 0.85 0.078125 0.3
2 0.0717773 0.11875 0.809375 0.225 0.38125
2 0.417236 0.0671875 0.728125 0.134375 0.49375
1 0.625488 0.065625 0.71875 0.13125 0.475
2 0.847656 0.217187 0.765625 0.390625 0.45625
