1 0.00119686 0.189063 0.479688 0.184375 0.334375
2 0.00122738 0.35 0.71875 0.14375 0.5125
1 0.00171947 0.821875 0.021875 0.1625 0.04375
2 0.0017643 0.184375 0.671875 0.13125 0.6
0 0.00186825 0.946875 0.101562 0.10625 0.184375
1 0.00199699 0.114063 0.321875 0.184375 0.51875
2 0.00277519 0.125 0.0203125 0.19375 0.040625
1 0.00403595 0.264062 0.504687 0.240625 0.215625
0 0.00675201 0.0640625 0.6875 0.128125 0.625
2 0.0292969 0.0609375 0.740625 0.121875 0.51875
2 0.0545349 0.0453125 0.834375 0.090625 0.33125
2 0.682129 0.0515625 0.921875 0.103125 0.14375
2 0.912109 0.273438 0.7 0.278125 0.6
