1 0.00111294 0.482812 0.607813 0.228125 0.384375
0 0.00137901 0.714063 0.645312 0.153125 0.303125
1 0.00163078 0.85625 0.375 0.2375 0.59375
0 0.00200653 0.0390625 0.578125 0.065625 0.6
1 0.00202179 0.114063 0.475 0.209375 0.73125
0 0.00566864 0.946875 0.0875 0.10625 0.16875
1 0.00650024 0.0734375 0.576563 0.109375 0.628125
0 0.00701904 0.859375 0.375 0.21875 0.525
0 0.00822449 0.075 0.573438 0.11875 0.665625
0 0.0135803 0.50625 0.567187 0.2375 0.428125
1 0.187988 0.696875 0.284375 0.2 0.475
0 0.227783 0.314063 0.178125 0.146875 0.2875
1 0.644043 0.3125 0.179688 0.15625 0.290625
0 0.833008 0.695312 0.282813 0.196875 0.484375
