1 0.00100803 0.0359375 0.582812 0.059375 0.584375
0 0.00111103 0.68125 0.7875 0.25 0.36875
2 0.00142574 0.584375 0.909375 0.13125 0.16875
2 0.00175953 0.720312 0.959375 0.234375 0.08125
2 0.00186539 0.95625 0.1125 0.0875 0.21875
0 0.00198746 0.0421875 0.58125 0.078125 0.625
0 0.00227547 0.448438 0.546875 0.284375 0.64375
2 0.00258636 0.926562 0.860937 0.140625 0.265625
2 0.00272942 0.126563 0.01875 0.196875 0.0375
1 0.00345802 0.0671875 0.582812 0.103125 0.621875
0 0.0036068 0.476562 0.476562 0.190625 0.415625
1 0.00366783 0.948438 0.101562 0.096875 0.190625
2 0.00407028 0.865625 0.960938 0.26875 0.078125
0 0.00449753 0.946875 0.101562 0.10625 0.184375
0 0.00522614 0.732813 0.695312 0.253125 0.203125
0 0.0065155 0.851562 0.353125 0.240625 0.5875
2 0.00823212 0.967188 0.917188 0.059375 0.165625
0 0.00995636 0.923437 0.826563 0.140625 0.334375
2 0.0291748 0.64375 0.859375 0.1875 0.26875
2 0.041626 0.839063 0.859375 0.315625 0.28125
0 0.0558167 0.817187 0.80625 0.340625 0.3875
2 0.903809 0.757812 0.795313 0.434375 0.409375
