2 0.00104713 0.959375 0.107813 0.08125 0.215625
1 0.00107288 0.83125 0.021875 0.1625 0.04375
1 0.00111675 0.123438 0.571875 0.178125 0.625
2 0.00118828 0.0578125 0.846875 0.078125 0.28125
0 0.00139332 0.132812 0.646875 0.171875 0.59375
0 0.00156498 0.040625 0.639063 0.075 0.515625
0 0.00162315 0.48125 0.56875 0.2125 0.44375
2 0.00167561 0.4875 0.673437 0.225 0.228125
0 0.00204468 0.585938 0.173438 0.121875 0.253125
2 0.0021019 0.123438 0.01875 0.184375 0.0375
0 0.00413132 0.075 0.59375 0.15 0.73125
0 0.00526428 0.94375 0.0984375 0.1125 0.196875
1 0.010437 0.946875 0.0953125 0.1 0.184375
1 0.0626831 0.05 0.632812 0.0875 0.621875
2 0.432617 0.040625 0.75625 0.08125 0.40625
