0 0.00101185 0.0421875 0.439063 0.078125 0.284375
1 0.0012455 0.621875 0.248437 0.20625 0.453125
2 0.0017519 0.965625 0.940625 0.06875 0.11875
2 0.00178909 0.921875 0.95625 0.15625 0.0875
1 0.00256729 0.434375 0.335938 0.18125 0.353125
0 0.00259972 0.59375 0.184375 0.15625 0.3375
0 0.00312996 0.625 0.415625 0.1375 0.45625
2 0.00332451 0.684375 0.765625 0.225 0.46875
2 0.00356865 0.829687 0.523438 0.259375 0.353125
1 0.00379562 0.367188 0.684375 0.203125 0.61875
2 0.00386047 0.965625 0.80625 0.06875 0.3875
0 0.00399017 0.89375 0.453125 0.1625 0.44375
0 0.00466537 0.146875 0.585938 0.18125 0.534375
2 0.00484467 0.704687 0.875 0.153125 0.25
1 0.00559616 0.782812 0.348437 0.203125 0.340625
2 0.00571823 0.365625 0.707812 0.20625 0.584375
0 0.00756836 0.0375 0.604688 0.075 0.528125
0 0.00796509 0.959375 0.784375 0.075 0.41875
0 0.0082016 0.476562 0.479688 0.146875 0.459375
0 0.00904083 0.415625 0.525 0.15625 0.43125
0 0.0104675 0.960938 0.296875 0.078125 0.59375
0 0.0122375 0.0765625 0.490625 0.140625 0.3125
0 0.0136337 0.773438 0.734375 0.209375 0.44375
0 0.0140686 0.915625 0.771875 0.1625 0.4375
2 0.0145035 0.915625 0.770312 0.16875 0.428125
2 0.0183868 0.978125 0.864062 0.04375 0.271875
0 0.0218964 0.51875 0.748438 0.20625 0.503125
2 0.0278931 0.0796875 0.6625 0.159375 0.54375
0 0.0342712 0.935938 0.0875 0.128125 0.175
2 0.0412292 0.510938 0.828125 0.221875 0.34375
2 0.0712891 0.748438 0.826563 0.184375 0.346875
1 0.274658 0.08125 0.65 0.1625 0.55625
0 0.664062 0.839063 0.56875 0.240625 0.375
0 0.673828 0.44375 0.335938 0.175 0.353125
0 0.694336 0.782812 0.364062 0.196875 0.353125
0 0.734863 0.632812 0.26875 0.203125 0.4875
0 0.760742 0.0859375 0.640625 0.159375 0.55625
0 0.786133 0.382812 0.695312 0.209375 0.603125
2 0.877441 0.823438 0.790625 0.353125 0.4125
0 0.905273 0.554688 0.58125 0.203125 0.61875
