0 0.00101662 0.83125 0.425 0.14375 0.4375
0 0.00107288 0.389062 0.428125 0.196875 0.38125
0 0.00107479 0.332812 0.498437 0.184375 0.296875
2 0.00112438 0.435937 0.107813 0.246875 0.209375
0 0.00115871 0.9625 0.135937 0.06875 0.271875
0 0.0011692 0.632812 0.5 0.146875 0.46875
0 0.00135422 0.467187 0.373437 0.203125 0.328125
0 0.00135708 0.8875 0.276563 0.18125 0.378125
1 0.00139141 0.864062 0.659375 0.215625 0.6125
2 0.00158024 0.459375 0.873438 0.2125 0.171875
1 0.00159645 0.245312 0.0984375 0.184375 0.178125
2 0.00178528 0.329688 0.80625 0.240625 0.28125
0 0.00251198 0.78125 0.51875 0.15 0.4625
0 0.00251389 0.0421875 0.628125 0.078125 0.6
0 0.00273514 0.229687 0.635938 0.115625 0.503125
0 0.00273895 0.439063 0.046875 0.240625 0.09375
0 0.00275612 0.078125 0.265625 0.15 0.50625
0 0.00279999 0.151562 0.434375 0.178125 0.23125
1 0.00284767 0.41875 0.307813 0.1875 0.303125
0 0.00304794 0.48125 0.215625 0.1875 0.31875
0 0.00372124 0.573438 0.615625 0.134375 0.63125
2 0.00384712 0.875 0.884375 0.1875 0.16875
1 0.0044136 0.104687 0.64375 0.165625 0.6375
0 0.00445938 0.56875 0.429688 0.175 0.496875
0 0.00479126 0.960938 0.4375 0.071875 0.325
0 0.00504684 0.915625 0.489062 0.16875 0.359375
0 0.00511551 0.63125 0.34375 0.20625 0.34375
0 0.00540924 0.525 0.126563 0.2125 0.246875
0 0.00723648 0.385938 0.634375 0.165625 0.58125
2 0.00733948 0.0984375 0.857813 0.184375 0.215625
0 0.0105133 0.367188 0.0796875 0.221875 0.159375
0 0.0142822 0.717188 0.490625 0.171875 0.44375
0 0.0197754 0.935938 0.0703125 0.128125 0.140625
0 0.019989 0.9625 0.626562 0.075 0.640625
0 0.0220184 0.878125 0.389062 0.18125 0.259375
1 0.0324097 0.660937 0.623438 0.203125 0.615625
0 0.0451355 0.939062 0.229687 0.121875 0.459375
0 0.04776 0.435937 0.120312 0.203125 0.228125
0 0.0522766 0.267188 0.0875 0.184375 0.15
1 0.0739136 0.30625 0.673437 0.2 0.528125
0 0.161255 0.675 0.21875 0.1875 0.39375
0 0.236572 0.51875 0.535937 0.175 0.496875
0 0.575684 0.56875 0.257812 0.18125 0.409375
0 0.716797 0.765625 0.292188 0.19375 0.409375
0 0.731934 0.307813 0.660937 0.196875 0.540625
0 0.732422 0.41875 0.317187 0.175 0.284375
0 0.835938 0.467187 0.626562 0.203125 0.628125
0 0.858398 0.1375 0.629687 0.2 0.628125
0 0.867676 0.884375 0.64375 0.23125 0.6375
0 0.888672 0.68125 0.621875 0.2125 0.61875
