0 0.00109863 0.959375 0.215625 0.08125 0.425
0 0.00185966 0.30625 0.325 0.1875 0.425
0 0.00190639 0.5625 0.4125 0.20625 0.19375
0 0.00243378 0.2375 0.475 0.275 0.7
0 0.00327301 0.8625 0.54375 0.2 0.60625
0 0.004879 0.148438 0.545313 0.228125 0.740625
0 0.00826263 0.653125 0.398438 0.21875 0.228125
1 0.0083313 0.951563 0.09375 0.096875 0.18125
0 0.0138779 0.948438 0.09375 0.103125 0.18125
1 0.015213 0.0703125 0.584375 0.096875 0.60625
0 0.0153732 0.839063 0.31875 0.259375 0.58125
0 0.019165 0.75625 0.357812 0.2375 0.434375
0 0.0267944 0.071875 0.579687 0.10625 0.628125
0 0.0365295 0.725 0.432813 0.15 0.321875
1 0.0783691 0.678125 0.578125 0.20625 0.525
0 0.86377 0.551562 0.595312 0.203125 0.559375
0 0.869141 0.6875 0.575 0.1875 0.5
