0 0.00170517 0.040625 0.579687 0.075 0.634375
1 0.00190735 0.823438 0.021875 0.159375 0.04375
0 0.0024929 0.845312 0.35 0.228125 0.6
2 0.00255966 0.126563 0.01875 0.209375 0.0375
1 0.00312233 0.0765625 0.584375 0.121875 0.60625
1 0.00329018 0.467187 0.50625 0.215625 0.2125
1 0.00417709 0.128125 0.348437 0.19375 0.640625
0 0.0053978 0.120312 0.565625 0.215625 0.6875
0 0.00619507 0.946875 0.0984375 0.10625 0.178125
1 0.205078 0.482812 0.665625 0.240625 0.53125
2 0.900391 0.48125 0.665625 0.2375 0.55625
