0 0.00103569 0.765625 0.253125 0.26875 0.44375
2 0.00110817 0.726562 0.935938 0.209375 0.128125
2 0.00117493 0.728125 0.50625 0.28125 0.2375
0 0.00134563 0.0375 0.584375 0.0625 0.58125
2 0.00137043 0.571875 0.903125 0.20625 0.19375
0 0.00143051 0.275 0.570312 0.20625 0.534375
0 0.00149918 0.367188 0.457812 0.284375 0.584375
0 0.0022049 0.851562 0.320312 0.253125 0.509375
2 0.00269318 0.125 0.01875 0.19375 0.0375
0 0.00336838 0.946875 0.101562 0.10625 0.190625
2 0.00350571 0.61875 0.720312 0.13125 0.528125
1 0.00510406 0.0703125 0.5875 0.090625 0.6
0 0.0057373 0.071875 0.584375 0.10625 0.625
0 0.00683975 0.821875 0.6375 0.16875 0.5125
0 0.0117111 0.429688 0.5625 0.228125 0.5125
0 0.0170135 0.623438 0.68125 0.134375 0.55
0 0.0368652 0.729688 0.709375 0.359375 0.5625
0 0.0463257 0.696875 0.498437 0.24375 0.221875
2 0.879395 0.728125 0.698438 0.3375 0.603125
