2 0.00103951 0.55 0.764063 0.2 0.471875
0 0.0012989 0.720312 0.129688 0.165625 0.259375
0 0.00136948 0.523438 0.685938 0.259375 0.628125
2 0.00201225 0.13125 0.0171875 0.2 0.034375
2 0.00260544 0.929688 0.928125 0.121875 0.14375
0 0.00396347 0.96875 0.778125 0.0625 0.41875
0 0.00422668 0.803125 0.765625 0.39375 0.46875
2 0.00501633 0.809375 0.620313 0.3 0.203125
0 0.0104599 0.815625 0.596875 0.26875 0.18125
2 0.0135269 0.970312 0.8625 0.059375 0.275
0 0.0166168 0.926562 0.767187 0.140625 0.465625
2 0.0219879 0.671875 0.789062 0.1875 0.403125
2 0.0409851 0.635938 0.85 0.128125 0.2875
0 0.510254 0.640625 0.19375 0.1875 0.375
1 0.641113 0.639063 0.190625 0.196875 0.36875
2 0.935059 0.778125 0.759375 0.425 0.48125
