2 0.00102615 0.157813 0.6625 0.315625 0.675
1 0.00111771 0.81875 0.264062 0.2375 0.496875
1 0.00146484 0.829687 0.021875 0.171875 0.04375
0 0.00148296 0.457812 0.476562 0.253125 0.440625
0 0.00172424 0.729688 0.2625 0.190625 0.525
2 0.00248528 0.959375 0.090625 0.08125 0.18125
1 0.00437164 0.114063 0.228125 0.203125 0.45625
1 0.00482559 0.945312 0.0859375 0.103125 0.165625
0 0.00495148 0.075 0.3125 0.15 0.54375
2 0.0056839 0.2125 0.882812 0.175 0.140625
0 0.00587463 0.94375 0.0875 0.1125 0.1625
1 0.00873566 0.0671875 0.660937 0.134375 0.603125
0 0.0204163 0.0828125 0.632812 0.134375 0.653125
2 0.0340271 0.084375 0.81875 0.16875 0.2875
2 0.0372314 0.0359375 0.709375 0.071875 0.5125
2 0.0422668 0.145313 0.8625 0.234375 0.2125
0 0.11676 0.0359375 0.673437 0.071875 0.590625
0 0.483398 0.151562 0.640625 0.221875 0.58125
1 0.617188 0.15 0.64375 0.25 0.625
