0 0.00112915 0.145313 0.651563 0.215625 0.609375
2 0.00121307 0.129688 0.01875 0.196875 0.0375
1 0.00129128 0.842188 0.273438 0.215625 0.515625
2 0.00130558 0.95625 0.117188 0.0875 0.234375
1 0.00138855 0.457812 0.717188 0.246875 0.534375
1 0.00227165 0.132812 0.453125 0.228125 0.73125
1 0.00231552 0.457812 0.521875 0.203125 0.19375
1 0.00277328 0.0765625 0.579687 0.115625 0.590625
0 0.00335884 0.84375 0.3375 0.225 0.575
0 0.00389862 0.948438 0.1 0.103125 0.18125
0 0.00470352 0.0796875 0.576563 0.128125 0.609375
2 0.958008 0.470313 0.710938 0.246875 0.578125
