0 0.00109291 0.7625 0.779688 0.23125 0.434375
2 0.00124073 0.545313 0.864062 0.090625 0.253125
2 0.00139046 0.501562 0.83125 0.171875 0.325
0 0.00147152 0.665625 0.645312 0.24375 0.203125
2 0.00165081 0.80625 0.867188 0.15 0.253125
0 0.00191212 0.440625 0.46875 0.23125 0.41875
2 0.0021553 0.125 0.01875 0.1875 0.0375
1 0.0022049 0.071875 0.589063 0.09375 0.584375
0 0.00222969 0.840625 0.353125 0.2375 0.5625
0 0.00232124 0.0734375 0.5875 0.109375 0.6
0 0.00330162 0.948438 0.096875 0.103125 0.18125
2 0.0671387 0.575 0.778125 0.13125 0.41875
2 0.897949 0.682813 0.775 0.340625 0.45
