2 0.00103569 0.64375 0.0296875 0.21875 0.059375
0 0.00104523 0.08125 0.582812 0.1125 0.578125
0 0.0026474 0.667188 0.0328125 0.240625 0.065625
0 0.00323868 0.7625 0.11875 0.1875 0.2375
0 0.00325012 0.882812 0.485938 0.159375 0.571875
0 0.00340652 0.860937 0.0609375 0.165625 0.121875
0 0.0133667 0.459375 0.55 0.2625 0.5
0 0.0153503 0.96875 0.260938 0.0625 0.521875
0 0.03125 0.670313 0.13125 0.234375 0.2625
0 0.0769653 0.946875 0.0875 0.10625 0.175
1 0.112183 0.753125 0.35625 0.2125 0.59375
0 0.112915 0.9375 0.320312 0.125 0.621875
1 0.171143 0.604688 0.226562 0.165625 0.403125
0 0.826172 0.6125 0.229687 0.18125 0.409375
0 0.848145 0.753125 0.35 0.20625 0.575
