0 0.0012188 0.04375 0.365625 0.08125 0.68125
0 0.00132942 0.415625 0.757812 0.19375 0.328125
2 0.00184822 0.807813 0.921875 0.234375 0.15625
0 0.00193596 0.0359375 0.582812 0.059375 0.609375
1 0.00203514 0.876562 0.421875 0.228125 0.36875
0 0.00216675 0.0796875 0.0359375 0.146875 0.071875
0 0.00233269 0.692187 0.229687 0.215625 0.384375
0 0.00272179 0.43125 0.210938 0.175 0.365625
0 0.00289726 0.454688 0.409375 0.209375 0.2625
2 0.00326157 0.953125 0.871875 0.09375 0.25625
0 0.00339317 0.86875 0.3375 0.19375 0.16875
2 0.00358391 0.857813 0.415625 0.259375 0.35
0 0.00375366 0.967188 0.16875 0.065625 0.3375
0 0.00622559 0.0328125 0.0796875 0.065625 0.159375
0 0.00642014 0.884375 0.565625 0.19375 0.39375
0 0.00754547 0.115625 0.340625 0.18125 0.5375
2 0.00798035 0.884375 0.848437 0.21875 0.303125
0 0.00831604 0.921875 0.682813 0.14375 0.496875
0 0.0103302 0.0734375 0.576563 0.121875 0.671875
0 0.0103912 0.934375 0.276563 0.13125 0.509375
1 0.0115433 0.485938 0.160938 0.178125 0.278125
2 0.0189667 0.920313 0.929688 0.146875 0.134375
2 0.0219879 0.8375 0.953125 0.2125 0.0875
0 0.0282898 0.83125 0.207813 0.2625 0.415625
0 0.0474548 0.946875 0.115625 0.10625 0.23125
1 0.058075 0.45625 0.589063 0.21875 0.534375
0 0.221924 0.485938 0.157813 0.165625 0.271875
2 0.297607 0.8375 0.74375 0.25 0.5125
0 0.569824 0.285937 0.265625 0.196875 0.5
0 0.577637 0.8625 0.435937 0.225 0.334375
1 0.685059 0.285937 0.259375 0.196875 0.49375
0 0.820312 0.840625 0.734375 0.24375 0.53125
0 0.85791 0.459375 0.585938 0.2125 0.553125
