2 0.00153923 0.128125 0.0171875 0.20625 0.034375
0 0.00197601 0.595312 0.482812 0.209375 0.284375
0 0.00203896 0.879687 0.0625 0.196875 0.125
0 0.00216866 0.0359375 0.582812 0.059375 0.596875
0 0.00222206 0.160938 0.542188 0.246875 0.765625
0 0.00346756 0.857813 0.554688 0.209375 0.603125
0 0.0035553 0.64375 0.425 0.1875 0.20625
2 0.00357819 0.959375 0.0953125 0.08125 0.190625
0 0.00389481 0.529688 0.589063 0.228125 0.221875
1 0.00453949 0.071875 0.58125 0.10625 0.61875
0 0.00477219 0.85 0.31875 0.24375 0.5375
2 0.00507736 0.432813 0.76875 0.140625 0.45
0 0.00685501 0.773438 0.24375 0.278125 0.45
0 0.00833893 0.25625 0.546875 0.25 0.66875
0 0.0118637 0.554688 0.735937 0.284375 0.465625
0 0.015564 0.0734375 0.578125 0.115625 0.65
0 0.0189362 0.945312 0.0984375 0.109375 0.196875
2 0.0228424 0.629687 0.684375 0.253125 0.59375
2 0.0355225 0.376563 0.91875 0.140625 0.15
2 0.1203 0.3875 0.85 0.15625 0.29375
0 0.720215 0.667188 0.626562 0.215625 0.609375
2 0.835938 0.525 0.751562 0.3 0.471875
