0 0.00101089 0.04375 0.367188 0.08125 0.653125
0 0.00101185 0.342187 0.620313 0.159375 0.559375
2 0.0012579 0.465625 0.90625 0.175 0.1875
0 0.00128269 0.9625 0.215625 0.075 0.43125
0 0.00165939 0.0375 0.576563 0.0625 0.609375
0 0.00212479 0.767187 0.4875 0.178125 0.3125
0 0.0022316 0.50625 0.596875 0.20625 0.4125
0 0.00231361 0.91875 0.321875 0.1625 0.53125
0 0.00310898 0.4125 0.385938 0.19375 0.203125
0 0.00329781 0.94375 0.090625 0.1125 0.175
0 0.00435638 0.346875 0.48125 0.13125 0.3375
0 0.00551987 0.564062 0.673437 0.128125 0.490625
1 0.00599289 0.717188 0.6375 0.190625 0.525
0 0.00621033 0.10625 0.36875 0.18125 0.6375
0 0.0125351 0.823438 0.246875 0.284375 0.48125
0 0.0143356 0.08125 0.567187 0.14375 0.690625
2 0.0419922 0.457812 0.6625 0.290625 0.6375
0 0.366943 0.4125 0.485938 0.25 0.378125
0 0.830078 0.457812 0.664062 0.290625 0.671875
0 0.834473 0.734375 0.63125 0.2125 0.5125
