0 0.0010519 0.3375 0.348437 0.2625 0.603125
0 0.00105858 0.945312 0.0921875 0.109375 0.171875
0 0.00110149 0.0375 0.584375 0.0625 0.6125
2 0.00122452 0.120312 0.0171875 0.184375 0.034375
2 0.00126266 0.51875 0.957812 0.175 0.071875
1 0.00160217 0.126563 0.359375 0.234375 0.71875
2 0.00161076 0.29375 0.79375 0.15 0.4125
0 0.00186062 0.825 0.360938 0.25 0.590625
2 0.00258827 0.334375 0.629687 0.2 0.190625
0 0.00273323 0.132812 0.453125 0.240625 0.73125
2 0.00398636 0.410937 0.976562 0.246875 0.046875
0 0.00585556 0.334375 0.635938 0.2 0.203125
0 0.00873566 0.0796875 0.58125 0.134375 0.69375
2 0.0210724 0.289062 0.929688 0.140625 0.134375
2 0.0292206 0.329688 0.951563 0.184375 0.084375
0 0.0437012 0.5125 0.771875 0.19375 0.44375
2 0.631836 0.498437 0.775 0.228125 0.45
2 0.852539 0.365625 0.767187 0.3 0.465625
