2 0.0010519 0.126563 0.01875 0.209375 0.0375
0 0.00116634 0.964063 0.171875 0.071875 0.34375
2 0.0012207 0.475 0.767187 0.26875 0.453125
1 0.00131989 0.639063 0.28125 0.190625 0.43125
0 0.00132942 0.809375 0.539062 0.1875 0.534375
0 0.0013752 0.860937 0.148438 0.196875 0.296875
1 0.00140667 0.704687 0.551562 0.196875 0.546875
0 0.00150108 0.873438 0.329688 0.221875 0.590625
0 0.00156403 0.0375 0.585938 0.0625 0.584375
0 0.00289917 0.7 0.157813 0.25625 0.284375
0 0.00347328 0.704687 0.0625 0.209375 0.11875
0 0.00569534 0.492188 0.65 0.234375 0.375
1 0.00724411 0.071875 0.582812 0.1 0.609375
0 0.00938416 0.0734375 0.579687 0.109375 0.634375
0 0.0103836 0.425 0.473437 0.25625 0.478125
0 0.0472412 0.94375 0.1 0.1125 0.2
1 0.264648 0.392188 0.151562 0.159375 0.253125
0 0.441895 0.390625 0.140625 0.15 0.24375
0 0.819336 0.646875 0.289062 0.19375 0.453125
0 0.865723 0.717188 0.5375 0.196875 0.55
