0 0.00100231 0.834375 0.76875 0.33125 0.4625
1 0.00100327 0.367188 0.45625 0.278125 0.5625
0 0.00101757 0.520312 0.45 0.209375 0.45625
0 0.0010643 0.434375 0.473437 0.1875 0.403125
0 0.00134563 0.951563 0.096875 0.096875 0.175
0 0.00137043 0.0421875 0.584375 0.078125 0.61875
0 0.00137997 0.834375 0.320312 0.25 0.509375
1 0.00157547 0.9375 0.134375 0.125 0.25625
2 0.00200272 0.9625 0.11875 0.075 0.2375
2 0.00204659 0.121875 0.01875 0.18125 0.0375
2 0.00226402 0.521875 0.823438 0.2 0.346875
1 0.00252724 0.826563 0.021875 0.159375 0.04375
1 0.00255203 0.06875 0.584375 0.1 0.61875
0 0.00265884 0.915625 0.771875 0.1625 0.43125
1 0.00328445 0.828125 0.254687 0.2375 0.490625
2 0.00354195 0.915625 0.775 0.16875 0.4375
2 0.0057106 0.926562 0.959375 0.140625 0.08125
2 0.00706863 0.965625 0.91875 0.06875 0.1625
0 0.00788879 0.478125 0.570312 0.20625 0.434375
2 0.0148926 0.96875 0.8125 0.0625 0.3625
2 0.0161743 0.685938 0.853125 0.128125 0.28125
2 0.0317383 0.728125 0.775 0.2 0.4375
2 0.0339355 0.821875 0.614062 0.26875 0.246875
0 0.101868 0.828125 0.590625 0.21875 0.21875
2 0.880371 0.798437 0.753125 0.403125 0.49375
