1 0.00103569 0.826563 0.0203125 0.153125 0.040625
2 0.00105572 0.498437 0.725 0.115625 0.5375
0 0.00113297 0.826563 0.264062 0.190625 0.490625
1 0.00143337 0.134375 0.56875 0.21875 0.7125
2 0.00167847 0.125 0.01875 0.1875 0.0375
1 0.00206566 0.0734375 0.584375 0.103125 0.60625
2 0.00302124 0.960938 0.0984375 0.078125 0.196875
0 0.00304794 0.075 0.58125 0.11875 0.625
2 0.00749207 0.579687 0.532812 0.209375 0.278125
1 0.00974274 0.948438 0.096875 0.096875 0.1875
0 0.0133743 0.946875 0.0953125 0.10625 0.184375
1 0.0253296 0.576563 0.501562 0.203125 0.215625
2 0.947266 0.576563 0.696875 0.246875 0.60625
