1 0.00107861 0.829687 0.0203125 0.165625 0.040625
0 0.00112629 0.671875 0.4875 0.1625 0.29375
1 0.00141335 0.0734375 0.5875 0.103125 0.5625
0 0.00180149 0.0765625 0.584375 0.115625 0.56875
2 0.00202751 0.7 0.665625 0.13125 0.53125
2 0.00231934 0.120312 0.01875 0.184375 0.0375
2 0.00266266 0.6375 0.49375 0.2 0.225
2 0.00271225 0.510938 0.973437 0.159375 0.040625
0 0.00286674 0.95 0.090625 0.1 0.16875
1 0.00685501 0.645312 0.5 0.196875 0.24375
1 0.0384521 0.628125 0.682813 0.2375 0.534375
2 0.896973 0.635938 0.676562 0.240625 0.596875
