1 0.00104427 0.06875 0.578125 0.10625 0.64375
0 0.00122261 0.5875 0.68125 0.1625 0.325
2 0.00158596 0.514063 0.720312 0.246875 0.171875
0 0.00174999 0.740625 0.795313 0.11875 0.409375
0 0.00196648 0.670313 0.86875 0.146875 0.25625
0 0.00237083 0.64375 0.575 0.15 0.31875
2 0.00271225 0.64375 0.725 0.3125 0.55
2 0.00279236 0.670313 0.88125 0.146875 0.2375
2 0.00295258 0.58125 0.960938 0.23125 0.071875
0 0.00353432 0.7125 0.590625 0.18125 0.34375
2 0.00366211 0.735937 0.88125 0.115625 0.2375
0 0.00369835 0.523438 0.434375 0.190625 0.20625
0 0.00436783 0.182812 0.454688 0.271875 0.809375
2 0.0047226 0.589063 0.726562 0.196875 0.340625
0 0.0047493 0.071875 0.576563 0.11875 0.696875
0 0.00608063 0.8375 0.235938 0.26875 0.453125
1 0.00626373 0.670313 0.15 0.203125 0.3
2 0.00655746 0.667188 0.954687 0.184375 0.090625
2 0.00657272 0.670313 0.620313 0.203125 0.390625
2 0.00662231 0.520312 0.539062 0.221875 0.434375
2 0.0085907 0.970312 0.757812 0.059375 0.459375
2 0.00865936 0.285937 0.903125 0.115625 0.18125
0 0.00956726 0.620313 0.8125 0.196875 0.375
0 0.0100479 0.73125 0.228125 0.2375 0.43125
2 0.0107727 0.832812 0.951563 0.221875 0.096875
2 0.0109634 0.965625 0.929688 0.06875 0.140625
0 0.0122299 0.582812 0.154687 0.146875 0.265625
0 0.0127411 0.778125 0.571875 0.13125 0.28125
2 0.0134506 0.91875 0.928125 0.1625 0.14375
2 0.0157623 0.623438 0.921875 0.215625 0.15625
0 0.0159454 0.945312 0.1 0.109375 0.1875
0 0.0162811 0.970312 0.58125 0.059375 0.34375
2 0.0172729 0.339063 0.865625 0.215625 0.25625
2 0.02388 0.771875 0.914062 0.2125 0.171875
2 0.0271606 0.871875 0.504687 0.23125 0.240625
0 0.0274048 0.971875 0.735937 0.05625 0.521875
0 0.0317688 0.253125 0.329688 0.2125 0.590625
0 0.0606689 0.676562 0.535937 0.159375 0.209375
0 0.0988159 0.878125 0.632812 0.2375 0.484375
2 0.125366 0.864062 0.896875 0.253125 0.20625
0 0.141968 0.675 0.14375 0.1875 0.2875
2 0.146606 0.770312 0.721875 0.228125 0.55625
2 0.252197 0.604688 0.8375 0.259375 0.325
0 0.343018 0.778125 0.723437 0.16875 0.496875
0 0.463867 0.875 0.501562 0.225 0.234375
0 0.516113 0.673437 0.7 0.196875 0.53125
2 0.724609 0.86875 0.721875 0.2625 0.55625
2 0.742188 0.423438 0.8375 0.409375 0.325
0 0.810059 0.51875 0.554688 0.2125 0.453125
