0 0.00155258 0.873438 0.05625 0.190625 0.1125
2 0.00167179 0.126563 0.914062 0.234375 0.171875
0 0.00180817 0.882812 0.654688 0.140625 0.521875
2 0.00181961 0.415625 0.90625 0.31875 0.16875
2 0.00185108 0.16875 0.9625 0.25 0.06875
0 0.00340652 0.128125 0.4625 0.175 0.4375
1 0.00345612 0.946875 0.114063 0.10625 0.228125
2 0.00345993 0.0859375 0.679688 0.171875 0.459375
0 0.00410843 0.8125 0.46875 0.18125 0.375
2 0.00441742 0.796875 0.657812 0.26875 0.603125
0 0.0045433 0.6125 0.442187 0.15625 0.240625
0 0.004673 0.965625 0.19375 0.06875 0.3875
0 0.00514984 0.314063 0.5375 0.165625 0.45
0 0.00810242 0.121875 0.648438 0.23125 0.328125
0 0.00882721 0.928125 0.332812 0.14375 0.584375
2 0.00933838 0.0453125 0.9 0.090625 0.2
0 0.0106812 0.239063 0.540625 0.190625 0.29375
0 0.0168762 0.034375 0.729688 0.06875 0.465625
0 0.0175934 0.264062 0.889063 0.265625 0.215625
0 0.0211487 0.770312 0.4375 0.196875 0.225
0 0.0211945 0.0734375 0.728125 0.140625 0.4125
0 0.0212097 0.848437 0.323438 0.234375 0.465625
1 0.0243378 0.257812 0.660937 0.209375 0.553125
0 0.0249023 0.760938 0.220313 0.284375 0.409375
2 0.0305939 0.084375 0.854688 0.1625 0.284375
0 0.0320435 0.0296875 0.542188 0.053125 0.465625
2 0.0415344 0.040625 0.78125 0.08125 0.4375
0 0.0418396 0.939062 0.0984375 0.121875 0.196875
1 0.044281 0.06875 0.328125 0.13125 0.59375
2 0.0459595 0.765625 0.884375 0.20625 0.20625
0 0.0766602 0.0703125 0.326562 0.134375 0.615625
2 0.0998535 0.248437 0.710938 0.290625 0.553125
2 0.104065 0.239063 0.890625 0.321875 0.21875
0 0.194336 0.059375 0.578125 0.11875 0.4375
0 0.230835 0.3625 0.359375 0.2 0.54375
0 0.305176 0.140625 0.779688 0.26875 0.434375
1 0.69043 0.360938 0.351562 0.203125 0.509375
0 0.718262 0.273438 0.673437 0.228125 0.565625
2 0.750977 0.154687 0.784375 0.309375 0.43125
0 0.852051 0.779688 0.654688 0.253125 0.640625
0 0.857422 0.596875 0.620313 0.18125 0.596875
