0 0.00101376 0.640625 0.126563 0.15625 0.234375
0 0.00102901 0.3 0.628125 0.125 0.63125
0 0.00104427 0.95625 0.0578125 0.0875 0.109375
0 0.0011673 0.034375 0.582812 0.0625 0.615625
0 0.00129604 0.696875 0.428125 0.19375 0.26875
0 0.00172997 0.0734375 0.114063 0.134375 0.221875
0 0.00186634 0.685938 0.0296875 0.203125 0.059375
0 0.0019722 0.417188 0.440625 0.203125 0.39375
2 0.00199318 0.967188 0.94375 0.059375 0.10625
0 0.00202942 0.875 0.332812 0.21875 0.528125
0 0.00234795 0.68125 0.08125 0.19375 0.1625
0 0.00247574 0.0453125 0.364062 0.084375 0.671875
0 0.00306702 0.329688 0.339063 0.209375 0.253125
0 0.00360489 0.0703125 0.0453125 0.140625 0.084375
2 0.00418472 0.979688 0.901563 0.040625 0.196875
0 0.00495148 0.5375 0.653125 0.225 0.44375
0 0.00618362 0.514063 0.526563 0.190625 0.378125
0 0.00769043 0.0796875 0.571875 0.140625 0.71875
0 0.00801086 0.364062 0.398438 0.203125 0.165625
0 0.0090332 0.684375 0.534375 0.21875 0.2875
0 0.0175781 0.0953125 0.345313 0.159375 0.553125
0 0.0185089 0.934375 0.0859375 0.13125 0.171875
2 0.0204163 0.942187 0.928125 0.109375 0.14375
1 0.022171 0.521875 0.310937 0.1875 0.465625
0 0.0245972 0.034375 0.08125 0.06875 0.1625
2 0.0753174 0.36875 0.660937 0.2625 0.621875
1 0.174438 0.29375 0.23125 0.19375 0.4
1 0.346436 0.673437 0.270312 0.184375 0.521875
0 0.741211 0.295312 0.226562 0.190625 0.390625
0 0.852539 0.36875 0.642187 0.25 0.640625
0 0.865234 0.510938 0.325 0.153125 0.46875
0 0.915039 0.664062 0.278125 0.196875 0.50625
