2 0.00104618 0.85625 0.914062 0.2125 0.159375
2 0.00115299 0.954687 0.115625 0.090625 0.23125
1 0.00115299 0.109375 0.621875 0.1375 0.5625
2 0.00117683 0.507812 0.975 0.159375 0.04375
0 0.00123692 0.684375 0.145313 0.175 0.284375
1 0.00168705 0.94375 0.110937 0.1 0.209375
0 0.00168896 0.582812 0.160938 0.128125 0.234375
2 0.00175095 0.959375 0.926562 0.06875 0.134375
0 0.00176144 0.429688 0.467187 0.190625 0.390625
0 0.00198174 0.826563 0.3375 0.234375 0.55
0 0.0020752 0.0421875 0.579687 0.078125 0.628125
2 0.00226402 0.482812 0.829687 0.228125 0.340625
2 0.00252533 0.126563 0.01875 0.184375 0.0375
1 0.00315666 0.06875 0.585938 0.0875 0.590625
1 0.00436783 0.834375 0.021875 0.1625 0.04375
2 0.00484467 0.820312 0.953125 0.278125 0.0875
0 0.00570297 0.942187 0.1 0.115625 0.18125
0 0.00577164 0.48125 0.565625 0.20625 0.44375
2 0.00712967 0.7 0.85625 0.1375 0.2875
0 0.00753784 0.789062 0.846875 0.328125 0.30625
2 0.913086 0.790625 0.845312 0.30625 0.303125
