2 0.00117016 0.326562 0.71875 0.121875 0.525
0 0.00120068 0.0359375 0.58125 0.059375 0.6
2 0.00129318 0.5125 0.909375 0.1125 0.16875
1 0.00150299 0.075 0.579687 0.125 0.628125
2 0.00157261 0.959375 0.115625 0.08125 0.23125
2 0.00179768 0.128125 0.01875 0.20625 0.0375
2 0.00214195 0.507812 0.725 0.103125 0.53125
0 0.00306702 0.459375 0.5875 0.19375 0.4125
0 0.00310898 0.135937 0.470313 0.240625 0.759375
0 0.00395966 0.50625 0.720312 0.11875 0.534375
0 0.00497437 0.945312 0.0984375 0.109375 0.184375
0 0.00862122 0.326562 0.635938 0.128125 0.490625
0 0.00901794 0.078125 0.573438 0.13125 0.665625
0 0.0114365 0.845312 0.346875 0.246875 0.61875
0 0.0152817 0.751562 0.329688 0.265625 0.584375
0 0.0301819 0.420312 0.484375 0.209375 0.2
0 0.2323 0.410937 0.690625 0.284375 0.55625
2 0.845215 0.414062 0.7 0.296875 0.6
