0 0.00112629 0.582812 0.370313 0.190625 0.353125
0 0.00128269 0.721875 0.292188 0.175 0.228125
0 0.00133133 0.95625 0.439063 0.075 0.209375
0 0.00155163 0.678125 0.126563 0.20625 0.246875
2 0.00311089 0.18125 0.825 0.24375 0.2
1 0.00338936 0.9375 0.254687 0.125 0.465625
0 0.00362206 0.38125 0.626562 0.20625 0.484375
0 0.00424957 0.942187 0.0734375 0.115625 0.146875
0 0.00491714 0.914062 0.426562 0.159375 0.134375
2 0.00499344 0.5625 0.142188 0.2125 0.284375
0 0.0052948 0.971875 0.196875 0.05625 0.39375
0 0.00603485 0.51875 0.384375 0.1875 0.28125
0 0.00719452 0.907812 0.498437 0.178125 0.284375
0 0.0102692 0.075 0.564062 0.14375 0.709375
0 0.0123749 0.96875 0.542188 0.0625 0.396875
1 0.0124741 0.565625 0.157813 0.21875 0.315625
0 0.0127869 0.9375 0.25625 0.125 0.4625
1 0.014267 0.865625 0.66875 0.1875 0.575
2 0.0145493 0.964063 0.907812 0.065625 0.171875
2 0.0177307 0.929688 0.834375 0.140625 0.30625
2 0.020401 0.95625 0.740625 0.075 0.51875
1 0.028656 0.482812 0.575 0.209375 0.59375
0 0.0289459 0.63125 0.282813 0.175 0.259375
0 0.0953979 0.959375 0.675 0.08125 0.575
2 0.214111 0.904688 0.66875 0.184375 0.59375
1 0.244263 0.201562 0.63125 0.234375 0.6
0 0.530762 0.559375 0.151562 0.18125 0.271875
0 0.749023 0.8875 0.65625 0.2125 0.5875
0 0.801758 0.629687 0.521875 0.171875 0.56875
0 0.824219 0.5 0.542188 0.1875 0.596875
0 0.84668 0.20625 0.620313 0.21875 0.590625
0 0.850098 0.734375 0.492188 0.16875 0.565625
