0 0.00101757 0.720312 0.270312 0.165625 0.490625
0 0.00124645 0.0484375 0.660937 0.096875 0.478125
0 0.00126553 0.479688 0.465625 0.171875 0.39375
1 0.00155544 0.828125 0.0203125 0.15625 0.040625
2 0.00165749 0.028125 0.945312 0.05625 0.109375
2 0.00230789 0.126563 0.01875 0.190625 0.0375
0 0.00261116 0.94375 0.096875 0.1125 0.18125
1 0.00292015 0.945312 0.096875 0.103125 0.18125
1 0.00431442 0.059375 0.5 0.1 0.4
0 0.00471878 0.525 0.564062 0.19375 0.390625
2 0.0278168 0.0359375 0.835938 0.071875 0.328125
1 0.056427 0.0546875 0.69375 0.103125 0.5125
2 0.838379 0.0578125 0.70625 0.109375 0.5875
