2 0.00105476 0.123438 0.01875 0.203125 0.0375
1 0.00124359 0.825 0.021875 0.1625 0.04375
0 0.0023365 0.040625 0.370313 0.075 0.671875
2 0.00238609 0.498437 0.91875 0.103125 0.15
0 0.00240326 0.83125 0.346875 0.23125 0.56875
1 0.00260353 0.954687 0.101562 0.084375 0.184375
1 0.00268745 0.117188 0.464063 0.203125 0.684375
0 0.00376511 0.953125 0.101562 0.09375 0.184375
2 0.00390434 0.957812 0.1125 0.084375 0.225
0 0.00414658 0.0375 0.578125 0.0625 0.6
1 0.00578308 0.06875 0.575 0.1125 0.625
0 0.0113297 0.103125 0.376563 0.15625 0.590625
0 0.0234222 0.071875 0.571875 0.11875 0.6625
2 0.854004 0.573438 0.917188 0.215625 0.159375
1 0.928223 0.346875 0.5125 0.23125 0.55625
