0 0.00100899 0.709375 0.0578125 0.20625 0.103125
0 0.00107002 0.034375 0.584375 0.0625 0.6
1 0.00192261 0.826563 0.021875 0.165625 0.04375
1 0.00234795 0.28125 0.4625 0.24375 0.625
1 0.002491 0.06875 0.584375 0.1 0.61875
2 0.00268364 0.129688 0.01875 0.203125 0.0375
1 0.0028019 0.660937 0.220313 0.115625 0.371875
1 0.00286293 0.604688 0.223438 0.109375 0.321875
2 0.0030117 0.9625 0.0953125 0.075 0.184375
1 0.00431061 0.857813 0.35625 0.240625 0.6625
0 0.00442505 0.071875 0.582812 0.1125 0.653125
0 0.0064888 0.860937 0.353125 0.221875 0.6125
0 0.0087738 0.729688 0.251563 0.209375 0.503125
1 0.0141373 0.732813 0.2625 0.221875 0.525
0 0.0169983 0.94375 0.090625 0.1125 0.175
1 0.932129 0.5625 0.367188 0.2125 0.534375
