2 0.00104809 0.23125 0.734375 0.2625 0.36875
0 0.00115776 0.0375 0.339063 0.06875 0.640625
0 0.00117588 0.267188 0.714063 0.209375 0.390625
0 0.00127602 0.948438 0.0953125 0.103125 0.171875
0 0.00133991 0.542188 0.51875 0.184375 0.3875
0 0.00135231 0.832812 0.345313 0.246875 0.565625
1 0.00209045 0.110937 0.378125 0.190625 0.61875
0 0.00281525 0.620313 0.4375 0.246875 0.46875
0 0.00361824 0.040625 0.56875 0.075 0.6875
0 0.00367928 0.71875 0.5625 0.19375 0.40625
0 0.00606918 0.13125 0.540625 0.2375 0.74375
0 0.0259857 0.0734375 0.36875 0.140625 0.725
0 0.030777 0.31875 0.38125 0.21875 0.5375
1 0.87793 0.325 0.39375 0.2125 0.55
