0 0.00111103 0.84375 0.35625 0.23125 0.58125
2 0.00113487 0.071875 0.95 0.125 0.0875
0 0.0012579 0.059375 0.715625 0.1125 0.51875
2 0.0014534 0.04375 0.653125 0.08125 0.525
0 0.00225639 0.94375 0.114063 0.1125 0.228125
1 0.00231171 0.0375 0.535937 0.075 0.265625
2 0.00260544 0.075 0.53125 0.14375 0.225
1 0.00427246 0.945312 0.0921875 0.109375 0.171875
2 0.00448608 0.128125 0.01875 0.19375 0.0375
1 0.00470734 0.1 0.248437 0.1625 0.440625
2 0.0114594 0.0734375 0.901563 0.134375 0.184375
1 0.0135422 0.0828125 0.517187 0.159375 0.228125
1 0.380127 0.0984375 0.682813 0.184375 0.528125
2 0.787598 0.090625 0.70625 0.175 0.5875
