2 0.00116062 0.575 0.967188 0.1875 0.059375
0 0.00137615 0.476562 0.6875 0.184375 0.4875
2 0.00177956 0.470313 0.959375 0.159375 0.06875
1 0.00204468 0.075 0.5875 0.10625 0.6125
2 0.00244331 0.125 0.01875 0.19375 0.0375
0 0.00247002 0.146875 0.55625 0.23125 0.7375
0 0.00262833 0.321875 0.453125 0.21875 0.51875
0 0.00282478 0.646875 0.734375 0.15625 0.5
2 0.00348663 0.425 0.910937 0.1 0.165625
0 0.00487137 0.946875 0.1 0.10625 0.1875
0 0.00518417 0.075 0.584375 0.11875 0.64375
0 0.00816345 0.835938 0.345313 0.246875 0.565625
0 0.0131226 0.26875 0.6125 0.25625 0.5625
0 0.0175781 0.55625 0.732813 0.325 0.521875
2 0.0431213 0.421875 0.771875 0.10625 0.41875
0 0.0640259 0.56875 0.528125 0.2 0.1875
2 0.924316 0.542188 0.726562 0.346875 0.546875
