0 0.00109577 0.479688 0.470313 0.159375 0.340625
1 0.00112629 0.846875 0.26875 0.2125 0.4875
2 0.00119209 0.960938 0.0953125 0.078125 0.190625
2 0.00139999 0.520312 0.66875 0.196875 0.24375
1 0.00154018 0.948438 0.0953125 0.096875 0.178125
1 0.00186634 0.826563 0.0234375 0.171875 0.046875
1 0.00191689 0.254687 0.204688 0.340625 0.409375
0 0.00217056 0.946875 0.0953125 0.10625 0.178125
0 0.00273705 0.523438 0.56875 0.196875 0.4125
1 0.00422668 0.0625 0.576563 0.09375 0.603125
0 0.00432968 0.065625 0.575 0.10625 0.63125
0 0.0274506 0.246875 0.2 0.18125 0.3625
1 0.924805 0.248437 0.201562 0.184375 0.359375
