0 0.00113297 0.24375 0.63125 0.1125 0.5375
0 0.00113773 0.823438 0.340625 0.240625 0.5875
0 0.00139332 0.4 0.714063 0.14375 0.546875
2 0.00164795 0.957812 0.109375 0.084375 0.2125
1 0.00170708 0.829687 0.021875 0.165625 0.04375
0 0.00187588 0.107813 0.346875 0.203125 0.69375
1 0.00204659 0.33125 0.467187 0.2 0.178125
0 0.00211716 0.0375 0.576563 0.0625 0.603125
1 0.00410461 0.951563 0.09375 0.090625 0.175
0 0.00411606 0.95 0.09375 0.1 0.175
0 0.0069809 0.30625 0.496875 0.20625 0.28125
0 0.0251007 0.075 0.56875 0.13125 0.6625
0 0.258057 0.329688 0.6875 0.271875 0.59375
2 0.86084 0.335938 0.690625 0.278125 0.61875
