0 0.00105381 0.489062 0.28125 0.134375 0.28125
0 0.00113964 0.967188 0.184375 0.065625 0.36875
2 0.00118828 0.703125 0.195312 0.24375 0.371875
2 0.0012064 0.629687 0.960938 0.140625 0.065625
0 0.00123501 0.675 0.696875 0.24375 0.56875
0 0.00127125 0.0734375 0.0734375 0.140625 0.146875
2 0.00128174 0.539062 0.973437 0.178125 0.046875
0 0.0014782 0.303125 0.0828125 0.175 0.140625
0 0.00150967 0.0328125 0.0828125 0.065625 0.165625
2 0.00151825 0.335938 0.125 0.209375 0.225
0 0.00175858 0.040625 0.570312 0.075 0.684375
0 0.00178432 0.539062 0.245312 0.184375 0.253125
2 0.00181866 0.582812 0.939062 0.165625 0.115625
0 0.00206566 0.648438 0.071875 0.196875 0.14375
0 0.00207329 0.626562 0.528125 0.171875 0.46875
0 0.00218773 0.770312 0.434375 0.203125 0.43125
2 0.00263786 0.959375 0.753125 0.08125 0.49375
0 0.00264168 0.3625 0.090625 0.20625 0.16875
0 0.00266266 0.745313 0.848437 0.265625 0.290625
2 0.0028019 0.88125 0.965625 0.2375 0.0625
0 0.00414276 0.815625 0.432813 0.20625 0.265625
0 0.00426483 0.90625 0.559375 0.14375 0.5125
0 0.00497818 0.140625 0.54375 0.18125 0.6375
0 0.00566483 0.382812 0.5375 0.203125 0.3625
0 0.00675964 0.63125 0.273438 0.1625 0.453125
2 0.0071373 0.632812 0.9125 0.134375 0.1625
0 0.0071373 0.68125 0.0375 0.2 0.075
0 0.00859833 0.292188 0.609375 0.146875 0.59375
0 0.00895691 0.0796875 0.3625 0.153125 0.7
1 0.0119781 0.328125 0.1625 0.2125 0.29375
0 0.016037 0.945312 0.289062 0.109375 0.578125
0 0.0161896 0.846875 0.36875 0.21875 0.4625
0 0.0212402 0.348437 0.259375 0.153125 0.38125
0 0.022583 0.9375 0.0953125 0.125 0.184375
0 0.0246735 0.975 0.740625 0.05 0.49375
2 0.0303955 0.953125 0.957812 0.09375 0.078125
0 0.0319824 0.94375 0.78125 0.1125 0.4375
0 0.0353394 0.473437 0.384375 0.165625 0.3375
2 0.0499573 0.934375 0.928125 0.125 0.1375
2 0.0724487 0.975 0.807813 0.05 0.384375
2 0.0808105 0.9375 0.840625 0.1125 0.31875
0 0.0953369 0.690625 0.1625 0.23125 0.31875
0 0.311279 0.329688 0.159375 0.203125 0.2875
0 0.484863 0.478125 0.579687 0.2 0.534375
2 0.486084 0.3875 0.701563 0.26875 0.596875
0 0.597168 0.303125 0.420312 0.19375 0.553125
0 0.753906 0.398438 0.673437 0.259375 0.653125
0 0.76709 0.720312 0.323438 0.196875 0.565625
2 0.844727 0.735937 0.86875 0.271875 0.25
0 0.857422 0.564062 0.382812 0.196875 0.509375
0 0.866211 0.817187 0.578125 0.209375 0.48125
