2 0.0011425 0.370313 0.948438 0.184375 0.090625
0 0.00114822 0.9625 0.0640625 0.075 0.128125
0 0.00131893 0.9375 0.265625 0.125 0.50625
1 0.00141239 0.865625 0.4875 0.20625 0.2875
0 0.00150299 0.0453125 0.346875 0.084375 0.69375
2 0.00170612 0.504687 0.898438 0.303125 0.196875
0 0.00183678 0.840625 0.398438 0.18125 0.134375
2 0.00204659 0.467187 0.9625 0.234375 0.06875
0 0.00210381 0.673437 0.464063 0.178125 0.365625
0 0.00274467 0.685938 0.084375 0.234375 0.15625
2 0.00284576 0.425 0.93125 0.2625 0.1375
0 0.00364304 0.489062 0.528125 0.215625 0.2625
0 0.0037899 0.88125 0.1375 0.20625 0.275
2 0.00405884 0.7375 0.960938 0.20625 0.071875
0 0.00456238 0.773438 0.814062 0.209375 0.371875
2 0.00509262 0.970312 0.870313 0.059375 0.259375
2 0.00550461 0.775 0.93125 0.2375 0.13125
0 0.00609589 0.0765625 0.56875 0.128125 0.69375
0 0.00639725 0.96875 0.73125 0.0625 0.5375
2 0.0107422 0.3 0.892187 0.10625 0.203125
0 0.010849 0.0921875 0.351562 0.153125 0.578125
0 0.01297 0.4125 0.5375 0.18125 0.28125
0 0.0159149 0.535937 0.475 0.184375 0.2375
0 0.0170288 0.74375 0.501562 0.2 0.246875
2 0.0189209 0.725 0.696875 0.20625 0.60625
2 0.019043 0.817187 0.967188 0.259375 0.065625
0 0.0194702 0.629687 0.621875 0.146875 0.6
0 0.0224915 0.3625 0.132812 0.1875 0.253125
2 0.0294037 0.679688 0.890625 0.221875 0.21875
0 0.0307007 0.570312 0.634375 0.190625 0.5375
0 0.0488281 0.65625 0.145313 0.2375 0.290625
2 0.0580139 0.834375 0.907812 0.2875 0.184375
0 0.0923462 0.932813 0.0984375 0.134375 0.196875
2 0.108948 0.364062 0.89375 0.215625 0.20625
2 0.226562 0.885938 0.698438 0.221875 0.603125
2 0.279785 0.765625 0.853125 0.2625 0.29375
1 0.306152 0.295312 0.196875 0.190625 0.33125
0 0.438721 0.304688 0.190625 0.215625 0.3375
0 0.472656 0.873438 0.484375 0.196875 0.2875
0 0.507324 0.365625 0.6875 0.1875 0.56875
0 0.557129 0.498437 0.709375 0.284375 0.58125
2 0.567871 0.370313 0.71875 0.215625 0.55
0 0.685547 0.889063 0.696875 0.209375 0.60625
2 0.729492 0.507812 0.704687 0.278125 0.571875
0 0.747559 0.609375 0.434375 0.19375 0.35625
0 0.852051 0.725 0.68125 0.2 0.6
