1 0.00109196 0.9375 0.120312 0.125 0.228125
0 0.0011158 0.0375 0.578125 0.0625 0.60625
2 0.00133419 0.125 0.01875 0.2125 0.0375
2 0.00153255 0.954687 0.11875 0.090625 0.2375
0 0.00158405 0.946875 0.103125 0.10625 0.1875
1 0.00279045 0.0765625 0.578125 0.115625 0.63125
2 0.0038166 0.348437 0.629687 0.215625 0.603125
1 0.00410843 0.285937 0.214062 0.190625 0.421875
0 0.00899506 0.078125 0.575 0.125 0.675
1 0.0117035 0.3375 0.43125 0.175 0.2125
1 0.918457 0.348437 0.628125 0.215625 0.60625
