0 0.00103283 0.134375 0.570312 0.2375 0.709375
0 0.001091 0.06875 0.0671875 0.125 0.134375
0 0.00112915 0.7 0.440625 0.2125 0.39375
0 0.00126076 0.514063 0.753125 0.240625 0.43125
0 0.00126934 0.254687 0.676562 0.184375 0.446875
0 0.00127602 0.084375 0.03125 0.14375 0.0625
0 0.00202179 0.2 0.059375 0.14375 0.1125
0 0.00208855 0.703125 0.0703125 0.1875 0.128125
0 0.00211716 0.0671875 0.576563 0.109375 0.659375
2 0.00243187 0.676562 0.9 0.234375 0.1
1 0.00247383 0.351562 0.25625 0.340625 0.5125
0 0.00423813 0.284375 0.06875 0.1875 0.125
2 0.00482178 0.51875 0.828125 0.25 0.3125
0 0.00873566 0.717188 0.179688 0.171875 0.303125
2 0.00962067 0.692187 0.846875 0.209375 0.2375
1 0.0106354 0.667188 0.314063 0.209375 0.484375
0 0.0152588 0.878125 0.34375 0.21875 0.6
0 0.0865479 0.24375 0.245312 0.16875 0.421875
0 0.120361 0.934375 0.090625 0.13125 0.18125
0 0.460693 0.379687 0.246875 0.159375 0.4625
1 0.763184 0.246875 0.245312 0.16875 0.421875
1 0.804199 0.379687 0.254687 0.159375 0.440625
0 0.853516 0.670313 0.289062 0.203125 0.471875
0 0.888184 0.7 0.639063 0.19375 0.596875
