0 0.00102806 0.03125 0.08125 0.0625 0.1625
0 0.00107002 0.0390625 0.575 0.071875 0.6625
0 0.00108433 0.509375 0.78125 0.18125 0.425
2 0.00109577 0.629687 0.95625 0.196875 0.08125
1 0.00124168 0.217187 0.265625 0.109375 0.4875
0 0.00179005 0.817187 0.63125 0.196875 0.325
0 0.00238228 0.8625 0.726562 0.14375 0.515625
2 0.00273514 0.0640625 0.078125 0.109375 0.15625
0 0.00277138 0.728125 0.598437 0.24375 0.203125
2 0.00298882 0.595312 0.86875 0.128125 0.2625
0 0.00301552 0.0765625 0.576563 0.121875 0.696875
2 0.0032711 0.715625 0.960938 0.225 0.078125
0 0.00370216 0.15625 0.442187 0.26875 0.840625
1 0.00376129 0.209375 0.34375 0.225 0.6875
2 0.00411987 0.182812 0.0859375 0.153125 0.159375
2 0.00662994 0.734375 0.625 0.26875 0.2375
2 0.00723267 0.295312 0.871875 0.084375 0.24375
0 0.00827789 0.821875 0.265625 0.24375 0.525
2 0.00969696 0.326562 0.79375 0.121875 0.4
2 0.0114975 0.864062 0.9375 0.159375 0.125
0 0.0135345 0.207813 0.126563 0.115625 0.221875
1 0.0567627 0.20625 0.126563 0.1125 0.221875
2 0.0583496 0.634375 0.807813 0.13125 0.384375
2 0.90332 0.754687 0.757812 0.340625 0.484375
2 0.935547 0.429688 0.782812 0.309375 0.428125
