0 0.00122929 0.960938 0.0609375 0.078125 0.121875
0 0.0012579 0.926562 0.0515625 0.146875 0.090625
0 0.00129414 0.4375 0.559375 0.23125 0.48125
2 0.00130844 0.159375 0.875 0.19375 0.175
0 0.00145435 0.914062 0.648438 0.146875 0.509375
0 0.00161362 0.1125 0.246875 0.1875 0.44375
1 0.00240326 0.117188 0.242188 0.209375 0.484375
0 0.00460052 0.960938 0.18125 0.078125 0.3625
0 0.00801086 0.164062 0.439063 0.190625 0.228125
0 0.00918579 0.825 0.3625 0.2125 0.34375
0 0.0130157 0.7625 0.398438 0.225 0.228125
0 0.0152893 0.939062 0.292188 0.121875 0.584375
1 0.0228119 0.55 0.140625 0.16875 0.2625
0 0.0484314 0.940625 0.0921875 0.11875 0.178125
0 0.249756 0.557813 0.142188 0.159375 0.265625
1 0.441406 0.1625 0.63125 0.2 0.625
0 0.657715 0.160938 0.642187 0.209375 0.621875
0 0.914062 0.759375 0.610937 0.25 0.615625
