0 0.0010767 0.909375 0.559375 0.18125 0.65
1 0.0011158 0.248437 0.25625 0.309375 0.5125
1 0.00137234 0.951563 0.0953125 0.096875 0.178125
0 0.00144672 0.0828125 0.034375 0.140625 0.06875
0 0.00184155 0.245312 0.675 0.171875 0.54375
0 0.00198364 0.604688 0.629687 0.134375 0.490625
0 0.0021553 0.234375 0.25625 0.1625 0.45
0 0.00222588 0.06875 0.06875 0.125 0.1375
0 0.00264931 0.948438 0.096875 0.103125 0.18125
0 0.00273514 0.0296875 0.0765625 0.059375 0.153125
1 0.00531769 0.548437 0.654688 0.209375 0.540625
0 0.00702667 0.828125 0.3375 0.25625 0.54375
1 0.452637 0.2 0.6875 0.24375 0.54375
2 0.484619 0.545313 0.673437 0.228125 0.578125
2 0.631836 0.19375 0.684375 0.25 0.55625
0 0.78418 0.545313 0.673437 0.215625 0.578125
1 0.824707 0.232812 0.248437 0.159375 0.440625
