2 0.00104427 0.317187 0.815625 0.209375 0.24375
0 0.0010519 0.945312 0.090625 0.109375 0.1625
0 0.00105762 0.529688 0.615625 0.209375 0.45625
0 0.00108051 0.125 0.264062 0.2125 0.528125
1 0.00118637 0.784375 0.0234375 0.19375 0.046875
1 0.00119781 0.809375 0.265625 0.21875 0.50625
0 0.00124264 0.765625 0.265625 0.2375 0.49375
0 0.00132656 0.315625 0.209375 0.2 0.375
0 0.00270081 0.071875 0.58125 0.125 0.7125
1 0.00300026 0.317187 0.215625 0.221875 0.43125
2 0.00482559 0.278125 0.634375 0.25 0.6125
1 0.00492859 0.26875 0.432813 0.16875 0.221875
0 0.0117645 0.2875 0.640625 0.225 0.6
1 0.893555 0.273438 0.625 0.234375 0.6
