1 0.00106621 0.429688 0.479688 0.278125 0.553125
0 0.00159836 0.0328125 0.501562 0.059375 0.390625
2 0.00200844 0.128125 0.0171875 0.1875 0.034375
0 0.00205803 0.946875 0.096875 0.10625 0.18125
0 0.00210953 0.0546875 0.445312 0.096875 0.296875
1 0.00233269 0.948438 0.0984375 0.096875 0.184375
1 0.00336647 0.05 0.440625 0.0875 0.29375
2 0.00337219 0.0390625 0.751562 0.078125 0.334375
0 0.00370026 0.526563 0.567187 0.203125 0.421875
0 0.00377846 0.0421875 0.610937 0.084375 0.509375
0 0.00440216 0.470313 0.471875 0.171875 0.4125
2 0.325684 0.0484375 0.635938 0.096875 0.603125
1 0.687012 0.0546875 0.634375 0.109375 0.55625
