1 0.00117397 0.145313 0.339063 0.190625 0.609375
1 0.00141716 0.520312 0.295312 0.171875 0.153125
0 0.00146866 0.48125 0.310937 0.18125 0.196875
0 0.00158882 0.0703125 0.123438 0.134375 0.234375
0 0.00172043 0.071875 0.578125 0.11875 0.68125
0 0.00201225 0.535937 0.525 0.221875 0.5125
0 0.00234795 0.125 0.3625 0.20625 0.65
2 0.00284767 0.334375 0.509375 0.2125 0.50625
0 0.00419998 0.071875 0.040625 0.1375 0.08125
0 0.015686 0.0359375 0.08125 0.071875 0.1625
2 0.0201416 0.51875 0.503125 0.2125 0.51875
0 0.0428162 0.223438 0.204688 0.140625 0.353125
1 0.642578 0.225 0.196875 0.15625 0.34375
1 0.865723 0.521875 0.50625 0.21875 0.5125
1 0.90918 0.329688 0.50625 0.203125 0.49375
