2 0.00110149 0.85625 0.78125 0.225 0.4375
1 0.00115013 0.946875 0.104687 0.10625 0.190625
2 0.00125122 0.0453125 0.920313 0.084375 0.159375
0 0.00126839 0.0375 0.504687 0.075 0.496875
2 0.00143528 0.128125 0.0171875 0.2125 0.034375
2 0.00162029 0.935938 0.9625 0.128125 0.075
0 0.00162315 0.5875 0.159375 0.1375 0.25625
2 0.00174904 0.173438 0.954687 0.215625 0.078125
2 0.00183105 0.1375 0.676562 0.15625 0.528125
2 0.00189114 0.315625 0.714063 0.0875 0.571875
1 0.00255394 0.254687 0.420312 0.215625 0.265625
0 0.00273895 0.934375 0.103125 0.13125 0.19375
2 0.00338554 0.065625 0.63125 0.125 0.4125
0 0.00387001 0.526563 0.470313 0.215625 0.440625
0 0.00477982 0.09375 0.80625 0.18125 0.3875
2 0.00492859 0.875 0.95625 0.2 0.075
1 0.00581741 0.104687 0.351562 0.178125 0.496875
2 0.00611115 0.11875 0.928125 0.1875 0.14375
1 0.00684357 0.176563 0.50625 0.228125 0.35
2 0.00784302 0.840625 0.928125 0.19375 0.14375
0 0.00982666 0.0640625 0.4125 0.128125 0.55
0 0.0109329 0.0671875 0.628125 0.134375 0.40625
1 0.0115585 0.223438 0.632812 0.271875 0.559375
2 0.0115967 0.0421875 0.778125 0.078125 0.4375
1 0.0126648 0.298438 0.5875 0.128125 0.53125
0 0.0131989 0.134375 0.570312 0.14375 0.384375
0 0.0138092 0.271875 0.45 0.15625 0.2375
0 0.0149002 0.18125 0.501562 0.2125 0.334375
0 0.0377197 0.034375 0.732813 0.06875 0.440625
2 0.0516052 0.220313 0.867188 0.178125 0.259375
1 0.0526733 0.270312 0.489062 0.140625 0.315625
0 0.168335 0.278125 0.585938 0.15 0.503125
2 0.396484 0.221875 0.68125 0.26875 0.6375
2 0.49707 0.88125 0.889063 0.2 0.221875
0 0.618164 0.21875 0.682813 0.26875 0.634375
2 0.860352 0.0921875 0.7875 0.184375 0.425
