1 0.00110912 0.148438 0.704687 0.184375 0.503125
0 0.00111866 0.820312 0.325 0.221875 0.53125
0 0.00134182 0.946875 0.1 0.10625 0.18125
1 0.00140381 0.83125 0.264062 0.20625 0.503125
2 0.00141907 0.471875 0.759375 0.20625 0.48125
0 0.00164413 0.0359375 0.582812 0.059375 0.609375
2 0.00188637 0.123438 0.0171875 0.184375 0.034375
0 0.00253105 0.582812 0.170312 0.121875 0.221875
1 0.00255203 0.0703125 0.582812 0.109375 0.634375
0 0.00407791 0.357812 0.6125 0.246875 0.225
1 0.00509262 0.354688 0.620313 0.309375 0.246875
0 0.00517654 0.45625 0.76875 0.2375 0.4625
0 0.00756836 0.071875 0.579687 0.11875 0.678125
2 0.00840759 0.51875 0.867188 0.125 0.253125
2 0.00946808 0.109375 0.85 0.1375 0.29375
2 0.0103073 0.135937 0.903125 0.128125 0.18125
2 0.0152512 0.364062 0.592188 0.209375 0.209375
2 0.269043 0.171875 0.828125 0.2 0.34375
2 0.986816 0.323438 0.754687 0.540625 0.490625
