0 0.00104237 0.0625 0.423438 0.125 0.678125
0 0.00107765 0.9625 0.0625 0.075 0.125
1 0.0013485 0.14375 0.65625 0.18125 0.55
0 0.00139046 0.928125 0.053125 0.1375 0.0875
1 0.00145721 0.053125 0.4875 0.1 0.5875
0 0.00249481 0.754687 0.278125 0.140625 0.53125
0 0.00335312 0.140625 0.646875 0.15625 0.51875
1 0.00419998 0.065625 0.653125 0.13125 0.55625
0 0.00645065 0.717188 0.0359375 0.215625 0.071875
2 0.00996399 0.034375 0.80625 0.06875 0.29375
1 0.0153198 0.69375 0.148438 0.20625 0.284375
0 0.0156708 0.025 0.6 0.04375 0.6125
2 0.0371094 0.0453125 0.65625 0.090625 0.55
0 0.0583496 0.94375 0.09375 0.1125 0.18125
0 0.0913086 0.0484375 0.629687 0.096875 0.646875
1 0.131714 0.0328125 0.659375 0.059375 0.51875
0 0.19812 0.6875 0.14375 0.21875 0.2875
1 0.261719 0.689062 0.360938 0.203125 0.628125
1 0.490479 0.448438 0.159375 0.153125 0.2875
0 0.58252 0.451562 0.15625 0.153125 0.29375
0 0.707031 0.690625 0.364062 0.20625 0.615625
1 0.900391 0.43125 0.625 0.19375 0.525
