0 0.00103855 0.08125 0.0359375 0.1375 0.065625
0 0.00110626 0.0296875 0.0796875 0.059375 0.159375
2 0.00111961 0.065625 0.0734375 0.1125 0.146875
2 0.00123119 0.959375 0.11875 0.08125 0.2375
0 0.00140476 0.478125 0.457812 0.175 0.390625
0 0.00142288 0.523438 0.56875 0.203125 0.39375
1 0.00144005 0.125 0.570312 0.19375 0.659375
0 0.00156116 0.823438 0.342187 0.228125 0.553125
1 0.00156784 0.95 0.0984375 0.09375 0.184375
0 0.00163174 0.104687 0.5875 0.146875 0.575
1 0.00170994 0.829687 0.021875 0.159375 0.04375
1 0.00194359 0.0390625 0.584375 0.065625 0.58125
0 0.00250435 0.948438 0.1 0.103125 0.18125
0 0.00378418 0.0453125 0.582812 0.084375 0.628125
0 0.00396347 0.58125 0.171875 0.125 0.23125
1 0.00804901 0.0703125 0.5875 0.090625 0.6
0 0.0370483 0.2375 0.165625 0.15 0.2875
1 0.82959 0.235938 0.164062 0.153125 0.284375
