0 0.00104237 0.0359375 0.578125 0.059375 0.60625
0 0.00114727 0.946875 0.175 0.10625 0.35
0 0.00129318 0.198437 0.115625 0.109375 0.21875
0 0.00147152 0.740625 0.421875 0.1125 0.39375
1 0.00179195 0.0703125 0.576563 0.103125 0.628125
0 0.00180626 0.709375 0.0734375 0.23125 0.121875
2 0.00187778 0.83125 0.965625 0.2125 0.05625
0 0.00191784 0.926562 0.310937 0.134375 0.378125
1 0.00196457 0.198437 0.114063 0.103125 0.215625
0 0.0020237 0.865625 0.860937 0.21875 0.278125
2 0.00210762 0.951563 0.879687 0.084375 0.215625
0 0.00211334 0.120312 0.442187 0.215625 0.678125
0 0.0026226 0.71875 0.139062 0.2625 0.246875
0 0.00387383 0.654688 0.339063 0.165625 0.228125
0 0.00398254 0.0765625 0.0375 0.134375 0.075
0 0.0041008 0.0328125 0.05625 0.065625 0.1125
1 0.00424957 0.809375 0.373437 0.2125 0.328125
0 0.0042572 0.06875 0.0875 0.125 0.1625
0 0.00449371 0.865625 0.43125 0.20625 0.2875
2 0.00466156 0.859375 0.90625 0.2 0.1875
0 0.00518799 0.071875 0.576563 0.11875 0.671875
0 0.0063858 0.8125 0.296875 0.16875 0.1875
0 0.0131912 0.971875 0.6375 0.05625 0.5875
0 0.0153961 0.96875 0.26875 0.0625 0.53125
1 0.0440979 0.245312 0.140625 0.159375 0.25625
0 0.0475464 0.246875 0.142188 0.1625 0.265625
0 0.0778198 0.935938 0.08125 0.128125 0.15625
0 0.139282 0.295312 0.289062 0.196875 0.496875
0 0.31958 0.785937 0.514063 0.159375 0.584375
0 0.436768 0.810938 0.370313 0.209375 0.321875
1 0.696289 0.295312 0.282813 0.209375 0.496875
0 0.901367 0.870313 0.654688 0.228125 0.665625
0 0.917969 0.6375 0.507812 0.18125 0.540625
