2 0.00110722 0.06875 0.0703125 0.11875 0.140625
1 0.00116158 0.0703125 0.578125 0.096875 0.60625
2 0.00119495 0.764063 0.875 0.121875 0.25
2 0.00120544 0.664062 0.934375 0.246875 0.13125
0 0.00131893 0.546875 0.784375 0.14375 0.43125
2 0.00132275 0.879687 0.885938 0.215625 0.228125
0 0.00134373 0.959375 0.115625 0.08125 0.23125
0 0.00164032 0.728125 0.689062 0.18125 0.465625
0 0.00180912 0.74375 0.385938 0.225 0.284375
0 0.00214195 0.071875 0.575 0.1125 0.6375
0 0.00227165 0.66875 0.542188 0.2 0.371875
0 0.00287056 0.85625 0.389062 0.19375 0.190625
0 0.00333214 0.704687 0.182812 0.253125 0.359375
0 0.00395966 0.85625 0.154687 0.21875 0.309375
0 0.00407791 0.196875 0.084375 0.1375 0.1625
2 0.00411606 0.540625 0.846875 0.13125 0.30625
2 0.00414276 0.671875 0.964063 0.21875 0.065625
2 0.00487137 0.167187 0.0671875 0.184375 0.121875
0 0.00566101 0.26875 0.6125 0.2375 0.5125
0 0.00766754 0.8125 0.471875 0.2125 0.33125
0 0.00782013 0.55 0.1625 0.14375 0.31875
1 0.00789642 0.195312 0.078125 0.134375 0.14375
0 0.0128479 0.964063 0.646875 0.071875 0.5
0 0.0139542 0.94375 0.270312 0.1125 0.540625
1 0.0352783 0.61875 0.234375 0.2 0.45625
0 0.0376892 0.657812 0.776563 0.296875 0.446875
0 0.0565186 0.6375 0.628125 0.2 0.23125
0 0.0597229 0.93125 0.0765625 0.1375 0.146875
0 0.283447 0.946875 0.7625 0.10625 0.475
2 0.535645 0.940625 0.778125 0.11875 0.44375
0 0.855957 0.61875 0.234375 0.2 0.46875
2 0.899902 0.6375 0.770312 0.325 0.459375
0 0.902832 0.840625 0.64375 0.21875 0.6375
