0 0.00112438 0.0984375 0.634375 0.121875 0.61875
0 0.00135136 0.159375 0.509375 0.225 0.25625
0 0.00251389 0.957812 0.221875 0.084375 0.44375
0 0.00255394 0.815625 0.679688 0.16875 0.478125
0 0.00387001 0.926562 0.335938 0.146875 0.596875
1 0.00481796 0.7125 0.4 0.23125 0.325
0 0.0222778 0.714063 0.346875 0.184375 0.21875
0 0.0360413 0.940625 0.0984375 0.11875 0.196875
2 0.0405273 0.159375 0.6875 0.23125 0.5875
1 0.0633545 0.564062 0.226562 0.171875 0.415625
0 0.110779 0.690625 0.564062 0.2 0.440625
0 0.228271 0.734375 0.740625 0.275 0.51875
0 0.748535 0.7125 0.434375 0.225 0.35625
2 0.825684 0.73125 0.739062 0.26875 0.521875
0 0.851074 0.565625 0.23125 0.175 0.40625
0 0.855957 0.1625 0.684375 0.2375 0.59375
