2 0.00108051 0.04375 0.915625 0.0875 0.16875
1 0.00113583 0.817187 0.28125 0.228125 0.525
2 0.00123596 0.126563 0.01875 0.190625 0.0375
2 0.00139523 0.210938 0.68125 0.128125 0.5
2 0.00139904 0.957812 0.115625 0.084375 0.225
0 0.00148201 0.828125 0.332812 0.2375 0.584375
1 0.00182247 0.120312 0.314063 0.196875 0.565625
0 0.0018959 0.473437 0.46875 0.178125 0.39375
1 0.00210953 0.953125 0.096875 0.09375 0.18125
0 0.00230026 0.95 0.096875 0.1 0.175
2 0.00855255 0.0765625 0.578125 0.134375 0.1875
2 0.0163574 0.04375 0.742188 0.0875 0.515625
2 0.852539 0.13125 0.734375 0.25 0.53125
