2 0.00111198 0.957812 0.117188 0.084375 0.234375
1 0.00119305 0.828125 0.0203125 0.1625 0.040625
0 0.00123119 0.482812 0.565625 0.215625 0.4375
1 0.00154305 0.95 0.096875 0.09375 0.18125
0 0.00169659 0.946875 0.0984375 0.10625 0.178125
2 0.00213051 0.223438 0.870313 0.109375 0.259375
2 0.0027504 0.126563 0.01875 0.190625 0.0375
2 0.00289917 0.207813 0.739062 0.140625 0.471875
2 0.00488663 0.08125 0.64375 0.14375 0.2
2 0.0109177 0.040625 0.773438 0.08125 0.453125
2 0.911621 0.135937 0.771875 0.259375 0.45625
