2 0.00101566 0.959375 0.1 0.08125 0.2
1 0.00126839 0.692187 0.265625 0.109375 0.44375
1 0.00132656 0.229687 0.678125 0.215625 0.44375
1 0.0013485 0.825 0.021875 0.16875 0.04375
0 0.00143051 0.721875 0.265625 0.125 0.44375
0 0.00155926 0.084375 0.351562 0.16875 0.659375
1 0.0015974 0.071875 0.346875 0.14375 0.65
0 0.00211525 0.0421875 0.58125 0.065625 0.58125
0 0.00313377 0.285937 0.254687 0.184375 0.478125
0 0.00342178 0.823438 0.334375 0.234375 0.56875
1 0.00444794 0.771875 0.329688 0.25625 0.615625
1 0.00460052 0.95 0.096875 0.1 0.18125
1 0.00553131 0.0703125 0.582812 0.084375 0.584375
0 0.00561142 0.071875 0.579687 0.1 0.609375
0 0.00667572 0.946875 0.0984375 0.10625 0.178125
1 0.921875 0.49375 0.28125 0.20625 0.5
1 0.930176 0.285937 0.259375 0.184375 0.475
