1 0.00117111 0.5375 0.3875 0.15625 0.28125
0 0.00138187 0.0421875 0.58125 0.078125 0.6375
2 0.00138664 0.128125 0.01875 0.2125 0.0375
0 0.00139618 0.684375 0.373437 0.175 0.359375
0 0.00149345 0.865625 0.329688 0.19375 0.471875
2 0.00155449 0.817187 0.5875 0.215625 0.21875
1 0.00183487 0.707812 0.51875 0.121875 0.4375
2 0.00191116 0.814062 0.917188 0.153125 0.159375
2 0.00215721 0.39375 0.682813 0.1375 0.553125
1 0.00250053 0.382812 0.640625 0.128125 0.4875
0 0.00252342 0.496875 0.721875 0.275 0.51875
0 0.00310135 0.390625 0.685938 0.1375 0.546875
2 0.00312042 0.454688 0.870313 0.178125 0.246875
1 0.00370789 0.657812 0.385938 0.178125 0.265625
1 0.00398636 0.1125 0.589063 0.19375 0.596875
2 0.00458527 0.634375 0.754687 0.13125 0.459375
0 0.00758743 0.598437 0.660937 0.178125 0.665625
1 0.00787354 0.710938 0.589063 0.221875 0.496875
2 0.00853729 0.690625 0.69375 0.1875 0.5875
1 0.00894165 0.95 0.0984375 0.1 0.184375
1 0.0138931 0.4625 0.532812 0.21875 0.415625
0 0.0139465 0.11875 0.585938 0.19375 0.621875
0 0.0157013 0.946875 0.0984375 0.10625 0.184375
2 0.0574341 0.685938 0.767187 0.109375 0.428125
2 0.130737 0.628125 0.548437 0.21875 0.559375
1 0.825684 0.453125 0.410937 0.1875 0.328125
1 0.849121 0.628125 0.545313 0.21875 0.565625
2 0.902832 0.789062 0.734375 0.278125 0.525
2 0.912598 0.464063 0.717188 0.265625 0.565625
