0 0.00106907 0.0328125 0.55625 0.059375 0.50625
1 0.00120449 0.034375 0.501562 0.0625 0.390625
2 0.0012207 0.489062 0.671875 0.203125 0.2625
0 0.00123405 0.490625 0.670313 0.2 0.278125
2 0.00161743 0.0953125 0.678125 0.128125 0.55
2 0.00167847 0.126563 0.01875 0.190625 0.0375
2 0.00213051 0.0578125 0.498437 0.096875 0.409375
0 0.00218582 0.101562 0.635938 0.140625 0.578125
2 0.00238991 0.471875 0.814062 0.1625 0.371875
1 0.0026741 0.1 0.595312 0.15 0.521875
0 0.00268936 0.48125 0.46875 0.18125 0.41875
0 0.00360298 0.0484375 0.695312 0.090625 0.534375
0 0.0055809 0.525 0.56875 0.2125 0.45
2 0.00855255 0.0296875 0.9125 0.059375 0.14375
1 0.148682 0.053125 0.646875 0.1 0.58125
2 0.624512 0.0515625 0.703125 0.096875 0.55625
