0 0.00104332 0.589063 0.1625 0.134375 0.24375
0 0.00117016 0.814062 0.578125 0.221875 0.23125
0 0.00120163 0.0453125 0.582812 0.078125 0.596875
1 0.00138569 0.135937 0.584375 0.190625 0.61875
2 0.00145054 0.960938 0.103125 0.078125 0.2
0 0.00181484 0.867188 0.634375 0.171875 0.40625
2 0.00224304 0.473437 0.814062 0.159375 0.371875
1 0.002388 0.071875 0.584375 0.1 0.59375
2 0.00274467 0.13125 0.01875 0.2 0.0375
1 0.00284958 0.951563 0.0953125 0.096875 0.178125
0 0.00405884 0.485938 0.609375 0.228125 0.41875
0 0.00437164 0.948438 0.0953125 0.103125 0.178125
1 0.0052948 0.785937 0.2625 0.290625 0.525
0 0.00667953 0.467187 0.475 0.171875 0.4
0 0.0131454 0.815625 0.282813 0.275 0.565625
2 0.0166931 0.765625 0.920313 0.20625 0.159375
2 0.0235748 0.689062 0.754687 0.121875 0.490625
2 0.86377 0.785937 0.734375 0.290625 0.525
