1 0.00110435 0.43125 0.565625 0.20625 0.44375
2 0.0013895 0.125 0.01875 0.19375 0.0375
2 0.00147057 0.734375 0.959375 0.18125 0.06875
2 0.00151157 0.946875 0.94375 0.10625 0.1
1 0.00168705 0.826563 0.021875 0.171875 0.04375
1 0.00177383 0.795313 0.665625 0.190625 0.56875
1 0.00241089 0.68125 0.496875 0.1875 0.21875
0 0.002985 0.075 0.584375 0.1125 0.60625
1 0.00299644 0.109375 0.59375 0.15 0.5625
0 0.00450897 0.792188 0.659375 0.171875 0.54375
2 0.00468063 0.784375 0.934375 0.2 0.11875
2 0.00483704 0.81875 0.75 0.2125 0.4625
0 0.00544357 0.425 0.560938 0.2375 0.546875
1 0.455566 0.698438 0.68125 0.203125 0.5875
2 0.634766 0.7 0.684375 0.2 0.59375
2 0.791992 0.882812 0.935938 0.234375 0.128125
