1 0.00114441 0.825 0.021875 0.1625 0.04375
0 0.00116158 0.948438 0.10625 0.103125 0.2125
0 0.00119114 0.520312 0.459375 0.190625 0.425
1 0.00136757 0.135937 0.567187 0.215625 0.709375
2 0.00144482 0.121875 0.01875 0.18125 0.0375
2 0.00148296 0.953125 0.942187 0.09375 0.115625
0 0.00150776 0.264062 0.620313 0.203125 0.553125
0 0.00151348 0.326562 0.517187 0.184375 0.484375
2 0.00172997 0.9625 0.104687 0.075 0.209375
0 0.00180435 0.679688 0.571875 0.190625 0.50625
1 0.00196266 0.585938 0.165625 0.121875 0.2375
0 0.00231361 0.04375 0.5875 0.08125 0.6375
2 0.00241089 0.475 0.825 0.2125 0.35
2 0.00264168 0.628125 0.945312 0.15625 0.090625
0 0.00323105 0.5625 0.617188 0.2125 0.471875
2 0.00338554 0.59375 0.923437 0.13125 0.153125
1 0.00365067 0.957812 0.1125 0.084375 0.225
2 0.00383759 0.539062 0.748438 0.271875 0.503125
1 0.00422287 0.0671875 0.589063 0.096875 0.640625
0 0.00590515 0.585938 0.165625 0.121875 0.24375
2 0.0103836 0.590625 0.857813 0.2125 0.284375
2 0.0297852 0.95625 0.88125 0.0875 0.2375
0 0.0365295 0.475 0.573438 0.23125 0.465625
2 0.0583191 0.679688 0.910937 0.221875 0.178125
2 0.38916 0.86875 0.889063 0.2625 0.215625
2 0.740234 0.7375 0.871875 0.4 0.25625
