0 0.00101662 0.148438 0.575 0.234375 0.7125
0 0.00111198 0.251563 0.571875 0.246875 0.64375
2 0.0014534 0.121875 0.01875 0.19375 0.0375
1 0.00150204 0.8375 0.282813 0.2375 0.528125
0 0.0015831 0.946875 0.0984375 0.10625 0.178125
0 0.00171852 0.0703125 0.582812 0.109375 0.628125
0 0.00285339 0.834375 0.34375 0.24375 0.575
0 0.00709915 0.514063 0.665625 0.203125 0.3125
2 0.0156708 0.514063 0.676562 0.234375 0.296875
1 0.490479 0.525 0.328125 0.18125 0.49375
0 0.730957 0.520312 0.334375 0.171875 0.5
