2 0.00115871 0.839063 0.964063 0.196875 0.071875
1 0.00126076 0.823438 0.021875 0.184375 0.04375
2 0.00169182 0.671875 0.635938 0.25 0.228125
2 0.00189114 0.80625 0.820312 0.2 0.359375
1 0.00200653 0.826563 0.275 0.234375 0.525
2 0.00220299 0.125 0.01875 0.19375 0.0375
1 0.00228119 0.075 0.585938 0.10625 0.603125
0 0.00235939 0.465625 0.46875 0.18125 0.40625
0 0.00270653 0.078125 0.584375 0.11875 0.625
0 0.00285339 0.945312 0.096875 0.109375 0.18125
1 0.00304985 0.129688 0.578125 0.215625 0.6875
0 0.00379372 0.8375 0.340625 0.24375 0.56875
2 0.00546265 0.875 0.940625 0.19375 0.11875
2 0.00972748 0.901563 0.85625 0.159375 0.2875
2 0.0101013 0.592188 0.7625 0.121875 0.45625
2 0.924316 0.689062 0.760938 0.309375 0.471875
