0 0.00122166 0.576563 0.171875 0.128125 0.2375
2 0.00136185 0.651563 0.945312 0.153125 0.103125
0 0.00154495 0.282813 0.528125 0.203125 0.51875
0 0.00155544 0.139062 0.55625 0.215625 0.7375
2 0.00166893 0.123438 0.01875 0.190625 0.0375
0 0.0020504 0.826563 0.346875 0.228125 0.59375
0 0.00233841 0.579687 0.41875 0.215625 0.4125
2 0.0025425 0.954687 0.0921875 0.090625 0.184375
0 0.00288963 0.0390625 0.584375 0.065625 0.5875
2 0.00301743 0.564062 0.923437 0.315625 0.146875
0 0.00501633 0.94375 0.09375 0.1125 0.1875
0 0.00675583 0.473437 0.471875 0.184375 0.425
0 0.00686264 0.340625 0.55625 0.325 0.7375
0 0.00718307 0.514063 0.848437 0.284375 0.296875
2 0.00788116 0.43125 0.857813 0.1375 0.265625
1 0.00930023 0.94375 0.0890625 0.10625 0.171875
1 0.0094986 0.06875 0.5875 0.0875 0.6
0 0.011795 0.0703125 0.585938 0.103125 0.621875
2 0.014183 0.579687 0.964063 0.290625 0.071875
2 0.913574 0.51875 0.84375 0.3125 0.3
