2 0.0010128 0.475 0.74375 0.2625 0.5125
0 0.00104618 0.451562 0.467187 0.203125 0.359375
0 0.00160027 0.221875 0.1375 0.13125 0.2375
0 0.00174713 0.13125 0.56875 0.21875 0.7
0 0.00279045 0.509375 0.63125 0.20625 0.3625
1 0.00327492 0.0703125 0.578125 0.084375 0.60625
0 0.00363541 0.946875 0.1 0.10625 0.1875
0 0.00393677 0.071875 0.576563 0.1 0.640625
0 0.139526 0.765625 0.492188 0.24375 0.228125
0 0.161011 0.401563 0.228125 0.190625 0.40625
0 0.573242 0.767187 0.69375 0.259375 0.6125
2 0.668945 0.770312 0.692187 0.259375 0.615625
1 0.816406 0.4 0.228125 0.2 0.4
