1 0.00115585 0.257812 0.35625 0.240625 0.6375
2 0.00123405 0.129688 0.01875 0.196875 0.0375
0 0.0014019 0.520312 0.539062 0.184375 0.203125
2 0.00177002 0.957812 0.114063 0.084375 0.228125
0 0.00263786 0.0390625 0.584375 0.065625 0.6
0 0.00280952 0.948438 0.101562 0.103125 0.184375
0 0.00472641 0.135937 0.55625 0.221875 0.7375
0 0.00506973 0.2625 0.614062 0.225 0.534375
0 0.00606155 0.821875 0.335938 0.25625 0.578125
1 0.00769043 0.06875 0.5875 0.09375 0.61875
0 0.016861 0.071875 0.584375 0.10625 0.65625
2 0.929688 0.528125 0.725 0.24375 0.5375
