0 0.00121593 0.520312 0.540625 0.190625 0.20625
0 0.00242424 0.0375 0.584375 0.0625 0.60625
0 0.00249481 0.303125 0.559375 0.225 0.41875
0 0.00356293 0.145313 0.55625 0.240625 0.75
0 0.0041275 0.246875 0.457812 0.2375 0.609375
1 0.00457382 0.0703125 0.584375 0.103125 0.63125
0 0.00624084 0.78125 0.314063 0.2625 0.578125
1 0.0121613 0.946875 0.0875 0.1 0.175
0 0.0130768 0.0703125 0.58125 0.115625 0.66875
0 0.0140076 0.945312 0.0890625 0.109375 0.171875
2 0.919434 0.534375 0.723437 0.25 0.534375
