0 0.00109005 0.520312 0.651563 0.234375 0.359375
2 0.00116062 0.964063 0.940625 0.071875 0.11875
2 0.00121021 0.517187 0.648438 0.259375 0.421875
2 0.00141716 0.771875 0.95625 0.2125 0.0875
0 0.00165939 0.903125 0.45 0.19375 0.625
0 0.00179958 0.104687 0.351562 0.171875 0.553125
0 0.00183392 0.104687 0.585938 0.134375 0.571875
0 0.00214195 0.8375 0.848437 0.325 0.271875
2 0.00254822 0.70625 0.967188 0.15625 0.059375
0 0.0026207 0.920313 0.8375 0.159375 0.2875
1 0.00279617 0.695312 0.257812 0.215625 0.453125
1 0.00301552 0.83125 0.021875 0.15 0.04375
0 0.0031414 0.046875 0.582812 0.08125 0.621875
0 0.00559998 0.8375 0.351562 0.2375 0.578125
1 0.00701523 0.0703125 0.585938 0.084375 0.596875
0 0.00738525 0.726562 0.282813 0.159375 0.484375
2 0.00850677 0.965625 0.857813 0.06875 0.278125
2 0.0198975 0.728125 0.926562 0.15625 0.134375
0 0.143555 0.410937 0.179688 0.140625 0.309375
0 0.151001 0.28125 0.185937 0.15 0.315625
1 0.669922 0.410937 0.18125 0.153125 0.3125
1 0.820312 0.278125 0.189063 0.15625 0.315625
2 0.907227 0.829687 0.85 0.334375 0.2875
