0 0.00101566 0.510938 0.5375 0.190625 0.20625
2 0.00181103 0.126563 0.01875 0.203125 0.0375
2 0.00229645 0.95625 0.115625 0.0875 0.23125
0 0.00231552 0.767187 0.320312 0.259375 0.590625
0 0.00271988 0.0375 0.579687 0.0625 0.609375
0 0.00344467 0.146875 0.55 0.24375 0.76875
1 0.00387192 0.948438 0.101562 0.096875 0.190625
0 0.00415802 0.5125 0.721875 0.25 0.53125
0 0.00505829 0.946875 0.103125 0.10625 0.1875
1 0.00505829 0.065625 0.578125 0.09375 0.63125
0 0.00950623 0.25 0.553125 0.2625 0.6875
0 0.0132675 0.06875 0.576563 0.10625 0.671875
2 0.92041 0.517187 0.721875 0.253125 0.5375
