0 0.00119114 0.239063 0.342187 0.221875 0.615625
0 0.00144482 0.034375 0.579687 0.05625 0.596875
2 0.00152397 0.125 0.01875 0.2 0.0375
1 0.00157928 0.821875 0.025 0.175 0.04375
0 0.00177097 0.165625 0.445312 0.26875 0.834375
0 0.00223732 0.296875 0.559375 0.225 0.44375
2 0.00235748 0.960938 0.096875 0.078125 0.19375
1 0.00257301 0.06875 0.579687 0.1 0.615625
1 0.00592804 0.945312 0.0953125 0.103125 0.184375
0 0.00664139 0.0703125 0.578125 0.115625 0.64375
0 0.00667191 0.83125 0.340625 0.2625 0.6
0 0.00689697 0.2375 0.564062 0.24375 0.628125
0 0.0087204 0.94375 0.096875 0.1125 0.18125
2 0.910645 0.528125 0.721875 0.24375 0.5375
