2 0.00106049 0.03125 0.91875 0.0625 0.14375
2 0.00128078 0.435937 0.91875 0.115625 0.1625
0 0.00156593 0.839063 0.35625 0.246875 0.60625
0 0.00156975 0.034375 0.590625 0.0625 0.60625
0 0.00177193 0.146875 0.471875 0.25625 0.75625
0 0.00219727 0.61875 0.728125 0.275 0.21875
2 0.00225067 0.0734375 0.903125 0.146875 0.18125
2 0.0028038 0.804688 0.914062 0.115625 0.165625
0 0.00283241 0.4125 0.784375 0.16875 0.41875
0 0.00307083 0.135937 0.659375 0.178125 0.5625
2 0.00353432 0.765625 0.870313 0.1125 0.240625
2 0.00395584 0.125 0.01875 0.1875 0.0375
2 0.00535583 0.61875 0.723437 0.275 0.209375
2 0.00601959 0.5125 0.829687 0.125 0.334375
2 0.00640488 0.198437 0.864062 0.103125 0.259375
0 0.00661087 0.323438 0.648438 0.234375 0.209375
0 0.0206451 0.0765625 0.589063 0.134375 0.671875
2 0.0259247 0.220313 0.790625 0.153125 0.4
2 0.0328674 0.48125 0.86875 0.09375 0.2625
2 0.872559 0.628125 0.807813 0.34375 0.378125
2 0.934082 0.31875 0.778125 0.31875 0.44375
