2 0.00104046 0.925 0.9 0.11875 0.1875
0 0.00117207 0.896875 0.059375 0.16875 0.11875
0 0.00120258 0.860937 0.439063 0.190625 0.371875
0 0.00143433 0.9625 0.0671875 0.075 0.134375
0 0.00145245 0.717188 0.528125 0.134375 0.525
0 0.00153255 0.5875 0.429688 0.175 0.309375
2 0.00162411 0.559375 0.670313 0.19375 0.540625
0 0.00162601 0.542188 0.48125 0.140625 0.33125
0 0.0016489 0.771875 0.382812 0.15 0.265625
2 0.00166416 0.128125 0.0171875 0.2125 0.034375
1 0.00199318 0.559375 0.65 0.175 0.5375
0 0.00220108 0.0421875 0.579687 0.078125 0.640625
2 0.00223351 0.439063 0.814062 0.215625 0.234375
2 0.00279617 0.875 0.754687 0.16875 0.440625
0 0.002882 0.420312 0.495313 0.171875 0.246875
0 0.00371742 0.695312 0.0734375 0.209375 0.128125
1 0.00463104 0.651563 0.571875 0.165625 0.5625
1 0.0107498 0.684375 0.270312 0.23125 0.390625
0 0.011261 0.671875 0.140625 0.24375 0.23125
0 0.0132446 0.120312 0.576563 0.209375 0.628125
0 0.0141373 0.639063 0.389062 0.178125 0.334375
1 0.0450134 0.821875 0.5625 0.2 0.525
0 0.0579834 0.939062 0.09375 0.121875 0.1875
0 0.0706787 0.94375 0.789062 0.1125 0.421875
1 0.078064 0.4125 0.635938 0.2 0.565625
0 0.0982666 0.71875 0.364062 0.1625 0.409375
0 0.488037 0.68125 0.25 0.2375 0.3625
0 0.678223 0.648438 0.55 0.165625 0.575
2 0.763672 0.932813 0.801562 0.128125 0.396875
0 0.869629 0.420312 0.63125 0.190625 0.5625
0 0.905273 0.565625 0.626562 0.16875 0.571875
0 0.92041 0.817187 0.564062 0.203125 0.521875
