1 0.00104809 0.053125 0.64375 0.08125 0.56875
1 0.00108433 0.414062 0.475 0.303125 0.58125
1 0.00111961 0.81875 0.275 0.2125 0.51875
2 0.00154209 0.128125 0.821875 0.20625 0.30625
1 0.00164127 0.114063 0.25 0.203125 0.5
2 0.00171757 0.128125 0.01875 0.2 0.0375
0 0.00182533 0.370313 0.5625 0.228125 0.4875
0 0.002882 0.0609375 0.6625 0.096875 0.5625
2 0.00540924 0.154687 0.879687 0.153125 0.178125
0 0.00811005 0.482812 0.56875 0.228125 0.475
0 0.281494 0.1125 0.675 0.18125 0.58125
2 0.320801 0.10625 0.670313 0.1625 0.565625
1 0.604492 0.107813 0.673437 0.165625 0.559375
