2 0.00110531 0.021875 0.721875 0.0375 0.55625
0 0.0011425 0.332812 0.69375 0.171875 0.5375
2 0.00119781 0.06875 0.71875 0.1375 0.5625
2 0.00121021 0.501562 0.81875 0.196875 0.34375
0 0.00218201 0.945312 0.096875 0.109375 0.175
2 0.00234985 0.120312 0.0171875 0.196875 0.034375
0 0.00251389 0.825 0.335938 0.2375 0.590625
1 0.00266647 0.0734375 0.582812 0.128125 0.621875
0 0.00275612 0.03125 0.58125 0.05625 0.59375
2 0.0030098 0.425 0.853125 0.2375 0.275
1 0.00497437 0.448438 0.420312 0.184375 0.178125
2 0.00634384 0.0453125 0.7625 0.071875 0.475
2 0.00927734 0.05 0.9125 0.09375 0.1625
1 0.00969696 0.334375 0.473437 0.15 0.209375
0 0.0101776 0.0765625 0.579687 0.134375 0.659375
2 0.0171051 0.03125 0.870313 0.05625 0.253125
2 0.0924683 0.375 0.89375 0.20625 0.175
2 0.194946 0.440625 0.665625 0.25625 0.65625
2 0.230225 0.335938 0.671875 0.171875 0.59375
1 0.429199 0.35625 0.675 0.21875 0.63125
1 0.700684 0.448438 0.6625 0.240625 0.65625
