2 0.00110626 0.025 0.940625 0.05 0.1125
2 0.00115871 0.0640625 0.667188 0.121875 0.665625
1 0.00139046 0.823438 0.021875 0.159375 0.04375
2 0.00200653 0.125 0.01875 0.19375 0.0375
0 0.00223541 0.021875 0.496875 0.0375 0.525
0 0.00248718 0.526563 0.565625 0.209375 0.41875
1 0.00259018 0.848437 0.35 0.228125 0.625
0 0.0030117 0.946875 0.101562 0.10625 0.203125
2 0.00389862 0.95625 0.114063 0.0875 0.221875
2 0.00502014 0.05 0.909375 0.09375 0.16875
1 0.00536728 0.948438 0.096875 0.096875 0.18125
1 0.00746918 0.021875 0.542188 0.0375 0.565625
0 0.0137634 0.729688 0.270312 0.178125 0.503125
2 0.015358 0.0296875 0.851562 0.059375 0.284375
1 0.0154037 0.735937 0.279687 0.228125 0.528125
1 0.116455 0.0390625 0.642187 0.078125 0.603125
2 0.529785 0.03125 0.678125 0.0625 0.6
