1 0.00141525 0.825 0.0203125 0.1625 0.040625
0 0.00144482 0.821875 0.278125 0.20625 0.525
1 0.00164413 0.140625 0.573438 0.20625 0.671875
1 0.0017004 0.440625 0.426562 0.33125 0.584375
1 0.00188065 0.110937 0.345313 0.171875 0.596875
0 0.00188351 0.214062 0.675 0.234375 0.5
0 0.00213051 0.0390625 0.58125 0.065625 0.5875
2 0.00255966 0.121875 0.01875 0.19375 0.0375
1 0.00274277 0.853125 0.36875 0.26875 0.6625
1 0.00324059 0.754687 0.2625 0.203125 0.51875
1 0.00492477 0.0671875 0.58125 0.084375 0.6
0 0.00574112 0.735937 0.271875 0.146875 0.54375
0 0.00626373 0.06875 0.579687 0.1 0.628125
0 0.00856781 0.865625 0.440625 0.23125 0.64375
1 0.011879 0.946875 0.101562 0.10625 0.190625
0 0.0143127 0.94375 0.101562 0.1125 0.190625
2 0.0177765 0.396875 0.423438 0.18125 0.471875
2 0.0271301 0.565625 0.5125 0.20625 0.49375
1 0.877441 0.564062 0.50625 0.203125 0.4875
1 0.90625 0.396875 0.421875 0.18125 0.46875
