0 0.00110245 0.832812 0.340625 0.240625 0.5625
1 0.00111294 0.825 0.021875 0.1625 0.04375
2 0.00130558 0.121875 0.01875 0.19375 0.0375
1 0.00141048 0.821875 0.276563 0.23125 0.509375
0 0.00159931 0.69375 0.5625 0.19375 0.45625
0 0.00178242 0.728125 0.242188 0.16875 0.421875
1 0.00201225 0.935938 0.0875 0.121875 0.15625
2 0.00220871 0.9625 0.0921875 0.075 0.184375
1 0.00221825 0.075 0.585938 0.1125 0.653125
0 0.00728226 0.946875 0.09375 0.10625 0.175
1 0.941895 0.367188 0.257812 0.203125 0.459375
