2 0.00106049 0.0359375 0.635938 0.071875 0.278125
0 0.00107098 0.521875 0.565625 0.20625 0.40625
1 0.00134945 0.084375 0.626562 0.16875 0.265625
2 0.00135231 0.959375 0.120312 0.08125 0.234375
0 0.00218582 0.5625 0.140625 0.1625 0.275
1 0.00642776 0.0921875 0.345313 0.165625 0.515625
1 0.00699997 0.395312 0.140625 0.146875 0.2375
0 0.00749588 0.395312 0.139062 0.146875 0.234375
2 0.00965118 0.075 0.59375 0.13125 0.2
0 0.119263 0.467187 0.14375 0.153125 0.24375
0 0.209717 0.282813 0.148438 0.153125 0.265625
1 0.587402 0.4625 0.14375 0.175 0.26875
1 0.744141 0.2875 0.15 0.1625 0.25625
2 0.942871 0.090625 0.751562 0.18125 0.496875
