0 0.00101185 0.76875 0.30625 0.25 0.6
1 0.00103378 0.210938 0.445312 0.234375 0.571875
2 0.00109386 0.121875 0.01875 0.2 0.0375
2 0.00129032 0.959375 0.0953125 0.08125 0.190625
1 0.00151348 0.778125 0.28125 0.28125 0.5625
1 0.00161362 0.14375 0.557813 0.2125 0.659375
1 0.00161362 0.071875 0.584375 0.10625 0.61875
0 0.0025692 0.145313 0.557813 0.234375 0.728125
0 0.00375938 0.075 0.58125 0.11875 0.65625
0 0.00395584 0.434375 0.289062 0.19375 0.521875
0 0.00402832 0.945312 0.0921875 0.109375 0.178125
2 0.00460052 0.470313 0.735937 0.221875 0.465625
1 0.938965 0.435937 0.29375 0.184375 0.5375
