1 0.00106144 0.953125 0.0953125 0.0875 0.178125
2 0.00107574 0.0828125 0.692187 0.140625 0.259375
2 0.00132084 0.482812 0.679688 0.203125 0.221875
1 0.00144482 0.828125 0.021875 0.1625 0.04375
0 0.00156593 0.520312 0.66875 0.178125 0.275
0 0.0015707 0.951563 0.09375 0.096875 0.175
1 0.00167942 0.434375 0.175 0.14375 0.30625
2 0.00168991 0.965625 0.09375 0.06875 0.175
1 0.00325775 0.823438 0.254687 0.215625 0.471875
1 0.00759506 0.109375 0.346875 0.20625 0.6625
2 0.0185242 0.0390625 0.8 0.078125 0.4
0 0.0300293 0.514063 0.196875 0.171875 0.35
0 0.06427 0.325 0.204688 0.16875 0.353125
1 0.728027 0.5125 0.203125 0.175 0.35
1 0.856934 0.321875 0.198437 0.175 0.353125
2 0.921387 0.120312 0.79375 0.234375 0.40625
