0 0.00110149 0.823438 0.340625 0.246875 0.58125
2 0.00124931 0.05625 0.95 0.09375 0.1
1 0.00127029 0.810938 0.28125 0.240625 0.525
0 0.00128174 0.689062 0.615625 0.196875 0.41875
0 0.00141716 0.0296875 0.521875 0.053125 0.575
1 0.00162029 0.078125 0.34375 0.15625 0.65
0 0.00176907 0.94375 0.084375 0.1125 0.15625
1 0.00180817 0.945312 0.0859375 0.103125 0.159375
0 0.00188255 0.482812 0.565625 0.221875 0.475
1 0.00203323 0.028125 0.582812 0.05 0.540625
2 0.00371361 0.13125 0.01875 0.2 0.0375
2 0.0047493 0.0296875 0.90625 0.059375 0.175
0 0.00476074 0.0578125 0.578125 0.103125 0.59375
1 0.00556564 0.0546875 0.582812 0.096875 0.571875
2 0.714844 0.046875 0.776563 0.09375 0.421875
