1 0.00111675 0.834375 0.279687 0.225 0.515625
0 0.00134373 0.0375 0.584375 0.0625 0.59375
2 0.00175571 0.9625 0.1 0.075 0.2
2 0.0026207 0.129688 0.01875 0.203125 0.0375
0 0.00267029 0.845312 0.3375 0.234375 0.5875
1 0.00439835 0.0765625 0.5875 0.109375 0.60625
0 0.00636673 0.078125 0.584375 0.11875 0.63125
1 0.00880432 0.948438 0.0984375 0.096875 0.190625
0 0.0116119 0.946875 0.1 0.10625 0.1875
2 0.538086 0.476562 0.635938 0.221875 0.565625
1 0.924805 0.479688 0.646875 0.215625 0.56875
