0 0.00105858 0.0328125 0.576563 0.059375 0.603125
0 0.00108051 0.142188 0.546875 0.221875 0.68125
0 0.00137615 0.765625 0.254687 0.24375 0.471875
1 0.00139523 0.828125 0.0203125 0.16875 0.040625
0 0.00171566 0.065625 0.084375 0.11875 0.15625
0 0.00172329 0.53125 0.575 0.20625 0.44375
0 0.00196457 0.075 0.0375 0.125 0.06875
0 0.00216103 0.071875 0.578125 0.11875 0.6625
0 0.0026989 0.0265625 0.0765625 0.053125 0.153125
2 0.00366783 0.0640625 0.0734375 0.109375 0.146875
0 0.00369263 0.945312 0.0953125 0.109375 0.178125
0 0.00371933 0.685938 0.567187 0.221875 0.490625
0 0.00557327 0.204688 0.103125 0.128125 0.1875
1 0.0126114 0.31875 0.320312 0.18125 0.259375
1 0.124451 0.2125 0.1 0.125 0.175
1 0.905273 0.323438 0.4625 0.215625 0.53125
