2 0.00106621 0.467187 0.825 0.134375 0.325
0 0.00106907 0.696875 0.621875 0.1625 0.33125
0 0.00109386 0.103125 0.5875 0.14375 0.59375
2 0.00111198 0.125 0.01875 0.2 0.0375
2 0.00112629 0.964063 0.0984375 0.071875 0.196875
1 0.00138378 0.1125 0.35 0.1875 0.6375
0 0.00144958 0.473437 0.071875 0.171875 0.1375
1 0.0015955 0.35 0.215625 0.1 0.375
1 0.00189781 0.554688 0.25 0.353125 0.5
1 0.00197792 0.521875 0.635938 0.16875 0.346875
0 0.00239944 0.04375 0.5875 0.08125 0.65
0 0.00329018 0.76875 0.23125 0.1875 0.45
0 0.00358963 0.948438 0.0921875 0.103125 0.171875
0 0.00417709 0.585938 0.229687 0.184375 0.434375
0 0.00508881 0.520312 0.66875 0.159375 0.2875
1 0.00577164 0.071875 0.5875 0.10625 0.65
1 0.0186615 0.7875 0.248437 0.23125 0.465625
1 0.878906 0.403125 0.226562 0.19375 0.415625
1 0.911133 0.576563 0.228125 0.184375 0.43125
