2 0.00109577 0.484375 0.0203125 0.1625 0.040625
1 0.00116539 0.826563 0.278125 0.209375 0.525
2 0.00132179 0.676562 0.028125 0.246875 0.05625
0 0.00134087 0.690625 0.565625 0.20625 0.45625
0 0.00160503 0.04375 0.579687 0.075 0.640625
0 0.00168705 0.1125 0.589063 0.15 0.565625
0 0.00184345 0.523438 0.571875 0.196875 0.40625
2 0.00261879 0.46875 0.821875 0.14375 0.33125
2 0.00354004 0.49375 0.679688 0.2125 0.221875
1 0.00409698 0.107813 0.5875 0.140625 0.55
0 0.0353699 0.346875 0.170312 0.16875 0.271875
0 0.0403137 0.510938 0.159375 0.140625 0.26875
1 0.697266 0.510938 0.157813 0.146875 0.271875
1 0.808594 0.348437 0.165625 0.178125 0.29375
