0 0.00106525 0.970312 0.065625 0.059375 0.13125
1 0.00110626 0.825 0.0234375 0.1625 0.046875
1 0.0011282 0.15 0.559375 0.21875 0.6625
1 0.00115395 0.710938 0.228125 0.103125 0.375
0 0.00123787 0.0390625 0.604688 0.071875 0.603125
1 0.00143719 0.685938 0.0625 0.165625 0.11875
2 0.00145435 0.451562 0.735937 0.234375 0.434375
0 0.00204849 0.153125 0.559375 0.24375 0.71875
1 0.00218964 0.071875 0.582812 0.1125 0.634375
1 0.00461197 0.885938 0.34375 0.190625 0.5625
0 0.00565338 0.0734375 0.579687 0.121875 0.678125
1 0.0217438 0.948438 0.0984375 0.096875 0.190625
0 0.0233765 0.64375 0.325 0.2125 0.5125
0 0.0279846 0.946875 0.096875 0.10625 0.1875
1 0.927734 0.440625 0.328125 0.20625 0.50625
1 0.938965 0.640625 0.315625 0.2125 0.50625
