1 0.00105 0.779688 0.028125 0.153125 0.05625
1 0.00125027 0.44375 0.321875 0.2 0.20625
0 0.00164795 0.0421875 0.578125 0.078125 0.65625
2 0.00181484 0.44375 0.498437 0.24375 0.528125
1 0.00207901 0.114063 0.579687 0.184375 0.609375
1 0.00227928 0.828125 0.0203125 0.1625 0.040625
0 0.00388718 0.6875 0.48125 0.2125 0.51875
0 0.00722885 0.117188 0.578125 0.190625 0.64375
0 0.00766373 0.946875 0.0984375 0.10625 0.184375
1 0.926758 0.673437 0.4875 0.221875 0.525
1 0.937012 0.445312 0.495313 0.234375 0.534375
