2 0.00109768 0.534375 0.760938 0.2625 0.478125
0 0.00111675 0.0421875 0.584375 0.078125 0.61875
0 0.00112343 0.482812 0.515625 0.190625 0.425
2 0.00115299 0.0671875 0.603125 0.096875 0.56875
2 0.00238991 0.48125 0.817187 0.1375 0.353125
1 0.00302887 0.06875 0.5875 0.1 0.61875
2 0.00337219 0.954687 0.815625 0.090625 0.25
2 0.00474167 0.134375 0.021875 0.2 0.04375
1 0.00602722 0.229687 0.040625 0.171875 0.075
2 0.00740051 0.226562 0.034375 0.190625 0.0625
1 0.0142593 0.567187 0.140625 0.128125 0.25
2 0.0190735 0.923437 0.945312 0.146875 0.096875
0 0.0373535 0.56875 0.142188 0.13125 0.246875
2 0.890137 0.921875 0.859375 0.14375 0.28125
