0 0.00103283 0.965625 0.065625 0.06875 0.13125
2 0.00112343 0.6875 0.926562 0.16875 0.128125
2 0.00115299 0.629687 0.971875 0.159375 0.04375
2 0.00116158 0.678125 0.965625 0.15625 0.05625
0 0.0012331 0.7625 0.632812 0.175 0.528125
0 0.00161839 0.632812 0.065625 0.215625 0.13125
0 0.00216675 0.0765625 0.576563 0.115625 0.659375
2 0.00232506 0.710938 0.865625 0.159375 0.25625
0 0.00246239 0.61875 0.320312 0.18125 0.309375
0 0.00417328 0.671875 0.0328125 0.2125 0.065625
0 0.0102463 0.671875 0.498437 0.2125 0.328125
0 0.0116119 0.667188 0.134375 0.178125 0.25625
0 0.0203705 0.73125 0.415625 0.1875 0.2375
1 0.0482483 0.585938 0.226562 0.190625 0.421875
0 0.0624084 0.934375 0.096875 0.13125 0.19375
1 0.108948 0.378125 0.223438 0.2 0.403125
0 0.554199 0.782812 0.49375 0.134375 0.3875
0 0.791016 0.379687 0.226562 0.190625 0.403125
0 0.858398 0.579687 0.235938 0.178125 0.428125
0 0.889648 0.698438 0.671875 0.265625 0.65625
