0 0.00105572 0.04375 0.5875 0.075 0.64375
1 0.00115204 0.117188 0.351562 0.184375 0.615625
2 0.00116062 0.467187 0.0375 0.203125 0.06875
1 0.00116539 0.654688 0.217187 0.115625 0.396875
0 0.00133324 0.471875 0.065625 0.19375 0.125
1 0.00141811 0.554688 0.246875 0.353125 0.49375
1 0.00160599 0.532812 0.585938 0.171875 0.359375
1 0.00176334 0.126563 0.58125 0.190625 0.63125
0 0.00190067 0.56875 0.5625 0.15625 0.3875
1 0.00291061 0.0703125 0.585938 0.103125 0.646875
2 0.00306129 0.471875 0.814062 0.15 0.346875
1 0.00327682 0.95 0.0875 0.1 0.16875
0 0.00383759 0.948438 0.0875 0.103125 0.16875
0 0.00445557 0.770312 0.235938 0.178125 0.434375
0 0.00837708 0.5875 0.225 0.18125 0.425
1 0.00962067 0.49375 0.685938 0.1875 0.221875
0 0.0141373 0.517187 0.646875 0.190625 0.30625
2 0.0163422 0.503125 0.667188 0.21875 0.309375
1 0.0382996 0.785937 0.25625 0.215625 0.48125
1 0.901855 0.407813 0.229687 0.196875 0.415625
1 0.90918 0.58125 0.226562 0.18125 0.421875
