1 0.0010519 0.925 0.348437 0.15 0.578125
0 0.00110626 0.473437 0.815625 0.159375 0.33125
1 0.00231934 0.132812 0.576563 0.221875 0.671875
0 0.00250816 0.435937 0.271875 0.209375 0.475
1 0.00312233 0.68125 0.126563 0.1375 0.253125
1 0.00339699 0.071875 0.584375 0.1 0.6125
0 0.00361824 0.68125 0.125 0.1375 0.25
1 0.00372124 0.832812 0.275 0.215625 0.5375
1 0.00473404 0.95 0.0796875 0.1 0.159375
0 0.00501251 0.734375 0.195312 0.18125 0.371875
0 0.00502396 0.0734375 0.582812 0.109375 0.640625
0 0.00518036 0.946875 0.08125 0.10625 0.15625
0 0.00688934 0.609375 0.259375 0.19375 0.46875
0 0.00862122 0.504687 0.675 0.178125 0.25
1 0.0139465 0.489062 0.678125 0.178125 0.225
2 0.0144272 0.492188 0.7375 0.215625 0.38125
1 0.0269165 0.726562 0.229687 0.109375 0.440625
1 0.90332 0.425 0.26875 0.20625 0.48125
1 0.908691 0.609375 0.265625 0.19375 0.46875
