2 0.00100136 0.651563 0.915625 0.140625 0.15625
0 0.00104523 0.579687 0.726562 0.178125 0.434375
2 0.00106907 0.295312 0.939062 0.103125 0.109375
1 0.0010767 0.817187 0.270312 0.228125 0.509375
2 0.00108528 0.701563 0.9125 0.128125 0.175
1 0.00118637 0.828125 0.021875 0.175 0.04375
2 0.00130463 0.95625 0.120312 0.0875 0.240625
2 0.00139427 0.329688 0.9625 0.171875 0.0625
2 0.00139713 0.123438 0.01875 0.184375 0.0375
2 0.00156498 0.61875 0.953125 0.19375 0.0875
0 0.00165558 0.379687 0.7375 0.184375 0.4125
0 0.00165749 0.423438 0.63125 0.253125 0.225
1 0.00191307 0.234375 0.464063 0.2375 0.584375
0 0.00230408 0.7625 0.314063 0.25625 0.596875
1 0.00304794 0.075 0.58125 0.1125 0.625
0 0.00315475 0.948438 0.0984375 0.103125 0.184375
0 0.00315666 0.0421875 0.576563 0.078125 0.646875
1 0.00339699 0.14375 0.470313 0.225 0.703125
0 0.00352287 0.214062 0.548437 0.259375 0.659375
2 0.00410461 0.345313 0.765625 0.121875 0.44375
0 0.0159454 0.11875 0.579687 0.19375 0.634375
2 0.225952 0.601562 0.8375 0.196875 0.325
2 0.906738 0.451562 0.760938 0.340625 0.478125
