0 0.00105095 0.907812 0.425 0.184375 0.725
1 0.00105381 0.695312 0.0640625 0.165625 0.121875
1 0.00127602 0.220313 0.56875 0.278125 0.6
0 0.00134182 0.970312 0.065625 0.059375 0.13125
1 0.00151348 0.823438 0.0234375 0.159375 0.046875
0 0.00159836 0.695312 0.332812 0.153125 0.484375
0 0.00168324 0.040625 0.604688 0.075 0.596875
1 0.00210762 0.714063 0.2375 0.115625 0.35
1 0.00259018 0.0703125 0.584375 0.109375 0.63125
0 0.00286484 0.148438 0.560938 0.240625 0.715625
1 0.00535583 0.882812 0.353125 0.190625 0.575
0 0.0065918 0.0734375 0.579687 0.121875 0.665625
0 0.035614 0.946875 0.096875 0.10625 0.1875
1 0.0397644 0.95 0.0953125 0.1 0.190625
1 0.927734 0.646875 0.340625 0.2125 0.50625
1 0.930176 0.45 0.371875 0.20625 0.51875
