0 0.00112343 0.040625 0.582812 0.075 0.621875
0 0.00114536 0.948438 0.103125 0.103125 0.20625
0 0.00137711 0.735937 0.282813 0.159375 0.459375
0 0.00143242 0.821875 0.351562 0.225 0.553125
2 0.00146484 0.959375 0.1125 0.08125 0.225
0 0.00209999 0.484375 0.676562 0.18125 0.240625
1 0.00222206 0.828125 0.265625 0.20625 0.4875
1 0.00229263 0.06875 0.585938 0.1 0.615625
1 0.00235939 0.951563 0.0984375 0.090625 0.184375
0 0.00258636 0.478125 0.46875 0.18125 0.4125
0 0.00261688 0.53125 0.5625 0.1875 0.4125
2 0.00380516 0.123438 0.01875 0.178125 0.0375
2 0.0227051 0.967188 0.7625 0.059375 0.375
2 0.822266 0.945312 0.820312 0.109375 0.353125
