1 0.00102043 0.165625 0.58125 0.1625 0.3375
2 0.00108719 0.270312 0.965625 0.178125 0.0625
1 0.00110912 0.83125 0.021875 0.15625 0.04375
0 0.00135422 0.696875 0.567187 0.19375 0.459375
2 0.00141239 0.965625 0.101562 0.06875 0.203125
0 0.00153637 0.770312 0.264062 0.246875 0.490625
2 0.00175953 0.126563 0.01875 0.190625 0.0375
0 0.00259781 0.48125 0.51875 0.2125 0.45
0 0.0026722 0.210938 0.646875 0.128125 0.46875
2 0.00289154 0.06875 0.935938 0.125 0.115625
1 0.00295067 0.826563 0.267188 0.234375 0.503125
0 0.00323486 0.946875 0.0984375 0.10625 0.184375
1 0.00346565 0.2125 0.676562 0.1375 0.465625
0 0.00465012 0.146875 0.6875 0.24375 0.5
1 0.00485992 0.10625 0.257812 0.18125 0.484375
0 0.00764847 0.0375 0.679688 0.075 0.478125
2 0.00774384 0.209375 0.675 0.14375 0.475
1 0.0109253 0.096875 0.684375 0.19375 0.50625
2 0.0258026 0.0359375 0.678125 0.071875 0.49375
2 0.834473 0.129688 0.715625 0.253125 0.56875
