1 0.00100422 0.242188 0.503125 0.178125 0.24375
2 0.00106621 0.525 0.876562 0.21875 0.153125
1 0.00117397 0.834375 0.26875 0.2 0.53125
0 0.00149441 0.946875 0.0859375 0.10625 0.153125
0 0.00171185 0.0625 0.609375 0.1125 0.61875
0 0.00175095 0.853125 0.335938 0.23125 0.596875
2 0.00423431 0.13125 0.0171875 0.20625 0.034375
1 0.00489426 0.4375 0.64375 0.125 0.53125
2 0.0102463 0.573438 0.815625 0.165625 0.28125
1 0.0657959 0.484375 0.490625 0.2 0.21875
2 0.1604 0.495313 0.678125 0.240625 0.59375
2 0.217773 0.248437 0.65625 0.203125 0.55
1 0.814941 0.5 0.675 0.25 0.5875
1 0.877441 0.25 0.651563 0.2125 0.559375
