1 0.00111675 0.128125 0.573438 0.1875 0.640625
0 0.00142956 0.1125 0.5875 0.15625 0.575
0 0.00152016 0.948438 0.832812 0.096875 0.328125
0 0.00154781 0.946875 0.096875 0.10625 0.175
0 0.00159264 0.0421875 0.579687 0.078125 0.615625
2 0.00250053 0.121875 0.01875 0.19375 0.0375
2 0.00264931 0.520312 0.645312 0.284375 0.403125
0 0.00269318 0.823438 0.590625 0.209375 0.2125
1 0.00290489 0.0703125 0.578125 0.103125 0.61875
2 0.00366783 0.74375 0.771875 0.10625 0.45625
0 0.00390434 0.745313 0.771875 0.115625 0.45625
0 0.00400925 0.909375 0.739062 0.13125 0.490625
2 0.00413513 0.890625 0.820312 0.1875 0.359375
0 0.00440598 0.820312 0.267188 0.253125 0.515625
2 0.0082016 0.909375 0.910937 0.15625 0.178125
2 0.00827789 0.954687 0.88125 0.090625 0.225
0 0.0134506 0.4875 0.565625 0.225 0.4625
0 0.206177 0.825 0.75625 0.2625 0.4875
2 0.830078 0.825 0.75 0.2625 0.5
