0 0.00107288 0.9625 0.207813 0.075 0.409375
2 0.00118446 0.0421875 0.828125 0.084375 0.25625
0 0.00128269 0.0359375 0.239063 0.065625 0.434375
2 0.00154495 0.3875 0.9625 0.2 0.06875
0 0.00158691 0.376563 0.821875 0.221875 0.35625
0 0.00199699 0.0390625 0.540625 0.071875 0.43125
0 0.00236893 0.0765625 0.235938 0.140625 0.434375
0 0.00238419 0.107813 0.523438 0.153125 0.440625
0 0.00267029 0.16875 0.626562 0.175 0.584375
2 0.00284958 0.7875 0.90625 0.2 0.1875
0 0.0032959 0.1125 0.34375 0.175 0.375
0 0.00421906 0.915625 0.728125 0.1375 0.53125
0 0.00503922 0.414062 0.501562 0.196875 0.271875
2 0.00512314 0.65 0.940625 0.225 0.1125
2 0.00538635 0.265625 0.846875 0.24375 0.25625
2 0.00667572 0.578125 0.954687 0.29375 0.084375
0 0.00699997 0.553125 0.876562 0.30625 0.246875
0 0.00730896 0.071875 0.484375 0.13125 0.275
0 0.00830078 0.251563 0.4125 0.203125 0.1875
2 0.00832367 0.0765625 0.860937 0.153125 0.171875
0 0.00841522 0.529688 0.729688 0.240625 0.415625
1 0.0108948 0.675 0.175 0.2125 0.33125
1 0.0111542 0.470313 0.121875 0.171875 0.2375
2 0.0164642 0.126563 0.842188 0.209375 0.228125
0 0.0171509 0.596875 0.65625 0.20625 0.56875
2 0.0207367 0.409375 0.917188 0.2 0.159375
0 0.0222473 0.64375 0.334375 0.175 0.2875
1 0.0271912 0.078125 0.667188 0.15625 0.565625
0 0.0436707 0.945312 0.103125 0.109375 0.2
2 0.0578308 0.435937 0.73125 0.278125 0.5375
0 0.0741577 0.817187 0.482812 0.178125 0.265625
2 0.0795898 0.370313 0.864062 0.240625 0.259375
2 0.151489 0.834375 0.720312 0.25 0.559375
0 0.228516 0.48125 0.129688 0.16875 0.253125
0 0.366699 0.660937 0.203125 0.203125 0.33125
0 0.78125 0.0765625 0.65 0.146875 0.575
0 0.802246 0.414062 0.664062 0.215625 0.584375
2 0.861328 0.53125 0.865625 0.3625 0.25625
0 0.901855 0.828125 0.714063 0.24375 0.571875
0 0.90625 0.68125 0.5875 0.2125 0.6625
0 0.908691 0.25625 0.63125 0.19375 0.61875
