2 0.00105953 0.95625 0.117188 0.0875 0.234375
2 0.00112152 0.646875 0.917188 0.11875 0.165625
1 0.00113773 0.948438 0.096875 0.096875 0.18125
1 0.00115013 0.075 0.585938 0.1125 0.628125
2 0.00116348 0.554688 0.914062 0.209375 0.159375
0 0.00142288 0.55625 0.78125 0.2125 0.43125
2 0.00152588 0.126563 0.01875 0.196875 0.0375
0 0.00155067 0.946875 0.096875 0.10625 0.18125
0 0.00155735 0.040625 0.576563 0.075 0.653125
0 0.00158119 0.834375 0.346875 0.24375 0.58125
1 0.0017271 0.426562 0.473437 0.209375 0.403125
2 0.00172806 0.559375 0.820312 0.21875 0.359375
0 0.00388908 0.140625 0.567187 0.225 0.678125
2 0.00501633 0.609375 0.870313 0.11875 0.246875
0 0.00855255 0.428125 0.475 0.2125 0.4
2 0.0420837 0.328125 0.7875 0.14375 0.4
2 0.944824 0.446875 0.784375 0.425 0.41875
