0 0.00100613 0.46875 0.854688 0.1625 0.265625
1 0.00108433 0.775 0.326562 0.2625 0.653125
0 0.00121784 0.110937 0.585938 0.146875 0.565625
1 0.00126362 0.307813 0.164062 0.121875 0.271875
2 0.00137806 0.5 0.640625 0.25625 0.49375
0 0.00138664 0.6875 0.560938 0.2 0.471875
1 0.00150394 0.559375 0.15 0.15625 0.3
0 0.00180054 0.04375 0.579687 0.075 0.634375
0 0.00214958 0.815625 0.3375 0.225 0.5625
2 0.00222397 0.4875 0.675 0.2125 0.2375
1 0.0038147 0.06875 0.579687 0.1 0.628125
2 0.00474548 0.470313 0.820312 0.153125 0.353125
0 0.00511551 0.520312 0.626562 0.203125 0.365625
0 0.041687 0.360938 0.178125 0.178125 0.31875
0 0.0458374 0.5125 0.178125 0.14375 0.30625
1 0.145874 0.440625 0.176563 0.18125 0.328125
1 0.694824 0.510938 0.178125 0.140625 0.30625
1 0.864258 0.35625 0.179688 0.18125 0.315625
