2 0.00113487 0.235938 0.901563 0.171875 0.171875
2 0.00119495 0.06875 0.935938 0.1375 0.109375
2 0.00151443 0.0359375 0.920313 0.065625 0.140625
2 0.0015707 0.954687 0.11875 0.090625 0.2375
1 0.0027256 0.142188 0.640625 0.146875 0.575
2 0.00281715 0.129688 0.01875 0.190625 0.0375
0 0.00335121 0.81875 0.329688 0.23125 0.559375
2 0.00367355 0.442187 0.684375 0.209375 0.5625
1 0.00370407 0.457812 0.542188 0.165625 0.328125
2 0.00391769 0.0765625 0.851562 0.153125 0.296875
0 0.00444031 0.940625 0.104687 0.11875 0.190625
1 0.00543976 0.117188 0.239063 0.203125 0.478125
1 0.00653076 0.189063 0.489062 0.196875 0.221875
1 0.455322 0.204688 0.69375 0.240625 0.6125
2 0.806152 0.201562 0.689062 0.246875 0.615625
1 0.857422 0.451562 0.673437 0.209375 0.578125
