0 0.00100708 0.909375 0.546875 0.175 0.64375
2 0.00112438 0.48125 0.9375 0.15625 0.11875
0 0.00113773 0.523438 0.4625 0.184375 0.40625
1 0.0011425 0.129688 0.570312 0.196875 0.646875
2 0.00125408 0.559375 0.773438 0.26875 0.453125
0 0.00134563 0.485938 0.776563 0.178125 0.446875
0 0.0014658 0.560938 0.670313 0.321875 0.659375
2 0.0014801 0.634375 0.890625 0.36875 0.21875
0 0.0015173 0.13125 0.571875 0.21875 0.70625
1 0.00173092 0.951563 0.1 0.090625 0.1875
2 0.00188255 0.959375 0.117188 0.08125 0.228125
1 0.00190449 0.071875 0.590625 0.1 0.6
0 0.00210571 0.484375 0.567187 0.21875 0.471875
1 0.00224686 0.717188 0.234375 0.146875 0.425
0 0.002491 0.95 0.1 0.1 0.18125
0 0.00253105 0.0734375 0.5875 0.115625 0.625
2 0.0026741 0.74375 0.920313 0.15 0.159375
0 0.0030632 0.771875 0.310937 0.26875 0.609375
2 0.00364113 0.126563 0.0171875 0.190625 0.034375
1 0.0043602 0.751562 0.278125 0.284375 0.54375
0 0.00521851 0.71875 0.2375 0.1625 0.44375
2 0.010582 0.540625 0.8875 0.11875 0.2125
2 0.021637 0.489062 0.832812 0.178125 0.328125
2 0.848145 0.640625 0.901563 0.26875 0.190625
