0 0.0011158 0.578125 0.154687 0.125 0.246875
0 0.00120354 0.834375 0.340625 0.24375 0.59375
0 0.00159168 0.528125 0.56875 0.2125 0.44375
1 0.00165558 0.117188 0.329688 0.190625 0.584375
2 0.00168705 0.0609375 0.64375 0.109375 0.375
1 0.00195694 0.823438 0.0234375 0.159375 0.046875
0 0.00205421 0.473437 0.457812 0.171875 0.396875
2 0.00206184 0.0390625 0.914062 0.071875 0.171875
1 0.00234413 0.742188 0.26875 0.278125 0.5375
0 0.00259781 0.717188 0.240625 0.171875 0.44375
2 0.00393295 0.128125 0.0171875 0.2 0.034375
2 0.00438309 0.0421875 0.754687 0.078125 0.453125
2 0.00507736 0.954687 0.114063 0.090625 0.221875
2 0.00803375 0.110937 0.864062 0.128125 0.259375
0 0.00952148 0.946875 0.101562 0.10625 0.190625
1 0.00980377 0.946875 0.101562 0.1 0.190625
2 0.883301 0.090625 0.771875 0.175 0.43125
