0 0.00102234 0.634375 0.420312 0.16875 0.353125
0 0.00107193 0.678125 0.66875 0.1625 0.31875
0 0.0011797 0.721875 0.271875 0.18125 0.53125
0 0.00118256 0.515625 0.659375 0.175 0.3125
1 0.00125694 0.0265625 0.496875 0.046875 0.45
1 0.00159168 0.846875 0.335938 0.23125 0.590625
2 0.00160503 0.126563 0.01875 0.184375 0.0375
1 0.00179863 0.110937 0.6375 0.153125 0.525
1 0.00182724 0.7375 0.279687 0.275 0.559375
2 0.0020256 0.95625 0.115625 0.0875 0.23125
0 0.00208855 0.107813 0.689062 0.134375 0.496875
0 0.0046196 0.946875 0.096875 0.10625 0.18125
1 0.00507355 0.948438 0.0984375 0.096875 0.184375
2 0.00619507 0.025 0.542188 0.05 0.421875
0 0.00656891 0.0234375 0.578125 0.046875 0.4125
0 0.00657272 0.053125 0.540625 0.09375 0.45625
2 0.0100098 0.0578125 0.582812 0.103125 0.409375
1 0.0123138 0.053125 0.579687 0.09375 0.428125
2 0.0163574 0.114063 0.9125 0.115625 0.1625
2 0.0811157 0.0640625 0.914062 0.121875 0.165625
2 0.807129 0.075 0.734375 0.14375 0.51875
