1 0.00108051 0.367188 0.428125 0.196875 0.1875
1 0.00109863 0.748438 0.245312 0.228125 0.490625
0 0.0011034 0.865625 0.567187 0.19375 0.584375
1 0.00110912 0.409375 0.485938 0.1875 0.278125
2 0.00111485 0.128125 0.01875 0.20625 0.0375
1 0.00115585 0.785937 0.0296875 0.184375 0.053125
1 0.00157166 0.64375 0.41875 0.18125 0.2125
0 0.00251007 0.040625 0.573438 0.075 0.659375
2 0.00263786 0.648438 0.592188 0.215625 0.528125
1 0.00302315 0.115625 0.579687 0.19375 0.634375
1 0.00332451 0.1125 0.340625 0.20625 0.6625
0 0.00481415 0.0796875 0.571875 0.128125 0.66875
0 0.00773239 0.948438 0.101562 0.103125 0.184375
2 0.188354 0.385938 0.620313 0.259375 0.540625
1 0.910645 0.6375 0.592188 0.23125 0.546875
1 0.932129 0.3875 0.617188 0.25625 0.540625
