0 0.00108147 0.728125 0.571875 0.20625 0.41875
0 0.00110817 0.110937 0.589063 0.146875 0.559375
0 0.00156975 0.04375 0.579687 0.075 0.628125
0 0.00247002 0.521875 0.625 0.2125 0.375
2 0.00258636 0.471875 0.825 0.14375 0.3375
2 0.00275612 0.489062 0.675 0.209375 0.2375
1 0.00345802 0.0703125 0.58125 0.096875 0.625
0 0.0492249 0.5125 0.164062 0.14375 0.278125
0 0.0500488 0.351562 0.171875 0.165625 0.26875
1 0.720703 0.510938 0.160938 0.153125 0.284375
1 0.808594 0.35 0.170312 0.175 0.284375
