2 0.00103569 0.315625 0.9 0.2125 0.2
2 0.00106812 0.548437 0.767187 0.284375 0.465625
2 0.00110626 0.06875 0.953125 0.13125 0.0875
1 0.00122643 0.282813 0.245312 0.190625 0.384375
0 0.00129318 0.582812 0.1625 0.128125 0.2375
0 0.0012989 0.526563 0.520312 0.203125 0.434375
2 0.0013504 0.95625 0.11875 0.0875 0.2375
1 0.00171661 0.832812 0.0203125 0.159375 0.040625
1 0.00224495 0.121875 0.265625 0.21875 0.53125
1 0.00259018 0.95 0.101562 0.1 0.184375
2 0.00259399 0.165625 0.959375 0.2 0.075
1 0.00280952 0.751562 0.275 0.284375 0.55
0 0.00313187 0.946875 0.103125 0.10625 0.18125
2 0.00317955 0.121875 0.01875 0.19375 0.0375
2 0.00320816 0.034375 0.75 0.06875 0.4875
0 0.00358009 0.75 0.26875 0.25625 0.5125
0 0.00433731 0.684375 0.620313 0.19375 0.403125
2 0.00519562 0.0421875 0.895312 0.084375 0.209375
0 0.00765228 0.220313 0.721875 0.315625 0.5375
2 0.0206299 0.296875 0.751562 0.2125 0.478125
2 0.0561829 0.214062 0.575 0.271875 0.31875
2 0.0979614 0.065625 0.80625 0.13125 0.3875
1 0.14978 0.214062 0.571875 0.278125 0.31875
2 0.800293 0.192188 0.725 0.371875 0.5375
