2 0.00100613 0.040625 0.648438 0.075 0.253125
0 0.00103474 0.48125 0.467187 0.1625 0.365625
2 0.00107384 0.123438 0.0171875 0.190625 0.034375
1 0.00108147 0.16875 0.78125 0.2875 0.4375
2 0.00119019 0.115625 0.645312 0.175 0.246875
2 0.00154877 0.25 0.90625 0.13125 0.175
1 0.00230598 0.104687 0.323438 0.178125 0.540625
2 0.00243378 0.04375 0.910937 0.0875 0.178125
2 0.0161133 0.04375 0.779688 0.0875 0.440625
2 0.0887451 0.204688 0.876562 0.196875 0.246875
2 0.802246 0.15 0.775 0.2875 0.45
