0 0.00106335 0.165625 0.65625 0.15625 0.575
1 0.00108242 0.264062 0.64375 0.153125 0.525
0 0.00115681 0.684375 0.610937 0.21875 0.509375
1 0.00133419 0.8125 0.270312 0.21875 0.509375
2 0.00140095 0.126563 0.01875 0.196875 0.0375
1 0.00150204 0.81875 0.0234375 0.16875 0.046875
2 0.00152111 0.95625 0.11875 0.0875 0.23125
0 0.00188732 0.825 0.3375 0.2375 0.5875
0 0.00224876 0.0375 0.582812 0.0625 0.609375
1 0.00244331 0.1125 0.340625 0.18125 0.58125
0 0.0025692 0.251563 0.717188 0.134375 0.478125
0 0.00495148 0.946875 0.096875 0.10625 0.175
1 0.00512314 0.0734375 0.58125 0.115625 0.625
1 0.00801086 0.35 0.504687 0.225 0.209375
2 0.0103302 0.25 0.714063 0.13125 0.509375
0 0.0173035 0.075 0.578125 0.125 0.6625
2 0.896973 0.346875 0.695312 0.29375 0.596875
