0 0.00100422 0.934375 0.592188 0.13125 0.365625
2 0.00115299 0.96875 0.09375 0.0625 0.16875
0 0.00115967 0.682813 0.320312 0.209375 0.553125
2 0.00141335 0.126563 0.01875 0.184375 0.0375
0 0.00145721 0.567187 0.573438 0.215625 0.440625
1 0.0015955 0.803125 0.373437 0.39375 0.746875
2 0.00161743 0.03125 0.776563 0.0625 0.415625
2 0.00164509 0.539062 0.554688 0.346875 0.546875
0 0.00165749 0.675 0.61875 0.2 0.39375
2 0.00180912 0.0578125 0.832812 0.115625 0.334375
1 0.00189304 0.953125 0.0890625 0.09375 0.165625
1 0.00193977 0.825 0.0203125 0.16875 0.040625
2 0.00196457 0.470313 0.821875 0.121875 0.33125
0 0.00210571 0.95 0.0890625 0.1 0.165625
1 0.00235748 0.445312 0.478125 0.290625 0.575
0 0.00243187 0.925 0.401563 0.15 0.578125
0 0.00307655 0.484375 0.564062 0.225 0.446875
1 0.00362206 0.123438 0.567187 0.171875 0.621875
0 0.00369072 0.971875 0.476562 0.05 0.359375
1 0.00375175 0.728125 0.245312 0.13125 0.446875
2 0.00381279 0.53125 0.745313 0.3 0.446875
2 0.00411224 0.935938 0.959375 0.121875 0.06875
1 0.00502777 0.920313 0.364062 0.159375 0.596875
0 0.00569153 0.729688 0.246875 0.140625 0.4625
0 0.00634003 0.915625 0.754687 0.16875 0.453125
1 0.00737762 0.582812 0.18125 0.115625 0.21875
0 0.00923157 0.9625 0.685938 0.075 0.384375
2 0.0103149 0.948438 0.920313 0.103125 0.159375
0 0.0167236 0.0609375 0.584375 0.103125 0.60625
0 0.0171509 0.84375 0.339063 0.2625 0.621875
0 0.0176697 0.585938 0.18125 0.115625 0.21875
1 0.0240631 0.0609375 0.585938 0.090625 0.584375
0 0.0335999 0.978125 0.585938 0.04375 0.240625
2 0.898438 0.9125 0.782812 0.16875 0.421875
