0 0.00104523 0.0375 0.584375 0.0625 0.56875
2 0.00167561 0.125 0.01875 0.19375 0.0375
0 0.00186634 0.63125 0.695312 0.15625 0.446875
0 0.00237846 0.132812 0.5625 0.215625 0.725
0 0.00382233 0.265625 0.623438 0.2125 0.553125
1 0.00435638 0.0734375 0.5875 0.096875 0.5875
0 0.00445938 0.815625 0.267188 0.25625 0.509375
0 0.00450516 0.329688 0.473437 0.209375 0.465625
0 0.00477219 0.0734375 0.584375 0.109375 0.60625
0 0.00712204 0.79375 0.726562 0.1875 0.521875
0 0.0096283 0.7125 0.540625 0.225 0.1875
0 0.0101776 0.946875 0.09375 0.10625 0.18125
0 0.0260468 0.442187 0.570312 0.209375 0.503125
0 0.0750732 0.695312 0.734375 0.309375 0.53125
2 0.853516 0.70625 0.728125 0.30625 0.5375
