0 0.00117302 0.578125 0.151562 0.125 0.259375
2 0.00126362 0.071875 0.684375 0.14375 0.3875
2 0.00157261 0.0375 0.901563 0.075 0.196875
2 0.00176716 0.215625 0.953125 0.15625 0.0875
0 0.00214195 0.475 0.464063 0.175 0.396875
1 0.00252342 0.115625 0.317187 0.2 0.553125
0 0.00315094 0.946875 0.101562 0.10625 0.203125
2 0.00319672 0.959375 0.110937 0.08125 0.215625
2 0.00362587 0.126563 0.01875 0.190625 0.0375
0 0.00656128 0.525 0.56875 0.19375 0.4
1 0.00837708 0.95 0.096875 0.1 0.18125
2 0.0092926 0.226562 0.86875 0.115625 0.25
1 0.0127411 0.0859375 0.61875 0.171875 0.225
2 0.0136719 0.084375 0.596875 0.15 0.19375
2 0.0596924 0.034375 0.759375 0.06875 0.475
2 0.946289 0.139062 0.7625 0.271875 0.45625
