1 0.00101185 0.21875 0.45 0.225 0.59375
1 0.00122929 0.13125 0.359375 0.2375 0.71875
1 0.00138474 0.9375 0.125 0.125 0.2375
1 0.00138855 0.825 0.0203125 0.1875 0.040625
0 0.00152206 0.034375 0.579687 0.05625 0.590625
2 0.00169754 0.95625 0.117188 0.0875 0.234375
2 0.00284767 0.128125 0.01875 0.2125 0.0375
1 0.00297356 0.0734375 0.58125 0.121875 0.6125
0 0.00324631 0.146875 0.459375 0.25 0.73125
0 0.00329208 0.946875 0.0984375 0.10625 0.178125
2 0.00378227 0.392188 0.617188 0.284375 0.265625
0 0.00403976 0.76875 0.30625 0.25 0.59375
1 0.00458527 0.8125 0.2625 0.23125 0.5125
2 0.00527573 0.325 0.734375 0.14375 0.525
0 0.00981903 0.0765625 0.576563 0.128125 0.640625
2 0.897461 0.428125 0.735937 0.35625 0.509375
