0 0.00103378 0.945312 0.090625 0.109375 0.16875
1 0.00119686 0.0734375 0.579687 0.109375 0.615625
0 0.0013628 0.85625 0.36875 0.2125 0.38125
0 0.00215912 0.4375 0.503125 0.15 0.56875
0 0.00234985 0.93125 0.314063 0.1375 0.528125
0 0.00284195 0.865625 0.532812 0.15625 0.378125
0 0.00519943 0.690625 0.703125 0.125 0.4625
0 0.00550842 0.814062 0.440625 0.190625 0.16875
0 0.00574875 0.0765625 0.575 0.121875 0.65
0 0.011322 0.79375 0.510938 0.225 0.284375
0 0.0124283 0.728125 0.63125 0.14375 0.4625
0 0.0195465 0.498437 0.3375 0.196875 0.3125
0 0.0217133 0.523438 0.223438 0.134375 0.334375
1 0.02742 0.432813 0.310937 0.196875 0.384375
0 0.0471802 0.46875 0.248437 0.16875 0.284375
0 0.0683594 0.685938 0.145313 0.153125 0.290625
1 0.175781 0.59375 0.167187 0.1875 0.328125
1 0.188843 0.498437 0.615625 0.215625 0.59375
0 0.627441 0.592188 0.18125 0.171875 0.325
0 0.834961 0.432813 0.326562 0.184375 0.421875
0 0.86084 0.496875 0.6125 0.21875 0.575
0 0.885742 0.801562 0.654688 0.259375 0.584375
