2 0.0019207 0.11875 0.01875 0.175 0.0375
2 0.00203896 0.964063 0.104687 0.071875 0.209375
0 0.00249672 0.473437 0.467187 0.165625 0.403125
2 0.00263977 0.40625 0.870313 0.125 0.221875
1 0.00305939 0.953125 0.101562 0.09375 0.190625
2 0.00329971 0.2 0.871875 0.1125 0.20625
0 0.00329971 0.528125 0.573438 0.2 0.434375
0 0.00342751 0.95 0.101562 0.1 0.190625
0 0.00370789 0.732813 0.271875 0.190625 0.54375
1 0.0041008 0.75 0.275 0.2625 0.55
2 0.0069313 0.35625 0.875 0.13125 0.2125
2 0.879883 0.279687 0.870313 0.234375 0.234375
