0 0.00114346 0.25 0.35625 0.19375 0.54375
2 0.00124073 0.125 0.01875 0.2 0.0375
0 0.00130367 0.826563 0.278125 0.240625 0.53125
1 0.00142384 0.5 0.303125 0.19375 0.24375
1 0.00150776 0.842188 0.373437 0.278125 0.696875
1 0.00161934 0.823438 0.021875 0.165625 0.04375
0 0.00240707 0.0359375 0.582812 0.059375 0.596875
0 0.00270653 0.85625 0.451562 0.2375 0.665625
0 0.00371933 0.232812 0.573438 0.265625 0.640625
1 0.00460052 0.0703125 0.58125 0.109375 0.625
0 0.00817108 0.146875 0.553125 0.24375 0.73125
0 0.014267 0.0734375 0.578125 0.121875 0.65625
0 0.0263824 0.94375 0.103125 0.1125 0.19375
0 0.0532227 0.515625 0.476562 0.225 0.559375
2 0.109436 0.521875 0.479688 0.23125 0.559375
1 0.84375 0.523438 0.476562 0.228125 0.565625
