0 0.0010128 0.15625 0.475 0.25625 0.8375
0 0.00161171 0.61875 0.567187 0.15 0.459375
0 0.00185108 0.0359375 0.578125 0.059375 0.60625
1 0.00187683 0.709375 0.234375 0.25 0.425
1 0.00217247 0.06875 0.575 0.10625 0.6375
0 0.00221443 0.848437 0.35 0.215625 0.60625
0 0.00228691 0.940625 0.0921875 0.11875 0.178125
0 0.0115204 0.071875 0.570312 0.11875 0.684375
0 0.0184631 0.709375 0.23125 0.21875 0.39375
0 0.0190735 0.245312 0.56875 0.234375 0.60625
1 0.0373535 0.51875 0.628125 0.225 0.56875
1 0.307129 0.626562 0.189063 0.196875 0.365625
0 0.666016 0.626562 0.195312 0.190625 0.371875
0 0.887207 0.53125 0.625 0.24375 0.575
