1 0.00120544 0.825 0.0234375 0.1625 0.046875
0 0.00205421 0.834375 0.340625 0.24375 0.58125
2 0.00222397 0.15625 0.95625 0.16875 0.0875
2 0.00254631 0.9625 0.096875 0.075 0.1875
1 0.00255013 0.839063 0.282813 0.234375 0.521875
2 0.00292206 0.123438 0.01875 0.184375 0.0375
1 0.00313568 0.951563 0.0953125 0.090625 0.184375
0 0.00332642 0.95 0.0953125 0.1 0.178125
2 0.00355721 0.0359375 0.748438 0.059375 0.253125
0 0.00449753 0.115625 0.571875 0.2 0.5375
1 0.00504303 0.128125 0.560938 0.21875 0.590625
2 0.00582504 0.084375 0.753125 0.15625 0.2375
2 0.0303192 0.0375 0.860937 0.075 0.278125
2 0.924316 0.115625 0.834375 0.21875 0.325
