0 0.00107574 0.654688 0.25625 0.190625 0.45625
2 0.00127602 0.470313 0.820312 0.134375 0.296875
0 0.00165558 0.859375 0.44375 0.24375 0.7
1 0.00166512 0.9625 0.173438 0.075 0.340625
2 0.00169849 0.959375 0.175 0.08125 0.34375
0 0.00170994 0.764063 0.226562 0.159375 0.440625
1 0.00186729 0.753125 0.203125 0.24375 0.39375
1 0.00211906 0.93125 0.364062 0.1375 0.615625
1 0.00260353 0.845312 0.360938 0.246875 0.653125
1 0.00296783 0.820312 0.0234375 0.159375 0.046875
0 0.00329971 0.773438 0.326562 0.253125 0.646875
0 0.00330162 0.248437 0.476562 0.240625 0.596875
0 0.00343132 0.73125 0.065625 0.1875 0.125
1 0.00355721 0.448438 0.36875 0.115625 0.46875
0 0.00370979 0.142188 0.565625 0.228125 0.73125
1 0.00535202 0.953125 0.0890625 0.09375 0.165625
0 0.00829315 0.951563 0.0890625 0.096875 0.165625
2 0.00880432 0.964063 0.096875 0.071875 0.175
1 0.0100861 0.065625 0.58125 0.1 0.625
0 0.0214081 0.0671875 0.578125 0.109375 0.6625
1 0.902832 0.517187 0.392188 0.209375 0.503125
