2 0.00189877 0.13125 0.01875 0.2 0.0375
2 0.00208473 0.4875 0.689062 0.2125 0.240625
1 0.00212288 0.523438 0.628125 0.203125 0.38125
1 0.00232887 0.075 0.5875 0.1 0.63125
0 0.00569916 0.69375 0.615625 0.175 0.40625
2 0.00651932 0.46875 0.807813 0.175 0.384375
0 0.00754547 0.526563 0.626562 0.203125 0.396875
0 0.0380249 0.40625 0.171875 0.1625 0.28125
0 0.0714722 0.554688 0.178125 0.159375 0.3125
1 0.739746 0.407813 0.170312 0.165625 0.296875
1 0.835938 0.553125 0.176563 0.16875 0.315625
