0 0.00105095 0.690625 0.610937 0.19375 0.409375
2 0.00142479 0.215625 0.896875 0.20625 0.18125
1 0.00148773 0.821875 0.253125 0.21875 0.46875
0 0.00165176 0.95 0.104687 0.1 0.209375
2 0.00168514 0.13125 0.0171875 0.2125 0.034375
1 0.00180149 0.0765625 0.660937 0.153125 0.615625
0 0.00296783 0.078125 0.657812 0.15 0.640625
0 0.00315094 0.578125 0.165625 0.13125 0.23125
1 0.00317001 0.828125 0.021875 0.15625 0.04375
1 0.00428772 0.953125 0.0984375 0.0875 0.184375
0 0.00432587 0.0375 0.670313 0.075 0.571875
2 0.00435638 0.959375 0.1125 0.08125 0.225
0 0.00659561 0.479688 0.564062 0.234375 0.465625
2 0.0361328 0.159375 0.746875 0.2375 0.49375
2 0.038208 0.0375 0.764063 0.075 0.471875
0 0.0391235 0.154687 0.654688 0.228125 0.640625
2 0.0509033 0.0828125 0.810938 0.165625 0.359375
1 0.839844 0.154687 0.654688 0.234375 0.640625
