2 0.00101089 0.473437 0.959375 0.209375 0.075
1 0.00104141 0.245312 0.546875 0.253125 0.69375
2 0.00121784 0.7125 0.915625 0.14375 0.15625
2 0.00171566 0.125 0.01875 0.19375 0.0375
0 0.00174427 0.0359375 0.579687 0.059375 0.590625
0 0.00191021 0.8375 0.340625 0.2375 0.59375
0 0.00198174 0.748438 0.315625 0.246875 0.58125
2 0.00303078 0.389062 0.846875 0.153125 0.29375
1 0.00336075 0.471875 0.625 0.28125 0.2375
1 0.00500107 0.075 0.584375 0.1125 0.61875
2 0.00615311 0.657812 0.810938 0.265625 0.378125
0 0.013092 0.0765625 0.579687 0.121875 0.653125
2 0.0185089 0.5125 0.620313 0.26875 0.215625
2 0.491455 0.41875 0.778125 0.2375 0.44375
2 0.958008 0.528125 0.757812 0.49375 0.484375
