1 0.00100422 0.7625 0.265625 0.25 0.53125
0 0.00107956 0.484375 0.521875 0.18125 0.4375
1 0.00115108 0.526563 0.58125 0.203125 0.4125
0 0.00182247 0.0421875 0.584375 0.078125 0.6375
0 0.00188637 0.6875 0.570312 0.19375 0.446875
2 0.00234795 0.526563 0.626562 0.209375 0.378125
1 0.00242615 0.821875 0.0234375 0.1625 0.046875
1 0.00331497 0.071875 0.582812 0.10625 0.646875
0 0.00761032 0.529688 0.623438 0.209375 0.396875
0 0.0423889 0.332812 0.165625 0.140625 0.26875
0 0.0523987 0.509375 0.1625 0.15625 0.26875
1 0.779297 0.523438 0.160938 0.178125 0.284375
1 0.800293 0.334375 0.16875 0.15625 0.28125
