2 0.00105667 0.475 0.75625 0.25625 0.4625
2 0.00105762 0.121875 0.0234375 0.2 0.046875
0 0.0014801 0.675 0.08125 0.16875 0.15
1 0.00153828 0.651563 0.173438 0.140625 0.346875
1 0.00168705 0.0375 0.582812 0.0625 0.584375
1 0.00234985 0.73125 0.245312 0.1875 0.465625
0 0.00324631 0.04375 0.579687 0.08125 0.628125
1 0.00547791 0.0671875 0.58125 0.096875 0.6375
0 0.00939178 0.94375 0.0890625 0.1125 0.171875
0 0.0234985 0.604688 0.326562 0.190625 0.496875
1 0.895996 0.604688 0.326562 0.196875 0.490625
