2 0.00102234 0.95625 0.121875 0.0875 0.24375
1 0.00103188 0.709375 0.515625 0.29375 0.28125
0 0.00105667 0.873438 0.770312 0.134375 0.459375
0 0.00120068 0.115625 0.257812 0.20625 0.515625
2 0.00123405 0.23125 0.921875 0.15 0.14375
1 0.00146294 0.110937 0.332812 0.171875 0.459375
0 0.00208092 0.0796875 0.584375 0.140625 0.65625
2 0.00224876 0.860937 0.820312 0.146875 0.353125
0 0.00242615 0.39375 0.68125 0.225 0.5
0 0.00250816 0.94375 0.1 0.1125 0.1875
2 0.00266075 0.753125 0.921875 0.24375 0.15625
0 0.00272751 0.765625 0.521875 0.21875 0.34375
2 0.00281525 0.825 0.726562 0.19375 0.546875
2 0.003582 0.682813 0.495313 0.246875 0.240625
2 0.00546265 0.589063 0.71875 0.121875 0.53125
1 0.00564575 0.375 0.478125 0.18125 0.16875
2 0.00665665 0.9 0.925 0.1375 0.15
0 0.0115204 0.620313 0.684375 0.159375 0.55625
2 0.0150146 0.228125 0.485938 0.2 0.221875
0 0.0167236 0.821875 0.63125 0.18125 0.5375
0 0.0170288 0.36875 0.4875 0.2 0.20625
1 0.0239563 0.226562 0.496875 0.196875 0.24375
2 0.0463562 0.840625 0.91875 0.18125 0.1625
0 0.0537109 0.685938 0.490625 0.240625 0.21875
0 0.0691528 0.204688 0.632812 0.184375 0.578125
0 0.0706787 0.707812 0.7 0.334375 0.6
1 0.0827637 0.204688 0.632812 0.190625 0.565625
0 0.277344 0.517187 0.167187 0.165625 0.321875
2 0.522949 0.2375 0.684375 0.2375 0.60625
1 0.623047 0.517187 0.170312 0.165625 0.309375
2 0.814453 0.71875 0.685938 0.3625 0.615625
2 0.868164 0.340625 0.7 0.31875 0.6
