0 0.00125885 0.190625 0.66875 0.24375 0.4125
0 0.00142765 0.428125 0.451562 0.21875 0.421875
1 0.00154305 0.120312 0.310937 0.196875 0.515625
2 0.0018034 0.125 0.01875 0.1875 0.0375
1 0.00194168 0.945312 0.0921875 0.109375 0.165625
2 0.00232124 0.01875 0.779688 0.0375 0.284375
2 0.0023632 0.03125 0.664062 0.0625 0.415625
2 0.00268745 0.0234375 0.875 0.046875 0.225
2 0.00378609 0.223438 0.826563 0.209375 0.309375
2 0.00547409 0.289062 0.842188 0.103125 0.284375
2 0.0637207 0.30625 0.884375 0.0875 0.175
1 0.100464 0.167187 0.646875 0.228125 0.375
2 0.520996 0.167187 0.651563 0.221875 0.409375
