2 0.00100613 0.0734375 0.639063 0.134375 0.234375
0 0.00109863 0.521875 0.623438 0.21875 0.415625
2 0.00121212 0.473437 0.807813 0.221875 0.384375
0 0.00124836 0.671875 0.71875 0.1625 0.35
2 0.00127125 0.0390625 0.904688 0.078125 0.190625
1 0.00127983 0.817187 0.273438 0.228125 0.528125
1 0.00144482 0.103125 0.321875 0.18125 0.55
2 0.00178814 0.479688 0.676562 0.228125 0.246875
2 0.00235558 0.126563 0.01875 0.190625 0.0375
2 0.00237274 0.957812 0.101562 0.084375 0.203125
1 0.00319862 0.95 0.0984375 0.09375 0.190625
2 0.00374985 0.164062 0.925 0.103125 0.1375
0 0.00380135 0.948438 0.0984375 0.103125 0.184375
2 0.00397491 0.114063 0.95625 0.171875 0.08125
2 0.0225372 0.034375 0.76875 0.06875 0.4625
2 0.937012 0.107813 0.764063 0.215625 0.471875
