0 0.00102997 0.646875 0.835938 0.35625 0.315625
1 0.00103092 0.270312 0.203125 0.109375 0.29375
2 0.00111485 0.870313 0.95 0.184375 0.1
0 0.00126839 0.0390625 0.578125 0.065625 0.6
2 0.00137901 0.60625 0.732813 0.4125 0.534375
1 0.00174046 0.579687 0.426562 0.178125 0.196875
2 0.00196457 0.598437 0.551562 0.215625 0.434375
1 0.00265121 0.126563 0.560938 0.196875 0.665625
2 0.0035038 0.759375 0.959375 0.24375 0.08125
0 0.00385475 0.129688 0.559375 0.221875 0.725
1 0.00488281 0.0703125 0.578125 0.103125 0.63125
0 0.00507736 0.946875 0.1 0.10625 0.18125
0 0.00711441 0.282813 0.109375 0.134375 0.2
0 0.00755692 0.071875 0.575 0.1125 0.675
1 0.00776291 0.675 0.153125 0.175 0.2875
0 0.00852966 0.679688 0.142188 0.159375 0.271875
0 0.00942993 0.667188 0.71875 0.228125 0.5
1 0.0298462 0.664062 0.71875 0.228125 0.5
1 0.0697632 0.270312 0.1125 0.128125 0.19375
2 0.0843506 0.532812 0.915625 0.134375 0.15625
1 0.763672 0.607813 0.579687 0.228125 0.503125
2 0.887207 0.646875 0.857813 0.38125 0.271875
