2 0.00109482 0.80625 0.68125 0.3625 0.625
0 0.00112152 0.453125 0.679688 0.18125 0.496875
2 0.00122261 0.282813 0.903125 0.265625 0.19375
0 0.00124454 0.08125 0.671875 0.1625 0.65625
0 0.00127888 0.107813 0.325 0.165625 0.5125
0 0.00128651 0.310937 0.4875 0.196875 0.35
2 0.00130177 0.610937 0.959375 0.259375 0.075
0 0.00144863 0.328125 0.046875 0.21875 0.0875
0 0.00152206 0.0375 0.367188 0.075 0.690625
0 0.00152779 0.576563 0.857813 0.284375 0.284375
2 0.00169563 0.0765625 0.953125 0.146875 0.08125
0 0.00222588 0.926562 0.05 0.146875 0.0875
0 0.00227547 0.9625 0.1875 0.075 0.375
0 0.00264359 0.398438 0.1875 0.153125 0.34375
0 0.00271225 0.657812 0.21875 0.165625 0.35
0 0.00271797 0.1875 0.625 0.15 0.45625
2 0.00380516 0.0515625 0.921875 0.103125 0.14375
0 0.00465012 0.673437 0.63125 0.153125 0.50625
2 0.00473404 0.5 0.882812 0.1625 0.221875
2 0.00482178 0.0953125 0.754687 0.190625 0.490625
0 0.0050354 0.698438 0.140625 0.228125 0.25625
0 0.00639343 0.228125 0.534375 0.19375 0.2875
0 0.00718689 0.623438 0.539062 0.209375 0.290625
0 0.0076828 0.675 0.334375 0.15 0.39375
0 0.0114899 0.367188 0.0859375 0.203125 0.171875
0 0.0187225 0.809375 0.501562 0.23125 0.321875
0 0.0195618 0.914062 0.532812 0.146875 0.409375
0 0.0203094 0.71875 0.5625 0.1375 0.4625
2 0.0245209 0.0859375 0.88125 0.153125 0.23125
0 0.028717 0.942187 0.276563 0.115625 0.553125
0 0.0428467 0.364062 0.584375 0.140625 0.475
2 0.0472717 0.604688 0.720312 0.290625 0.546875
1 0.0516357 0.351562 0.279687 0.190625 0.446875
0 0.0657959 0.939062 0.0921875 0.121875 0.178125
2 0.353027 0.24375 0.698438 0.325 0.603125
2 0.532227 0.185937 0.867188 0.296875 0.265625
0 0.61084 0.60625 0.679688 0.25 0.521875
0 0.645996 0.746875 0.379687 0.2125 0.378125
0 0.675293 0.59375 0.190625 0.1625 0.35625
0 0.679688 0.264062 0.682813 0.290625 0.615625
2 0.791992 0.585938 0.88125 0.284375 0.225
0 0.805176 0.354688 0.278125 0.178125 0.45
0 0.904785 0.828125 0.68125 0.24375 0.6125
