1 0.00105572 0.110937 0.379687 0.184375 0.603125
0 0.00108624 0.5625 0.234375 0.125 0.28125
2 0.00132751 0.957812 0.115625 0.084375 0.23125
1 0.00141144 0.823438 0.021875 0.165625 0.04375
1 0.00143719 0.565625 0.28125 0.11875 0.33125
2 0.00173283 0.2375 0.714063 0.19375 0.371875
1 0.00233269 0.0734375 0.578125 0.115625 0.64375
0 0.00296593 0.0421875 0.575 0.078125 0.68125
1 0.00336075 0.826563 0.2625 0.234375 0.49375
0 0.00455856 0.0734375 0.3625 0.140625 0.70625
0 0.00520706 0.83125 0.334375 0.24375 0.56875
0 0.00564575 0.946875 0.0984375 0.10625 0.184375
0 0.0134811 0.1125 0.539062 0.2125 0.721875
2 0.0249023 0.509375 0.401563 0.2375 0.528125
0 0.0585632 0.317187 0.39375 0.165625 0.5375
1 0.855957 0.509375 0.4 0.2375 0.525
1 0.878418 0.321875 0.4 0.16875 0.51875
