2 0.00114632 0.264062 0.870313 0.240625 0.259375
0 0.00114727 0.673437 0.315625 0.221875 0.53125
0 0.00155449 0.840625 0.345313 0.2375 0.565625
2 0.00200844 0.954687 0.120312 0.090625 0.240625
1 0.00212288 0.829687 0.021875 0.159375 0.04375
0 0.00262451 0.946875 0.0984375 0.10625 0.178125
1 0.0034008 0.414062 0.226562 0.103125 0.346875
0 0.00760269 0.120312 0.2625 0.209375 0.4875
0 0.00782013 0.3 0.751562 0.2125 0.484375
0 0.0139618 0.3375 0.265625 0.19375 0.40625
2 0.0171356 0.125 0.878125 0.1625 0.21875
2 0.198486 0.128125 0.7 0.18125 0.55
0 0.241699 0.134375 0.698438 0.18125 0.540625
1 0.526855 0.128125 0.701563 0.18125 0.540625
2 0.853516 0.282813 0.754687 0.246875 0.471875
1 0.858887 0.340625 0.271875 0.20625 0.40625
