1 0.00100136 0.834375 0.260938 0.19375 0.465625
0 0.00103664 0.1 0.376563 0.15 0.590625
1 0.00117016 0.342187 0.321875 0.165625 0.175
1 0.00152493 0.110937 0.475 0.196875 0.6875
1 0.00163746 0.5375 0.31875 0.18125 0.2
2 0.00177002 0.545313 0.5 0.228125 0.525
0 0.00262451 0.0375 0.578125 0.0625 0.60625
1 0.00412369 0.0734375 0.578125 0.109375 0.6375
0 0.0106888 0.075 0.573438 0.11875 0.684375
0 0.0195465 0.946875 0.0984375 0.10625 0.184375
2 0.09198 0.34375 0.515625 0.1875 0.5375
1 0.930176 0.346875 0.509375 0.1875 0.5375
1 0.933594 0.542188 0.489062 0.221875 0.521875
