0 0.00103092 0.0296875 0.08125 0.059375 0.1625
0 0.00123215 0.85625 0.334375 0.1875 0.48125
1 0.00175571 0.685938 0.3875 0.240625 0.30625
0 0.0018692 0.676562 0.0359375 0.228125 0.065625
0 0.00200272 0.425 0.564062 0.2125 0.478125
1 0.00232124 0.114063 0.584375 0.178125 0.60625
0 0.00278854 0.2625 0.626562 0.20625 0.521875
1 0.00336838 0.159375 0.253125 0.19375 0.44375
0 0.0033741 0.940625 0.096875 0.11875 0.18125
0 0.0042038 0.764063 0.490625 0.178125 0.475
0 0.00425339 0.117188 0.58125 0.184375 0.6375
1 0.00564575 0.553125 0.15 0.16875 0.29375
0 0.00797272 0.657812 0.0859375 0.215625 0.153125
0 0.0139694 0.614062 0.173438 0.215625 0.303125
1 0.0322876 0.632812 0.301562 0.209375 0.403125
1 0.0349731 0.182812 0.142188 0.140625 0.265625
0 0.0357666 0.184375 0.142188 0.14375 0.271875
1 0.159424 0.710938 0.61875 0.240625 0.58125
0 0.171143 0.685938 0.385938 0.228125 0.290625
0 0.494629 0.551562 0.154687 0.153125 0.284375
0 0.769043 0.704687 0.604688 0.240625 0.590625
0 0.795898 0.639063 0.314063 0.190625 0.403125
