2 0.00105095 0.129688 0.0171875 0.203125 0.034375
2 0.00105286 0.471875 0.9625 0.19375 0.0625
2 0.00108242 0.525 0.932813 0.2375 0.115625
0 0.00109959 0.854688 0.1375 0.209375 0.275
1 0.00111961 0.371875 0.604688 0.2875 0.490625
0 0.00115871 0.467187 0.2125 0.234375 0.425
2 0.00123882 0.667188 0.9125 0.228125 0.175
0 0.00125694 0.65625 0.145313 0.21875 0.284375
1 0.0012989 0.101562 0.348437 0.190625 0.653125
0 0.00145245 0.0734375 0.364062 0.134375 0.628125
2 0.00149155 0.29375 0.673437 0.13125 0.603125
1 0.00150394 0.0765625 0.576563 0.134375 0.628125
2 0.00154686 0.785937 0.840625 0.171875 0.31875
2 0.0015974 0.5875 0.7125 0.1625 0.575
2 0.00169945 0.454688 0.698438 0.140625 0.540625
2 0.001894 0.754687 0.910937 0.209375 0.178125
1 0.00202942 0.526563 0.132812 0.209375 0.265625
0 0.00253487 0.860937 0.34375 0.228125 0.53125
0 0.00271797 0.71875 0.053125 0.2 0.1
2 0.00328064 0.364062 0.910937 0.171875 0.178125
0 0.00329208 0.040625 0.573438 0.075 0.653125
0 0.00360489 0.8125 0.559375 0.1875 0.6
2 0.00378036 0.859375 0.923437 0.18125 0.146875
0 0.00415802 0.710938 0.525 0.240625 0.3875
0 0.00442123 0.88125 0.0625 0.1875 0.125
0 0.00454712 0.7625 0.235938 0.25625 0.459375
0 0.00495911 0.285937 0.63125 0.128125 0.55625
0 0.00507355 0.732813 0.371875 0.234375 0.30625
1 0.00599289 0.465625 0.115625 0.175 0.21875
0 0.00638199 0.58125 0.626562 0.125 0.521875
0 0.00676727 0.365625 0.4625 0.24375 0.225
1 0.00875092 0.365625 0.457812 0.24375 0.215625
0 0.00988007 0.454688 0.685938 0.140625 0.553125
0 0.0119171 0.528125 0.128125 0.1875 0.25625
0 0.0144119 0.1125 0.578125 0.1875 0.61875
0 0.0147095 0.76875 0.682813 0.2 0.584375
0 0.0196838 0.9375 0.1 0.125 0.2
0 0.0211334 0.467187 0.117188 0.171875 0.215625
0 0.0292969 0.675 0.439063 0.2125 0.203125
0 0.052948 0.357812 0.679688 0.290625 0.596875
0 0.341309 0.676562 0.675 0.303125 0.60625
2 0.777344 0.679688 0.671875 0.315625 0.6375
2 0.877441 0.370313 0.678125 0.284375 0.64375
