1 0.00100803 0.825 0.0234375 0.175 0.046875
0 0.00106907 0.317187 0.267188 0.228125 0.509375
2 0.00110054 0.515625 0.959375 0.21875 0.06875
0 0.00120544 0.0375 0.585938 0.0625 0.603125
2 0.00128269 0.514063 0.929688 0.246875 0.134375
2 0.00128746 0.125 0.01875 0.2 0.0375
2 0.00129128 0.9625 0.103125 0.075 0.2
0 0.00167942 0.7625 0.267188 0.2625 0.503125
0 0.0018177 0.564062 0.585938 0.240625 0.196875
2 0.00227928 0.43125 0.901563 0.15 0.184375
0 0.00232697 0.251563 0.546875 0.284375 0.725
0 0.00302505 0.126563 0.476562 0.234375 0.809375
0 0.00331688 0.348437 0.45625 0.253125 0.54375
0 0.00340271 0.948438 0.0984375 0.103125 0.178125
1 0.00440979 0.075 0.584375 0.1125 0.63125
0 0.00791168 0.851562 0.359375 0.246875 0.5875
0 0.0114517 0.0765625 0.579687 0.121875 0.671875
0 0.0157471 0.551562 0.7375 0.290625 0.5
2 0.0488281 0.4375 0.78125 0.1625 0.4125
2 0.916016 0.526563 0.740625 0.340625 0.49375
