0 0.00112724 0.695312 0.15 0.215625 0.29375
2 0.00115204 0.775 0.604688 0.33125 0.590625
2 0.00123215 0.125 0.0171875 0.19375 0.034375
0 0.00134945 0.25625 0.615625 0.19375 0.53125
1 0.00166607 0.110937 0.589063 0.159375 0.559375
0 0.00170994 0.08125 0.58125 0.1125 0.59375
0 0.00419617 0.7875 0.423438 0.1625 0.196875
0 0.00811005 0.892187 0.6375 0.140625 0.4875
0 0.0147705 0.940625 0.0984375 0.11875 0.196875
0 0.0162659 0.664062 0.403125 0.203125 0.225
1 0.0462952 0.604688 0.160938 0.178125 0.309375
0 0.598145 0.60625 0.160938 0.1625 0.315625
0 0.863281 0.815625 0.621875 0.20625 0.56875
0 0.896973 0.653125 0.610937 0.2125 0.590625
