1 0.00106907 0.732813 0.260938 0.284375 0.521875
2 0.00110435 0.0640625 0.792188 0.115625 0.353125
2 0.0018816 0.9625 0.104687 0.075 0.209375
2 0.00188255 0.028125 0.789062 0.05625 0.371875
2 0.00208855 0.265625 0.9125 0.1875 0.1625
0 0.00229645 0.946875 0.10625 0.10625 0.2125
2 0.00234985 0.123438 0.01875 0.190625 0.0375
0 0.00348091 0.476562 0.56875 0.221875 0.45
0 0.00510406 0.71875 0.2375 0.1875 0.45625
2 0.00516891 0.307813 0.871875 0.115625 0.24375
1 0.00538635 0.95 0.101562 0.1 0.190625
2 0.038147 0.0421875 0.879687 0.084375 0.240625
2 0.872559 0.173438 0.825 0.315625 0.3375
