1 0.00108814 0.823438 0.0203125 0.165625 0.040625
0 0.00110912 0.692187 0.49375 0.171875 0.4625
0 0.00112343 0.921875 0.4375 0.15625 0.625
0 0.0012722 0.0359375 0.573438 0.059375 0.609375
1 0.00131702 0.320312 0.226562 0.178125 0.221875
1 0.00136471 0.06875 0.571875 0.10625 0.6375
1 0.00141239 0.5625 0.317187 0.1375 0.309375
1 0.00262833 0.93125 0.365625 0.1375 0.5375
1 0.00277328 0.634375 0.4375 0.19375 0.4125
1 0.0041275 0.471875 0.504687 0.13125 0.409375
1 0.00419235 0.642187 0.328125 0.128125 0.425
1 0.00470734 0.682813 0.239063 0.178125 0.240625
0 0.00492477 0.0703125 0.56875 0.115625 0.6875
1 0.0235748 0.953125 0.09375 0.09375 0.18125
0 0.0316772 0.603125 0.6125 0.24375 0.56875
2 0.0336914 0.592188 0.603125 0.253125 0.56875
0 0.0445251 0.951563 0.09375 0.096875 0.18125
1 0.0745239 0.515625 0.282813 0.175 0.334375
1 0.706543 0.5875 0.585938 0.23125 0.553125
1 0.844727 0.703125 0.367188 0.18125 0.484375
1 0.856445 0.48125 0.38125 0.1875 0.5375
1 0.90625 0.326562 0.39375 0.196875 0.55
