0 0.00109768 0.0328125 0.58125 0.059375 0.6
0 0.00143147 0.3875 0.234375 0.15 0.2125
2 0.00188255 0.30625 0.9125 0.1125 0.1625
1 0.00193214 0.075 0.582812 0.125 0.634375
1 0.00634384 0.43125 0.771875 0.2375 0.41875
2 0.00682449 0.454688 0.909375 0.140625 0.16875
0 0.00785828 0.45625 0.771875 0.2125 0.41875
2 0.00856018 0.401563 0.795313 0.296875 0.396875
0 0.00985718 0.078125 0.579687 0.13125 0.684375
0 0.111267 0.403125 0.378125 0.19375 0.5125
2 0.830078 0.367188 0.90625 0.228125 0.175
1 0.844238 0.401563 0.378125 0.196875 0.50625
