1 0.00103951 0.0421875 0.498437 0.078125 0.203125
0 0.00111389 0.582812 0.154687 0.128125 0.259375
1 0.00115776 0.848437 0.278125 0.209375 0.50625
1 0.00122833 0.826563 0.021875 0.165625 0.04375
0 0.00150776 0.471875 0.460938 0.175 0.409375
2 0.00170517 0.075 0.496875 0.13125 0.19375
2 0.00258636 0.04375 0.648438 0.08125 0.490625
2 0.00263977 0.125 0.01875 0.19375 0.0375
0 0.00268936 0.945312 0.09375 0.109375 0.16875
1 0.00354195 0.0796875 0.515625 0.153125 0.23125
2 0.00415802 0.05 0.90625 0.1 0.175
1 0.00639725 0.090625 0.240625 0.15625 0.44375
1 0.0220032 0.0890625 0.690625 0.171875 0.53125
2 0.124939 0.078125 0.875 0.13125 0.24375
2 0.866699 0.090625 0.7 0.175 0.5875
