0 0.00115108 0.478125 0.479688 0.2 0.421875
1 0.0012207 0.828125 0.021875 0.16875 0.04375
0 0.00159264 0.4375 0.859375 0.3375 0.28125
0 0.00174141 0.815625 0.348437 0.24375 0.584375
2 0.00174999 0.964063 0.0984375 0.071875 0.196875
0 0.00238991 0.53125 0.573438 0.2125 0.484375
0 0.00247002 0.1125 0.532812 0.1875 0.578125
2 0.00276947 0.123438 0.01875 0.196875 0.0375
0 0.00415039 0.945312 0.0984375 0.109375 0.184375
2 0.00492859 0.548437 0.921875 0.190625 0.14375
2 0.0107193 0.04375 0.914062 0.0875 0.171875
2 0.0222778 0.328125 0.875 0.2125 0.25
2 0.0910034 0.0890625 0.8875 0.121875 0.2125
2 0.829102 0.179688 0.88125 0.296875 0.2375
2 0.892578 0.446875 0.854688 0.36875 0.284375
