0 0.00102997 0.440625 0.471875 0.18125 0.39375
0 0.00111198 0.828125 0.354688 0.23125 0.584375
1 0.0011797 0.826563 0.021875 0.159375 0.04375
0 0.00173855 0.632812 0.426562 0.178125 0.365625
1 0.00182533 0.460938 0.534375 0.259375 0.58125
1 0.00200272 0.0734375 0.582812 0.109375 0.634375
1 0.00215912 0.821875 0.264062 0.2125 0.484375
1 0.00221062 0.953125 0.096875 0.0875 0.18125
1 0.00238228 0.58125 0.167187 0.125 0.234375
2 0.00239563 0.121875 0.01875 0.1875 0.0375
0 0.00263977 0.915625 0.545313 0.16875 0.640625
0 0.00266075 0.951563 0.096875 0.096875 0.175
0 0.00306702 0.695312 0.56875 0.184375 0.4375
2 0.00348282 0.964063 0.0984375 0.071875 0.190625
0 0.00394821 0.565625 0.571875 0.20625 0.45625
0 0.00577545 0.582812 0.16875 0.121875 0.2375
0 0.00596619 0.482812 0.5625 0.209375 0.45
2 0.78125 0.920313 0.896875 0.146875 0.20625
