0 0.00116158 0.725 0.3375 0.1875 0.3
2 0.00116539 0.7625 0.6625 0.20625 0.60625
0 0.00119209 0.904688 0.570312 0.153125 0.534375
2 0.00136757 0.271875 0.870313 0.19375 0.246875
2 0.00138283 0.435937 0.964063 0.228125 0.059375
2 0.00145626 0.657812 0.910937 0.190625 0.165625
0 0.00156593 0.9625 0.0671875 0.075 0.134375
0 0.00165462 0.55 0.629687 0.13125 0.590625
2 0.00185394 0.642187 0.229687 0.259375 0.365625
0 0.00214005 0.323438 0.398438 0.203125 0.171875
0 0.00228119 0.885938 0.065625 0.171875 0.13125
2 0.002388 0.770312 0.392188 0.246875 0.271875
0 0.00250626 0.86875 0.134375 0.1875 0.26875
0 0.00268745 0.7125 0.0796875 0.225 0.140625
0 0.00301933 0.040625 0.364062 0.075 0.665625
0 0.0046463 0.9625 0.182812 0.075 0.365625
0 0.0050087 0.0984375 0.346875 0.159375 0.54375
2 0.00611496 0.61875 0.804688 0.2375 0.359375
0 0.00777817 0.0828125 0.575 0.153125 0.7
0 0.0100708 0.9375 0.278125 0.125 0.55625
0 0.0107651 0.33125 0.490625 0.24375 0.33125
0 0.0117645 0.657812 0.48125 0.184375 0.3625
2 0.0133209 0.607813 0.878125 0.178125 0.23125
0 0.0234375 0.696875 0.232812 0.25625 0.378125
2 0.0376587 0.301562 0.665625 0.290625 0.625
1 0.0494995 0.320312 0.63125 0.265625 0.6
0 0.074585 0.364062 0.615625 0.196875 0.53125
0 0.113037 0.940625 0.1 0.11875 0.2
0 0.192261 0.775 0.392188 0.225 0.259375
0 0.627441 0.623438 0.275 0.209375 0.375
0 0.82666 0.290625 0.66875 0.275 0.6625
0 0.831543 0.614062 0.673437 0.228125 0.628125
0 0.843262 0.78125 0.615625 0.19375 0.63125
