2 0.00100803 0.965625 0.882812 0.06875 0.209375
0 0.00106812 0.945312 0.096875 0.109375 0.175
2 0.00116539 0.48125 0.73125 0.275 0.5375
2 0.00150394 0.8625 0.954687 0.275 0.090625
0 0.001544 0.765625 0.267188 0.25 0.503125
2 0.00176334 0.126563 0.01875 0.190625 0.0375
2 0.00209045 0.903125 0.921875 0.19375 0.14375
0 0.00255585 0.801562 0.865625 0.378125 0.26875
2 0.00319481 0.515625 0.84375 0.23125 0.3125
2 0.00606155 0.953125 0.93125 0.09375 0.13125
2 0.0107193 0.639063 0.929688 0.159375 0.140625
0 0.0127258 0.484375 0.575 0.225 0.46875
2 0.0289154 0.673437 0.879687 0.171875 0.240625
1 0.221558 0.579687 0.135937 0.146875 0.253125
0 0.353271 0.579687 0.140625 0.146875 0.25625
2 0.913086 0.7875 0.859375 0.36875 0.275
