2 0.00121403 0.126563 0.0171875 0.209375 0.034375
1 0.00138855 0.078125 0.58125 0.13125 0.6375
1 0.00151348 0.821875 0.0234375 0.16875 0.046875
1 0.00160694 0.940625 0.120312 0.11875 0.234375
0 0.00164223 0.685938 0.559375 0.228125 0.475
2 0.00167656 0.954687 0.11875 0.090625 0.2375
0 0.00195503 0.0421875 0.578125 0.078125 0.6625
0 0.00259781 0.946875 0.0984375 0.10625 0.178125
0 0.0100861 0.120312 0.578125 0.203125 0.64375
0 0.0780029 0.421875 0.553125 0.21875 0.51875
1 0.849121 0.426562 0.55625 0.228125 0.50625
