2 0.00111198 0.123438 0.01875 0.190625 0.0375
2 0.00111294 0.421875 0.898438 0.20625 0.159375
2 0.00130749 0.282813 0.960938 0.134375 0.065625
1 0.00132465 0.826563 0.021875 0.159375 0.04375
2 0.00169373 0.28125 0.853125 0.15 0.2875
1 0.00184155 0.10625 0.321875 0.16875 0.5375
0 0.00212479 0.3375 0.490625 0.1625 0.21875
0 0.00214195 0.773438 0.303125 0.259375 0.55625
1 0.00264931 0.257812 0.496875 0.178125 0.21875
2 0.00595474 0.30625 0.925 0.13125 0.1375
0 0.00740433 0.435937 0.684375 0.165625 0.55625
0 0.00912476 0.075 0.584375 0.125 0.64375
2 0.00928497 0.95625 0.1 0.0875 0.19375
0 0.0107269 0.259375 0.673437 0.21875 0.540625
1 0.0151901 0.948438 0.1 0.096875 0.19375
0 0.0155411 0.946875 0.1 0.10625 0.1875
1 0.0911255 0.264062 0.660937 0.209375 0.553125
2 0.255859 0.415625 0.692187 0.18125 0.571875
1 0.682617 0.415625 0.690625 0.18125 0.575
2 0.772461 0.265625 0.695312 0.20625 0.603125
