2 0.00112343 0.364062 0.83125 0.296875 0.3
0 0.00116158 0.126563 0.384375 0.196875 0.31875
0 0.00140381 0.482812 0.128125 0.203125 0.21875
0 0.00143909 0.0421875 0.626562 0.078125 0.609375
2 0.00145149 0.090625 0.840625 0.18125 0.31875
0 0.00154781 0.70625 0.0578125 0.225 0.109375
0 0.00173473 0.5625 0.526563 0.1625 0.503125
2 0.00201797 0.207813 0.820312 0.246875 0.353125
0 0.00216484 0.760938 0.495313 0.196875 0.265625
0 0.00245094 0.884375 0.24375 0.23125 0.4875
2 0.00248528 0.184375 0.909375 0.21875 0.18125
2 0.00253296 0.75625 0.65625 0.31875 0.5625
0 0.00288963 0.360938 0.49375 0.215625 0.25
0 0.00297928 0.892187 0.651563 0.146875 0.471875
0 0.00353813 0.9625 0.184375 0.075 0.36875
0 0.00422287 0.43125 0.534375 0.16875 0.3875
0 0.00457382 0.0921875 0.623438 0.115625 0.640625
0 0.00513077 0.08125 0.309375 0.15625 0.58125
0 0.00664139 0.946875 0.289062 0.10625 0.578125
2 0.0177155 0.278125 0.917188 0.25625 0.146875
0 0.0195618 0.678125 0.239063 0.225 0.428125
0 0.0231934 0.175 0.490625 0.2375 0.28125
0 0.0234375 0.475 0.520312 0.1375 0.546875
0 0.0569153 0.9375 0.0984375 0.125 0.196875
2 0.0610962 0.176563 0.6875 0.253125 0.625
0 0.801758 0.503125 0.301562 0.19375 0.540625
0 0.806641 0.18125 0.678125 0.2625 0.64375
0 0.884277 0.801562 0.65 0.196875 0.55
0 0.89502 0.378125 0.670313 0.225 0.578125
0 0.921875 0.648438 0.671875 0.215625 0.60625
