0 0.0012188 0.839063 0.351562 0.240625 0.615625
0 0.00127125 0.95 0.0953125 0.1 0.171875
2 0.00130463 0.125 0.01875 0.19375 0.0375
0 0.00134563 0.0359375 0.584375 0.059375 0.5875
1 0.00137424 0.74375 0.31875 0.275 0.6375
1 0.00202942 0.071875 0.584375 0.1125 0.60625
0 0.00227737 0.151562 0.573438 0.234375 0.703125
0 0.00237656 0.434375 0.65625 0.18125 0.575
2 0.00435257 0.415625 0.65 0.1875 0.56875
0 0.00452042 0.740625 0.304688 0.2375 0.596875
0 0.00518036 0.075 0.579687 0.11875 0.628125
1 0.800781 0.41875 0.646875 0.1875 0.55625
