0 0.00107288 0.878125 0.45625 0.19375 0.6375
1 0.00121117 0.670313 0.165625 0.184375 0.28125
0 0.00125408 0.129688 0.573438 0.171875 0.596875
0 0.0012579 0.673437 0.146875 0.171875 0.25625
0 0.00126553 0.040625 0.371875 0.075 0.65625
0 0.00135708 0.929688 0.053125 0.134375 0.0875
0 0.00145721 0.0984375 0.34375 0.165625 0.59375
1 0.00240135 0.576563 0.3 0.196875 0.225
0 0.00344467 0.5875 0.4875 0.2375 0.54375
0 0.00371552 0.0359375 0.58125 0.065625 0.625
2 0.0141678 0.315625 0.632812 0.225 0.596875
0 0.0204926 0.94375 0.090625 0.1125 0.175
0 0.0224762 0.071875 0.573438 0.125 0.715625
0 0.123657 0.3125 0.626562 0.225 0.584375
1 0.812012 0.315625 0.625 0.21875 0.59375
1 0.938965 0.585938 0.484375 0.234375 0.55
