2 0.00120831 0.11875 0.0265625 0.19375 0.046875
0 0.0014267 0.259375 0.615625 0.19375 0.51875
0 0.00150299 0.329688 0.059375 0.196875 0.1125
0 0.00152493 0.117188 0.589063 0.153125 0.559375
2 0.00180912 0.696875 0.634375 0.28125 0.65
0 0.00218773 0.395312 0.071875 0.190625 0.1375
1 0.00220299 0.075 0.589063 0.1 0.603125
0 0.00315285 0.942187 0.0921875 0.115625 0.171875
1 0.00361824 0.234375 0.0546875 0.18125 0.096875
0 0.00369263 0.228125 0.04375 0.1875 0.0875
2 0.00407028 0.632812 0.871875 0.221875 0.2
0 0.00432968 0.598437 0.489062 0.109375 0.446875
1 0.00734711 0.596875 0.134375 0.16875 0.2625
0 0.00735474 0.679688 0.129688 0.159375 0.259375
0 0.0346375 0.767187 0.571875 0.128125 0.43125
1 0.0441589 0.43125 0.135937 0.15625 0.253125
0 0.150269 0.654688 0.3375 0.190625 0.2125
0 0.159668 0.596875 0.13125 0.15625 0.2625
0 0.304688 0.4375 0.134375 0.15 0.25
0 0.92627 0.676562 0.621875 0.246875 0.69375
