1 0.00132942 0.946875 0.10625 0.09375 0.20625
1 0.00157452 0.710938 0.217187 0.103125 0.409375
0 0.00162697 0.673437 0.13125 0.153125 0.2625
1 0.00167942 0.857813 0.357812 0.203125 0.559375
1 0.00172138 0.075 0.578125 0.11875 0.61875
0 0.00288963 0.3875 0.607813 0.21875 0.565625
1 0.00350761 0.367188 0.401563 0.184375 0.209375
1 0.00383759 0.6625 0.179688 0.13125 0.340625
0 0.00461197 0.0765625 0.576563 0.128125 0.653125
0 0.0104828 0.6 0.348437 0.21875 0.553125
0 0.0202942 0.945312 0.096875 0.109375 0.18125
1 0.866699 0.601562 0.353125 0.215625 0.5625
1 0.887695 0.38125 0.59375 0.2125 0.5625
