2 0.00105858 0.914062 0.9125 0.121875 0.15625
0 0.00106049 0.265625 0.620313 0.225 0.528125
1 0.00115681 0.0671875 0.575 0.096875 0.65
0 0.00120068 0.7 0.528125 0.175 0.43125
0 0.00129795 0.93125 0.132812 0.1375 0.246875
0 0.00138855 0.0375 0.578125 0.0625 0.61875
0 0.00155735 0.0390625 0.370313 0.071875 0.671875
0 0.00162792 0.221875 0.340625 0.2125 0.61875
1 0.00163841 0.235938 0.125 0.165625 0.23125
2 0.00183392 0.953125 0.86875 0.09375 0.2375
2 0.00192547 0.914062 0.85625 0.146875 0.2875
0 0.00194073 0.609375 0.471875 0.23125 0.40625
0 0.00242996 0.56875 0.584375 0.16875 0.40625
0 0.00250816 0.9625 0.534375 0.075 0.29375
0 0.00283051 0.585938 0.034375 0.190625 0.06875
0 0.00303268 0.873438 0.521875 0.209375 0.26875
0 0.00322723 0.604688 0.267188 0.171875 0.534375
0 0.00333214 0.951563 0.648438 0.096875 0.521875
2 0.00562668 0.540625 0.717188 0.2625 0.521875
0 0.00566864 0.234375 0.128125 0.16875 0.2375
0 0.00567627 0.06875 0.570312 0.1125 0.709375
0 0.00650024 0.584375 0.090625 0.18125 0.18125
0 0.00694656 0.910937 0.4875 0.153125 0.175
0 0.00985718 0.15 0.45 0.25 0.8125
0 0.0267944 0.629687 0.139062 0.228125 0.271875
0 0.793945 0.898438 0.685938 0.203125 0.584375
0 0.856445 0.514063 0.714063 0.240625 0.571875
0 0.899902 0.657812 0.364062 0.215625 0.653125
