1 0.00102615 0.317187 0.284375 0.209375 0.41875
0 0.00105572 0.03125 0.053125 0.0625 0.10625
2 0.00105953 0.078125 0.034375 0.13125 0.06875
0 0.00106812 0.507812 0.4 0.178125 0.35625
0 0.00111008 0.670313 0.128125 0.153125 0.24375
0 0.00122547 0.3125 0.68125 0.20625 0.3625
0 0.00123119 0.0828125 0.03125 0.140625 0.0625
1 0.0015192 0.0765625 0.579687 0.121875 0.634375
0 0.00162315 0.965625 0.171875 0.06875 0.34375
2 0.00171089 0.94375 0.9 0.1125 0.19375
0 0.00217247 0.3625 0.235938 0.15 0.234375
0 0.00273895 0.940625 0.275 0.11875 0.4625
1 0.00274849 0.325 0.2625 0.13125 0.3
2 0.0028801 0.510938 0.834375 0.246875 0.33125
0 0.00381851 0.104687 0.364062 0.159375 0.540625
0 0.00389099 0.946875 0.864062 0.10625 0.271875
2 0.00410461 0.8 0.679688 0.2625 0.584375
0 0.00513458 0.7375 0.21875 0.21875 0.4
0 0.00737 0.078125 0.575 0.13125 0.68125
2 0.0103912 0.820312 0.917188 0.228125 0.153125
0 0.0130463 0.948438 0.542188 0.103125 0.209375
0 0.0155716 0.946875 0.1 0.10625 0.1875
0 0.0306244 0.965625 0.75625 0.06875 0.4875
0 0.0379028 0.773438 0.496875 0.215625 0.2875
0 0.0385742 0.8875 0.721875 0.1625 0.49375
1 0.0644531 0.61875 0.190625 0.1625 0.3625
2 0.157593 0.917188 0.728125 0.165625 0.51875
0 0.17981 0.392188 0.38125 0.190625 0.5
1 0.32666 0.503125 0.276563 0.15 0.459375
0 0.366699 0.276563 0.178125 0.159375 0.33125
2 0.553223 0.903125 0.873438 0.19375 0.253125
1 0.641113 0.276563 0.182812 0.171875 0.328125
0 0.655273 0.940625 0.682813 0.11875 0.484375
1 0.685059 0.379687 0.4 0.209375 0.46875
0 0.736816 0.617188 0.189063 0.146875 0.359375
0 0.812988 0.509375 0.270312 0.14375 0.446875
0 0.90625 0.778125 0.673437 0.25 0.646875
