0 0.00106525 0.260938 0.448438 0.265625 0.715625
1 0.00107193 0.114063 0.620313 0.146875 0.584375
0 0.00148678 0.215625 0.628125 0.14375 0.5625
0 0.00150585 0.279687 0.0546875 0.178125 0.090625
2 0.00158978 0.123438 0.01875 0.203125 0.0375
1 0.00185776 0.182812 0.632812 0.146875 0.565625
0 0.00223351 0.140625 0.573438 0.225 0.728125
1 0.00250435 0.06875 0.584375 0.09375 0.59375
2 0.00294304 0.960938 0.114063 0.078125 0.228125
0 0.00365639 0.0703125 0.582812 0.109375 0.621875
0 0.00677109 0.857813 0.332812 0.246875 0.565625
1 0.00780487 0.290625 0.253125 0.1875 0.44375
0 0.00973511 0.301562 0.245312 0.171875 0.415625
2 0.016449 0.651563 0.65625 0.240625 0.5375
0 0.0167084 0.945312 0.104687 0.109375 0.196875
0 0.82959 0.65 0.642187 0.225 0.540625
