0 0.00143528 0.479688 0.475 0.165625 0.35625
0 0.00148869 0.075 0.579687 0.14375 0.284375
2 0.00167847 0.123438 0.01875 0.190625 0.0375
0 0.0017004 0.51875 0.625 0.2375 0.3625
2 0.00175476 0.109375 0.928125 0.15 0.1375
2 0.00213623 0.1625 0.923437 0.1 0.146875
2 0.002285 0.0921875 0.846875 0.178125 0.30625
2 0.00235367 0.0375 0.590625 0.075 0.3125
1 0.00453186 0.104687 0.267188 0.184375 0.503125
2 0.00837708 0.075 0.54375 0.13125 0.2125
2 0.0148773 0.0453125 0.71875 0.090625 0.5625
2 0.900879 0.110937 0.715625 0.215625 0.56875
