1 0.0010128 0.117188 0.575 0.196875 0.675
0 0.00110245 0.5125 0.659375 0.24375 0.30625
1 0.00112629 0.0359375 0.584375 0.059375 0.575
0 0.00121117 0.1125 0.589063 0.15 0.584375
0 0.00146198 0.759375 0.346875 0.175 0.1875
2 0.00172997 0.121875 0.01875 0.1875 0.0375
0 0.00190639 0.0421875 0.584375 0.078125 0.61875
1 0.00357246 0.0703125 0.5875 0.090625 0.6
0 0.00553894 0.946875 0.0875 0.10625 0.16875
0 0.0264282 0.460938 0.548437 0.259375 0.503125
1 0.395996 0.765625 0.548437 0.2 0.584375
0 0.899414 0.765625 0.55625 0.2 0.575
