0 0.00101185 0.870313 0.465625 0.196875 0.60625
2 0.00115299 0.23125 0.829687 0.25625 0.203125
0 0.00118828 0.0421875 0.370313 0.078125 0.678125
0 0.00124073 0.209375 0.64375 0.2125 0.60625
1 0.00131607 0.646875 0.50625 0.29375 0.525
2 0.00177097 0.279687 0.68125 0.190625 0.49375
2 0.00194836 0.973437 0.934375 0.046875 0.11875
0 0.0028553 0.09375 0.34375 0.1625 0.575
0 0.00422668 0.940625 0.096875 0.11875 0.18125
0 0.00492096 0.0765625 0.576563 0.128125 0.728125
2 0.00984955 0.95625 0.879687 0.08125 0.234375
2 0.0847778 0.979688 0.884375 0.040625 0.23125
0 0.25293 0.3 0.140625 0.14375 0.25625
1 0.378662 0.298438 0.14375 0.153125 0.2625
0 0.588867 0.282813 0.645312 0.171875 0.546875
1 0.750977 0.279687 0.65 0.171875 0.5375
0 0.880859 0.634375 0.490625 0.20625 0.50625
