2 0.00101852 0.654688 0.932813 0.115625 0.134375
0 0.00110817 0.5875 0.167187 0.125 0.259375
0 0.00134182 0.84375 0.351562 0.24375 0.603125
1 0.00136089 0.0734375 0.578125 0.109375 0.61875
0 0.00180721 0.473437 0.464063 0.178125 0.371875
2 0.00186729 0.607813 0.95 0.134375 0.0875
1 0.00283623 0.95 0.1 0.09375 0.1875
2 0.0029335 0.95625 0.114063 0.0875 0.228125
2 0.00296783 0.129688 0.01875 0.196875 0.0375
0 0.00324631 0.948438 0.101562 0.103125 0.184375
0 0.00397491 0.0734375 0.576563 0.121875 0.653125
2 0.0152664 0.334375 0.909375 0.1125 0.1625
2 0.943359 0.4625 0.83125 0.3875 0.325
