1 0.00103283 0.0703125 0.585938 0.103125 0.628125
2 0.00106144 0.964063 0.0953125 0.071875 0.190625
1 0.00117683 0.704687 0.223438 0.109375 0.434375
2 0.00136662 0.467187 0.859375 0.128125 0.25
0 0.00172234 0.948438 0.09375 0.103125 0.175
0 0.00203705 0.484375 0.6125 0.21875 0.4
1 0.00265312 0.685938 0.0734375 0.171875 0.146875
2 0.00265884 0.132812 0.0171875 0.196875 0.034375
0 0.00341606 0.707812 0.114063 0.121875 0.228125
1 0.00351906 0.409375 0.46875 0.25625 0.5125
2 0.00374603 0.467187 0.93125 0.140625 0.125
1 0.0103455 0.84375 0.26875 0.2 0.5
0 0.0104218 0.65 0.248437 0.1875 0.465625
1 0.899414 0.646875 0.253125 0.19375 0.4625
