2 0.00100803 0.125 0.0171875 0.2 0.034375
1 0.00117874 0.4875 0.617188 0.2 0.365625
0 0.00120068 0.496875 0.053125 0.125 0.10625
1 0.00147343 0.845312 0.2625 0.196875 0.49375
0 0.00154018 0.851562 0.339063 0.209375 0.559375
0 0.00160217 0.520312 0.03125 0.146875 0.0625
1 0.00385857 0.071875 0.584375 0.09375 0.6
0 0.0041008 0.071875 0.582812 0.10625 0.621875
0 0.00722504 0.76875 0.234375 0.1625 0.43125
0 0.00828552 0.520312 0.628125 0.190625 0.36875
1 0.190186 0.529688 0.217187 0.178125 0.415625
1 0.313477 0.65 0.21875 0.18125 0.43125
0 0.706055 0.654688 0.221875 0.165625 0.43125
0 0.769531 0.521875 0.223438 0.16875 0.415625
