2 0.00100613 0.267188 0.953125 0.240625 0.0875
2 0.00117397 0.473437 0.9625 0.321875 0.075
2 0.00121975 0.215625 0.923437 0.25625 0.146875
0 0.0013237 0.479688 0.479688 0.209375 0.346875
0 0.00135326 0.817187 0.859375 0.228125 0.28125
0 0.00143147 0.5625 0.542188 0.2375 0.246875
2 0.0014677 0.270312 0.885938 0.209375 0.228125
0 0.00188351 0.140625 0.353125 0.20625 0.4375
0 0.0019083 0.0828125 0.485938 0.153125 0.428125
1 0.00191498 0.267188 0.3375 0.159375 0.5375
0 0.00193024 0.0828125 0.746875 0.153125 0.49375
0 0.00201797 0.81875 0.435937 0.18125 0.153125
2 0.00203896 0.564062 0.934375 0.290625 0.13125
2 0.00235176 0.128125 0.951563 0.25625 0.084375
0 0.00239182 0.892187 0.6875 0.159375 0.5375
2 0.00247574 0.664062 0.934375 0.196875 0.13125
0 0.00257301 0.684375 0.679688 0.14375 0.559375
0 0.00283241 0.0828125 0.04375 0.159375 0.0875
0 0.00321198 0.0390625 0.357812 0.071875 0.553125
0 0.0049324 0.0734375 0.115625 0.140625 0.21875
0 0.00669861 0.4375 0.832812 0.33125 0.334375
1 0.00671768 0.69375 0.171875 0.2125 0.3375
0 0.00727463 0.445312 0.271875 0.128125 0.4125
2 0.00727844 0.9625 0.8 0.075 0.4
2 0.00949097 0.59375 0.828125 0.26875 0.34375
2 0.00950623 0.423438 0.909375 0.321875 0.175
0 0.0123138 0.04375 0.665625 0.0875 0.6125
0 0.0146637 0.204688 0.5625 0.221875 0.4125
2 0.0150375 0.335938 0.917188 0.184375 0.159375
2 0.0153351 0.545313 0.629687 0.296875 0.390625
0 0.016098 0.7375 0.714063 0.15 0.571875
0 0.0166168 0.935938 0.0890625 0.128125 0.178125
0 0.0186157 0.0375 0.084375 0.075 0.16875
0 0.0210266 0.03125 0.523438 0.05625 0.496875
0 0.0231476 0.0703125 0.310937 0.140625 0.584375
2 0.0242615 0.917188 0.942187 0.165625 0.115625
2 0.0246735 0.825 0.828125 0.23125 0.34375
0 0.0269775 0.804688 0.492188 0.234375 0.303125
2 0.0329285 0.76875 0.903125 0.25 0.19375
0 0.0521851 0.16875 0.829687 0.26875 0.340625
1 0.0570068 0.50625 0.276563 0.2 0.459375
0 0.107239 0.492188 0.660937 0.209375 0.353125
2 0.12439 0.0859375 0.910937 0.171875 0.171875
0 0.456543 0.689062 0.190625 0.184375 0.35625
0 0.475098 0.554688 0.698438 0.296875 0.515625
2 0.65625 0.925 0.859375 0.14375 0.28125
2 0.662109 0.1625 0.851562 0.3125 0.296875
0 0.771973 0.134375 0.609375 0.24375 0.5375
0 0.786133 0.73125 0.440625 0.2 0.375
2 0.799316 0.465625 0.8375 0.4 0.3125
0 0.839844 0.292188 0.345313 0.184375 0.528125
0 0.879395 0.509375 0.282813 0.19375 0.459375
0 0.907715 0.815625 0.678125 0.25625 0.64375
