0 0.00110149 0.151562 0.59375 0.165625 0.51875
0 0.00113678 0.107813 0.335938 0.171875 0.578125
0 0.00116444 0.871875 0.646875 0.15625 0.54375
2 0.00126553 0.285937 0.910937 0.190625 0.165625
0 0.00142002 0.421875 0.68125 0.10625 0.5
0 0.00148106 0.617188 0.676562 0.146875 0.553125
0 0.00161648 0.964063 0.171875 0.071875 0.34375
0 0.00204277 0.225 0.640625 0.14375 0.46875
0 0.0023613 0.367188 0.645312 0.146875 0.453125
2 0.00311661 0.78125 0.910937 0.19375 0.178125
0 0.00354767 0.0796875 0.573438 0.146875 0.690625
0 0.00426102 0.732813 0.15625 0.228125 0.30625
0 0.00738525 0.284375 0.51875 0.21875 0.2125
0 0.0105743 0.94375 0.0984375 0.1125 0.184375
0 0.010643 0.498437 0.496875 0.209375 0.225
0 0.0178528 0.69375 0.621875 0.13125 0.51875
1 0.0179443 0.453125 0.179688 0.18125 0.309375
1 0.0180664 0.601562 0.18125 0.203125 0.3625
0 0.0192413 0.734375 0.523438 0.16875 0.378125
2 0.149658 0.526563 0.68125 0.228125 0.5875
0 0.249756 0.295312 0.709375 0.253125 0.55625
0 0.391846 0.771875 0.448438 0.20625 0.228125
0 0.503906 0.601562 0.18125 0.184375 0.3625
0 0.52002 0.796875 0.695312 0.28125 0.609375
0 0.526367 0.46875 0.178125 0.1625 0.31875
2 0.712402 0.796875 0.684375 0.2875 0.63125
2 0.867188 0.292188 0.710938 0.278125 0.578125
0 0.898438 0.526563 0.676562 0.221875 0.596875
