0 0.00103188 0.0375 0.628125 0.0625 0.60625
0 0.00126362 0.53125 0.120312 0.1375 0.234375
1 0.00128174 0.532812 0.226562 0.109375 0.428125
1 0.00132084 0.53125 0.114063 0.13125 0.221875
1 0.00135231 0.585938 0.114063 0.140625 0.209375
0 0.00146294 0.528125 0.71875 0.14375 0.225
2 0.00146675 0.509375 0.765625 0.225 0.425
0 0.00173378 0.473437 0.829687 0.153125 0.303125
1 0.00176525 0.871875 0.332812 0.20625 0.521875
0 0.00196457 0.95 0.0953125 0.1 0.171875
2 0.00199318 0.123438 0.01875 0.196875 0.0375
1 0.00203323 0.626562 0.0796875 0.171875 0.153125
1 0.00223541 0.0734375 0.589063 0.109375 0.659375
2 0.00237846 0.471875 0.828125 0.13125 0.30625
2 0.00251007 0.0484375 0.759375 0.065625 0.46875
0 0.00363922 0.0609375 0.659375 0.121875 0.68125
0 0.00375175 0.628125 0.090625 0.175 0.175
2 0.00759125 0.0546875 0.940625 0.103125 0.10625
2 0.01651 0.028125 0.825 0.05625 0.325
0 0.0414124 0.642187 0.271875 0.196875 0.5125
0 0.052002 0.440625 0.267188 0.1875 0.490625
2 0.297363 0.0265625 0.910937 0.053125 0.159375
1 0.865723 0.629687 0.271875 0.215625 0.50625
1 0.895996 0.440625 0.267188 0.18125 0.490625
