0 0.00105286 0.204688 0.595312 0.140625 0.659375
2 0.00135231 0.228125 0.96875 0.1625 0.05
0 0.00139046 0.8375 0.332812 0.2375 0.596875
1 0.00171375 0.74375 0.282813 0.26875 0.553125
0 0.00174809 0.946875 0.0953125 0.10625 0.171875
0 0.00200653 0.639063 0.609375 0.240625 0.50625
0 0.00237083 0.745313 0.30625 0.253125 0.6
1 0.00239182 0.829687 0.021875 0.165625 0.04375
1 0.00278854 0.104687 0.335938 0.159375 0.478125
2 0.00325966 0.335938 0.83125 0.246875 0.2875
2 0.00340843 0.26875 0.7375 0.225 0.525
2 0.00478363 0.276563 0.892187 0.234375 0.159375
0 0.0056076 0.071875 0.584375 0.125 0.73125
0 0.00806427 0.389062 0.675 0.196875 0.6125
1 0.0296021 0.270312 0.409375 0.196875 0.20625
2 0.033905 0.353125 0.679688 0.25 0.615625
0 0.11969 0.270312 0.651563 0.253125 0.696875
1 0.623535 0.35625 0.659375 0.225 0.63125
1 0.748535 0.267188 0.653125 0.228125 0.6625
