1 0.00110435 0.83125 0.021875 0.1625 0.04375
1 0.00114441 0.4625 0.471875 0.26875 0.53125
2 0.00121784 0.9625 0.103125 0.075 0.20625
0 0.00133419 0.948438 0.10625 0.103125 0.2125
0 0.00148487 0.73125 0.278125 0.15 0.475
2 0.00194836 0.489062 0.676562 0.221875 0.228125
0 0.00223732 0.476562 0.464063 0.184375 0.434375
2 0.00235939 0.123438 0.01875 0.190625 0.0375
1 0.00342178 0.951563 0.1 0.090625 0.1875
0 0.00531387 0.532812 0.567187 0.196875 0.415625
2 0.0147018 0.090625 0.739062 0.15 0.521875
1 0.020752 0.040625 0.640625 0.06875 0.58125
2 0.21582 0.065625 0.909375 0.1 0.16875
2 0.493408 0.0375 0.734375 0.075 0.50625
