1 0.00106716 0.840625 0.24375 0.19375 0.4625
2 0.00130367 0.125 0.01875 0.2 0.0375
1 0.00146961 0.725 0.223438 0.1 0.384375
1 0.00151253 0.81875 0.0234375 0.16875 0.046875
1 0.00172615 0.765625 0.246875 0.21875 0.49375
0 0.00192451 0.0375 0.58125 0.0625 0.60625
1 0.00215912 0.607813 0.346875 0.146875 0.18125
1 0.00222588 0.345313 0.414062 0.171875 0.190625
1 0.00402069 0.078125 0.584375 0.125 0.6375
1 0.0105362 0.946875 0.0953125 0.1 0.184375
0 0.0116501 0.08125 0.579687 0.13125 0.678125
0 0.0168762 0.945312 0.096875 0.109375 0.18125
2 0.0510864 0.35625 0.6 0.2 0.5625
2 0.0997314 0.609375 0.560938 0.2125 0.553125
1 0.883301 0.353125 0.596875 0.20625 0.55625
1 0.895508 0.6125 0.560938 0.2125 0.553125
