1 0.00101185 0.821875 0.348437 0.25625 0.646875
0 0.00105572 0.651563 0.55 0.240625 0.51875
2 0.00163078 0.125 0.01875 0.19375 0.0375
0 0.0018425 0.148438 0.629687 0.190625 0.565625
0 0.00216103 0.0375 0.582812 0.0625 0.590625
2 0.0022049 0.959375 0.1125 0.08125 0.225
1 0.00404358 0.953125 0.1 0.09375 0.1875
0 0.00457382 0.95 0.1 0.1 0.18125
0 0.00532532 0.75625 0.334375 0.2375 0.5625
1 0.00617981 0.071875 0.58125 0.10625 0.61875
0 0.00951385 0.398438 0.54375 0.215625 0.55
0 0.0144958 0.0734375 0.578125 0.115625 0.65
1 0.885742 0.395312 0.534375 0.221875 0.55
