1 0.00109291 0.11875 0.325 0.16875 0.5125
0 0.00134087 0.0734375 0.582812 0.115625 0.621875
0 0.00140285 0.83125 0.34375 0.2375 0.59375
0 0.00151539 0.946875 0.1 0.10625 0.18125
0 0.00156021 0.5375 0.65625 0.14375 0.4125
2 0.00242424 0.289062 0.9125 0.109375 0.14375
2 0.00254822 0.128125 0.0171875 0.2 0.034375
1 0.00277328 0.201562 0.6375 0.115625 0.525
2 0.00322723 0.225 0.642187 0.1375 0.528125
2 0.00519562 0.354688 0.90625 0.153125 0.15625
1 0.00717926 0.289062 0.495313 0.215625 0.253125
1 0.0647583 0.290625 0.65625 0.26875 0.59375
2 0.879883 0.296875 0.679688 0.2625 0.615625
