1 0.00107193 0.951563 0.0953125 0.090625 0.178125
2 0.00110149 0.0296875 0.94375 0.059375 0.1125
0 0.0012207 0.95 0.096875 0.1 0.175
2 0.00134373 0.126563 0.01875 0.196875 0.0375
0 0.00170612 0.521875 0.614062 0.2125 0.421875
0 0.00198746 0.478125 0.473437 0.175 0.365625
1 0.00361443 0.05 0.545313 0.0875 0.515625
2 0.0056839 0.053125 0.546875 0.09375 0.50625
0 0.00624847 0.246875 0.157813 0.11875 0.259375
2 0.00663757 0.0859375 0.690625 0.134375 0.575
2 0.0302124 0.0375 0.854688 0.075 0.278125
1 0.42334 0.2375 0.15625 0.11875 0.25
2 0.710938 0.04375 0.715625 0.0875 0.54375
