2 0.00102901 0.223438 0.701563 0.196875 0.384375
2 0.00104523 0.473437 0.815625 0.134375 0.325
0 0.00108433 0.18125 0.034375 0.15625 0.0625
0 0.00146961 0.040625 0.578125 0.075 0.65
1 0.0016613 0.8625 0.36875 0.21875 0.625
1 0.00166512 0.510938 0.676562 0.196875 0.234375
2 0.00170231 0.501562 0.748438 0.246875 0.378125
0 0.0025425 0.445312 0.189063 0.190625 0.340625
1 0.00263977 0.515625 0.164062 0.13125 0.278125
0 0.00279427 0.559375 0.571875 0.1875 0.4125
0 0.00280571 0.235938 0.0703125 0.159375 0.134375
1 0.00291634 0.06875 0.58125 0.10625 0.6375
1 0.00402451 0.821875 0.0234375 0.15625 0.046875
0 0.0043869 0.953125 0.101562 0.09375 0.203125
2 0.00457764 0.490625 0.682813 0.1875 0.221875
0 0.00755692 0.5125 0.676562 0.2 0.253125
0 0.00815582 0.720312 0.265625 0.171875 0.45625
1 0.0101242 0.9625 0.110937 0.075 0.203125
2 0.0134583 0.959375 0.1125 0.08125 0.2125
0 0.0253448 0.271875 0.196875 0.18125 0.375
1 0.0390015 0.7 0.254687 0.225 0.478125
1 0.839844 0.434375 0.198437 0.1875 0.353125
1 0.905273 0.271875 0.201562 0.18125 0.371875
