1 0.00114632 0.125 0.564062 0.20625 0.671875
1 0.00141621 0.828125 0.021875 0.1625 0.04375
0 0.00150681 0.948438 0.096875 0.103125 0.175
0 0.00233459 0.539062 0.265625 0.196875 0.475
2 0.00244331 0.525 0.645312 0.2375 0.378125
2 0.00244713 0.126563 0.01875 0.203125 0.0375
1 0.00273514 0.851562 0.353125 0.203125 0.56875
1 0.00302315 0.0734375 0.584375 0.103125 0.60625
1 0.00317574 0.717188 0.248437 0.171875 0.415625
0 0.00367737 0.0765625 0.58125 0.115625 0.63125
1 0.00478363 0.520312 0.629687 0.203125 0.334375
0 0.00680542 0.521875 0.632812 0.20625 0.353125
1 0.0574036 0.623438 0.223438 0.159375 0.440625
1 0.150024 0.6625 0.209375 0.11875 0.33125
1 0.944824 0.542188 0.265625 0.196875 0.48125
