0 0.00100708 0.110937 0.582812 0.196875 0.640625
0 0.00141335 0.335938 0.13125 0.153125 0.2375
0 0.00161362 0.81875 0.325 0.2125 0.525
1 0.00164604 0.689062 0.115625 0.190625 0.19375
1 0.00190544 0.075 0.579687 0.1125 0.640625
1 0.00240135 0.83125 0.267188 0.2 0.484375
0 0.00265121 0.946875 0.0984375 0.10625 0.178125
0 0.00595474 0.728125 0.260938 0.21875 0.471875
1 0.0112076 0.376563 0.1375 0.146875 0.2625
1 0.0163574 0.673437 0.229687 0.209375 0.434375
0 0.0195465 0.68125 0.14375 0.175 0.275
1 0.917969 0.340625 0.25625 0.2 0.4625
