2 0.00101376 0.121875 0.01875 0.19375 0.0375
0 0.00110435 0.146875 0.628125 0.21875 0.61875
0 0.00131798 0.0375 0.576563 0.0625 0.584375
1 0.00255775 0.621875 0.348437 0.15625 0.221875
1 0.00504303 0.0734375 0.576563 0.115625 0.609375
1 0.00570679 0.610937 0.225 0.153125 0.325
1 0.00714111 0.128125 0.560938 0.21875 0.696875
1 0.00723267 0.951563 0.09375 0.096875 0.18125
0 0.00732422 0.95 0.09375 0.1 0.18125
0 0.00880432 0.075 0.571875 0.125 0.6375
2 0.0190277 0.648438 0.525 0.215625 0.5
1 0.0215302 0.554688 0.504687 0.221875 0.559375
1 0.880859 0.6375 0.514063 0.225 0.496875
1 0.92041 0.459375 0.476562 0.2125 0.578125
