2 0.00120163 0.964063 0.101562 0.071875 0.203125
2 0.00124168 0.128125 0.0171875 0.20625 0.034375
0 0.00139332 0.673437 0.309375 0.196875 0.5
0 0.00182724 0.0375 0.579687 0.0625 0.621875
0 0.00198936 0.410937 0.48125 0.159375 0.3125
0 0.00361061 0.75 0.321875 0.25 0.5875
1 0.00429535 0.075 0.58125 0.11875 0.65
0 0.00490952 0.454688 0.539062 0.121875 0.378125
0 0.00659943 0.946875 0.0953125 0.10625 0.178125
1 0.00834656 0.304688 0.629687 0.134375 0.528125
1 0.0086441 0.454688 0.540625 0.121875 0.39375
1 0.0171356 0.370313 0.426562 0.171875 0.184375
0 0.0218964 0.0765625 0.576563 0.128125 0.709375
2 0.0600586 0.371875 0.64375 0.25625 0.625
1 0.853027 0.36875 0.639063 0.24375 0.609375
