0 0.00118256 0.1625 0.635938 0.2 0.559375
1 0.00145912 0.728125 0.265625 0.11875 0.5
1 0.00147152 0.601562 0.229687 0.096875 0.340625
0 0.00149345 0.965625 0.167187 0.06875 0.328125
0 0.00158024 0.68125 0.223438 0.13125 0.403125
1 0.00164223 0.615625 0.260938 0.16875 0.465625
0 0.00170803 0.5375 0.314063 0.2 0.490625
0 0.00171375 0.0359375 0.579687 0.059375 0.590625
1 0.00184727 0.109375 0.357812 0.175 0.615625
0 0.00184727 0.729688 0.267188 0.134375 0.515625
0 0.00193882 0.428125 0.096875 0.18125 0.14375
0 0.00201797 0.529688 0.659375 0.178125 0.325
1 0.00207901 0.2 0.664062 0.23125 0.509375
2 0.00217819 0.5375 0.682813 0.2375 0.353125
1 0.00222969 0.679688 0.225 0.121875 0.3875
0 0.00231361 0.115625 0.46875 0.2125 0.74375
1 0.00253868 0.825 0.021875 0.1625 0.04375
2 0.00344849 0.9625 0.115625 0.075 0.225
1 0.00348663 0.128125 0.573438 0.21875 0.703125
1 0.0043335 0.421875 0.121875 0.14375 0.20625
1 0.00594711 0.953125 0.09375 0.09375 0.175
1 0.00603867 0.071875 0.579687 0.1 0.609375
0 0.00817871 0.95 0.09375 0.1 0.175
1 0.00858307 0.771875 0.328125 0.23125 0.5875
0 0.0101318 0.0734375 0.576563 0.109375 0.640625
1 0.923828 0.53125 0.307813 0.1875 0.503125
1 0.926758 0.367188 0.298438 0.196875 0.528125
