1 0.00108719 0.485938 0.620313 0.221875 0.403125
2 0.00110054 0.0703125 0.0703125 0.121875 0.140625
0 0.00121784 0.48125 0.517187 0.175 0.403125
2 0.00123692 0.223438 0.701563 0.203125 0.403125
0 0.00139713 0.109375 0.585938 0.14375 0.590625
1 0.00141525 0.0375 0.582812 0.0625 0.603125
1 0.00152206 0.534375 0.132812 0.16875 0.240625
1 0.00167561 0.829687 0.346875 0.240625 0.59375
2 0.00198936 0.959375 0.101562 0.08125 0.196875
1 0.00237083 0.75 0.271875 0.275 0.54375
1 0.002388 0.329688 0.159375 0.165625 0.25625
0 0.0024662 0.946875 0.103125 0.10625 0.20625
1 0.00309753 0.10625 0.585938 0.13125 0.565625
0 0.00311089 0.04375 0.58125 0.08125 0.6625
0 0.0039711 0.521875 0.61875 0.21875 0.425
0 0.00466156 0.734375 0.239063 0.1875 0.453125
1 0.00574875 0.948438 0.096875 0.096875 0.1875
1 0.00598145 0.06875 0.579687 0.1 0.671875
0 0.0275116 0.39375 0.142188 0.1625 0.253125
0 0.0393066 0.259375 0.153125 0.14375 0.28125
1 0.719727 0.396875 0.145313 0.15625 0.271875
1 0.84668 0.257812 0.15625 0.146875 0.275
