2 0.00105667 0.225 0.673437 0.14375 0.478125
0 0.00109005 0.492188 0.673437 0.209375 0.284375
0 0.00126266 0.682813 0.620313 0.184375 0.396875
0 0.00131035 0.109375 0.626562 0.14375 0.584375
0 0.00131989 0.0453125 0.5875 0.078125 0.6375
1 0.00135136 0.829687 0.0203125 0.159375 0.040625
1 0.00135899 0.279687 0.3625 0.103125 0.325
0 0.00159836 0.945312 0.0984375 0.109375 0.196875
2 0.00172329 0.473437 0.825 0.153125 0.3375
2 0.00179672 0.960938 0.096875 0.078125 0.1875
2 0.00182533 0.490625 0.671875 0.20625 0.2625
1 0.00263977 0.110937 0.592188 0.146875 0.528125
0 0.0032196 0.528125 0.570312 0.20625 0.434375
1 0.00363922 0.946875 0.090625 0.10625 0.16875
1 0.00437546 0.0703125 0.590625 0.096875 0.63125
0 0.0114365 0.726562 0.257812 0.190625 0.509375
1 0.0122375 0.728125 0.265625 0.25625 0.51875
1 0.777344 0.303125 0.14375 0.14375 0.24375
