2 0.00128841 0.95625 0.117188 0.0875 0.234375
2 0.00145912 0.125 0.0203125 0.2125 0.040625
0 0.00159645 0.523438 0.628125 0.209375 0.36875
0 0.00191212 0.68125 0.145313 0.18125 0.290625
1 0.00214005 0.0703125 0.582812 0.096875 0.609375
1 0.00255585 0.20625 0.16875 0.15625 0.30625
1 0.00351334 0.946875 0.103125 0.10625 0.19375
0 0.00502396 0.945312 0.103125 0.109375 0.1875
0 0.0106125 0.73125 0.232812 0.18125 0.446875
1 0.0111389 0.696875 0.226562 0.23125 0.446875
0 0.0233002 0.275 0.167187 0.1625 0.315625
0 0.0627441 0.44375 0.135937 0.14375 0.253125
0 0.106506 0.573438 0.140625 0.140625 0.275
1 0.427979 0.439063 0.1375 0.146875 0.25625
1 0.495117 0.571875 0.13125 0.1375 0.2625
1 0.906738 0.265625 0.176563 0.16875 0.321875
