1 0.00107384 0.820312 0.021875 0.171875 0.04375
0 0.00111103 0.21875 0.695312 0.20625 0.546875
2 0.00151348 0.3875 0.926562 0.14375 0.134375
2 0.00225067 0.214062 0.960938 0.134375 0.065625
1 0.00258636 0.114063 0.240625 0.203125 0.48125
1 0.00259781 0.376563 0.504687 0.178125 0.240625
1 0.00296783 0.139062 0.392188 0.184375 0.315625
0 0.00323486 0.773438 0.26875 0.253125 0.5125
2 0.0055275 0.2125 0.921875 0.125 0.1375
0 0.00934601 0.94375 0.096875 0.1125 0.18125
1 0.00976562 0.946875 0.0953125 0.10625 0.184375
1 0.44458 0.421875 0.690625 0.2375 0.5875
1 0.580566 0.2 0.629687 0.24375 0.634375
2 0.720703 0.420312 0.701563 0.240625 0.596875
2 0.745605 0.209375 0.670313 0.225 0.659375
