1 0.0010252 0.464063 0.470313 0.228125 0.503125
1 0.0010519 0.20625 0.670313 0.20625 0.521875
0 0.00121021 0.476562 0.457812 0.171875 0.396875
2 0.00124264 0.490625 0.671875 0.2 0.23125
1 0.00128651 0.25625 0.198437 0.35 0.396875
2 0.00133896 0.065625 0.0734375 0.1125 0.146875
0 0.00136089 0.1125 0.584375 0.1625 0.58125
2 0.00139523 0.9625 0.09375 0.075 0.1875
0 0.00148201 0.81875 0.340625 0.2375 0.56875
1 0.00160408 0.314063 0.084375 0.134375 0.15625
1 0.00164509 0.13125 0.579687 0.21875 0.696875
1 0.00193024 0.825 0.271875 0.225 0.5
0 0.00217819 0.0421875 0.578125 0.078125 0.6375
1 0.00254631 0.951563 0.0953125 0.090625 0.178125
1 0.00290871 0.303125 0.16875 0.1375 0.29375
0 0.00294685 0.95 0.09375 0.1 0.175
1 0.00358009 0.0703125 0.578125 0.103125 0.63125
2 0.00498962 0.221875 0.676562 0.14375 0.471875
0 0.0133591 0.251563 0.19375 0.178125 0.34375
1 0.884766 0.251563 0.196875 0.171875 0.34375
