0 0.00105762 0.845312 0.346875 0.234375 0.56875
1 0.0011425 0.959375 0.114063 0.08125 0.228125
2 0.0012598 0.31875 0.629687 0.225 0.584375
0 0.00158501 0.71875 0.265625 0.11875 0.51875
0 0.00169277 0.0765625 0.5875 0.121875 0.6125
1 0.00193882 0.296875 0.414062 0.175 0.221875
0 0.00199699 0.95 0.0984375 0.1 0.178125
2 0.00254059 0.121875 0.0171875 0.19375 0.034375
1 0.00315285 0.479688 0.407813 0.196875 0.284375
0 0.00377274 0.334375 0.628125 0.2375 0.55625
1 0.00516129 0.69375 0.135937 0.14375 0.271875
0 0.00579071 0.715625 0.134375 0.14375 0.2625
0 0.155396 0.573438 0.139062 0.140625 0.253125
1 0.541992 0.571875 0.139062 0.14375 0.240625
1 0.930176 0.321875 0.628125 0.21875 0.56875
1 0.941895 0.49375 0.54375 0.20625 0.575
