1 0.00103092 0.8375 0.021875 0.15625 0.04375
0 0.00104618 0.689062 0.134375 0.178125 0.2625
0 0.0010519 0.582812 0.15625 0.121875 0.2375
1 0.00106239 0.95 0.0984375 0.1 0.178125
1 0.00151253 0.075 0.58125 0.10625 0.6125
0 0.00170898 0.946875 0.0984375 0.10625 0.178125
0 0.00183678 0.839063 0.340625 0.234375 0.55625
2 0.0022068 0.13125 0.01875 0.2 0.0375
1 0.00253487 0.696875 0.234375 0.21875 0.43125
2 0.00292587 0.95625 0.121875 0.0875 0.24375
0 0.00352287 0.075 0.579687 0.11875 0.640625
0 0.0059433 0.729688 0.25625 0.221875 0.46875
1 0.00669098 0.290625 0.503125 0.19375 0.21875
2 0.712402 0.30625 0.685938 0.225 0.584375
1 0.779297 0.309375 0.682813 0.23125 0.578125
