0 0.00100136 0.0328125 0.58125 0.059375 0.6
2 0.00102425 0.954687 0.115625 0.090625 0.23125
0 0.0010519 0.709375 0.08125 0.16875 0.1375
2 0.00137138 0.126563 0.01875 0.203125 0.0375
1 0.00140476 0.075 0.576563 0.11875 0.621875
2 0.00171089 0.489062 0.660937 0.215625 0.584375
0 0.00180721 0.840625 0.340625 0.2375 0.5875
0 0.00192356 0.110937 0.576563 0.171875 0.603125
2 0.00213814 0.040625 0.878125 0.075 0.23125
1 0.00216675 0.829687 0.0234375 0.159375 0.046875
2 0.00314903 0.0484375 0.945312 0.090625 0.096875
0 0.00326729 0.696875 0.570312 0.18125 0.528125
2 0.00399017 0.475 0.8875 0.21875 0.14375
0 0.0051651 0.065625 0.65625 0.13125 0.6875
2 0.00572968 0.03125 0.75 0.0625 0.5
0 0.00737762 0.94375 0.0953125 0.1125 0.178125
1 0.0131683 0.389062 0.410937 0.196875 0.221875
1 0.0617981 0.376563 0.5625 0.196875 0.49375
2 0.0960693 0.025 0.910937 0.04375 0.165625
1 0.829102 0.454688 0.634375 0.278125 0.64375
