0 0.00108147 0.725 0.26875 0.13125 0.5
0 0.00113487 0.140625 0.607813 0.1875 0.571875
1 0.0011692 0.340625 0.384375 0.16875 0.29375
1 0.00127316 0.370313 0.282813 0.134375 0.196875
1 0.00141907 0.45 0.417188 0.34375 0.759375
0 0.00145245 0.65625 0.14375 0.175 0.2875
1 0.0015316 0.434375 0.339063 0.15 0.484375
1 0.00165176 0.654688 0.160938 0.190625 0.321875
0 0.00167274 0.360938 0.532812 0.221875 0.546875
0 0.00234985 0.0359375 0.579687 0.059375 0.609375
0 0.00244141 0.946875 0.101562 0.10625 0.178125
2 0.00274849 0.123438 0.0171875 0.209375 0.034375
1 0.00319862 0.784375 0.329688 0.25 0.628125
1 0.00333786 0.0734375 0.578125 0.115625 0.63125
0 0.00568771 0.81875 0.3375 0.2375 0.59375
0 0.0142288 0.0765625 0.575 0.121875 0.675
0 0.0171509 0.557813 0.117188 0.134375 0.203125
1 0.0198822 0.551562 0.0890625 0.165625 0.159375
1 0.0620422 0.560938 0.234375 0.103125 0.39375
1 0.897461 0.498437 0.373437 0.196875 0.584375
1 0.927734 0.360938 0.515625 0.221875 0.56875
