0 0.00107384 0.240625 0.671875 0.21875 0.45625
0 0.00116348 0.476562 0.06875 0.171875 0.11875
1 0.00119019 0.265625 0.635938 0.14375 0.421875
0 0.00135422 0.51875 0.5625 0.29375 0.53125
2 0.00137329 0.9625 0.096875 0.075 0.19375
1 0.0013895 0.06875 0.575 0.09375 0.6
2 0.00152493 0.476562 0.815625 0.146875 0.33125
1 0.00158691 0.529688 0.120312 0.165625 0.209375
1 0.00176907 0.404687 0.2 0.159375 0.375
0 0.00211906 0.815625 0.342187 0.23125 0.565625
1 0.00211906 0.826563 0.021875 0.165625 0.04375
1 0.00228882 0.425 0.09375 0.1625 0.16875
0 0.00242996 0.514063 0.471875 0.190625 0.375
0 0.00296402 0.0703125 0.571875 0.109375 0.63125
2 0.00301552 0.492188 0.679688 0.196875 0.228125
0 0.00355911 0.289062 0.275 0.209375 0.5
0 0.0036068 0.946875 0.0953125 0.10625 0.178125
1 0.00428772 0.3375 0.175 0.15 0.325
1 0.00505066 0.476562 0.0625 0.171875 0.1
2 0.00633621 0.50625 0.748438 0.26875 0.384375
0 0.00857544 0.492188 0.68125 0.196875 0.24375
0 0.0113144 0.370313 0.120312 0.165625 0.228125
1 0.36084 0.373437 0.145313 0.121875 0.240625
1 0.894531 0.292188 0.278125 0.215625 0.5
