1 0.0011034 0.0765625 0.582812 0.115625 0.596875
0 0.00153446 0.95 0.1 0.1 0.18125
1 0.00166512 0.33125 0.429688 0.15 0.203125
2 0.00218391 0.120312 0.0171875 0.196875 0.034375
0 0.00271797 0.078125 0.58125 0.125 0.61875
1 0.00529099 0.485938 0.307813 0.196875 0.196875
1 0.00551987 0.695312 0.135937 0.146875 0.271875
0 0.00629807 0.715625 0.135937 0.15 0.265625
2 0.0643311 0.340625 0.614062 0.19375 0.571875
0 0.207397 0.575 0.140625 0.13125 0.25625
1 0.520996 0.575 0.14375 0.1375 0.25
1 0.927734 0.496875 0.535937 0.2 0.571875
1 0.928711 0.340625 0.609375 0.1875 0.58125
