0 0.00102711 0.820312 0.340625 0.234375 0.5625
2 0.00115871 0.964063 0.0921875 0.071875 0.184375
1 0.00122929 0.253125 0.184375 0.35625 0.36875
0 0.00123501 0.075 0.0390625 0.13125 0.071875
1 0.00133514 0.0375 0.579687 0.0625 0.596875
0 0.00139904 0.523438 0.570312 0.203125 0.421875
1 0.00153828 0.829687 0.275 0.221875 0.50625
0 0.0015583 0.948438 0.0921875 0.103125 0.171875
0 0.00157356 0.03125 0.0796875 0.0625 0.159375
0 0.00165844 0.0671875 0.0890625 0.121875 0.165625
2 0.00168705 0.221875 0.673437 0.1375 0.471875
0 0.0017004 0.478125 0.460938 0.18125 0.409375
2 0.00233269 0.0625 0.075 0.1125 0.15
1 0.00244904 0.123438 0.56875 0.215625 0.70625
0 0.00248528 0.109375 0.582812 0.1625 0.584375
0 0.00287247 0.04375 0.576563 0.08125 0.646875
1 0.00567627 0.071875 0.578125 0.09375 0.6125
0 0.0470276 0.24375 0.18125 0.16875 0.29375
1 0.893066 0.246875 0.18125 0.175 0.30625
