0 0.00112534 0.523438 0.56875 0.209375 0.425
2 0.00116825 0.221875 0.673437 0.13125 0.471875
0 0.00144291 0.478125 0.460938 0.18125 0.409375
2 0.00146294 0.964063 0.09375 0.071875 0.1875
1 0.00151253 0.821875 0.276563 0.21875 0.509375
1 0.00153065 0.951563 0.09375 0.090625 0.175
1 0.00154877 0.0390625 0.58125 0.065625 0.6
2 0.00191307 0.0640625 0.0734375 0.115625 0.146875
0 0.00200272 0.10625 0.584375 0.1625 0.58125
0 0.00203705 0.80625 0.339063 0.23125 0.559375
1 0.00225067 0.11875 0.565625 0.2125 0.70625
0 0.00225258 0.948438 0.0921875 0.103125 0.171875
0 0.00304222 0.04375 0.579687 0.08125 0.646875
1 0.0076828 0.0703125 0.58125 0.096875 0.6125
0 0.0445557 0.242188 0.179688 0.165625 0.296875
1 0.890137 0.245312 0.179688 0.165625 0.309375
