1 0.00107384 0.626562 0.23125 0.134375 0.25625
2 0.00131416 0.471875 0.81875 0.15 0.325
0 0.00136185 0.920313 0.559375 0.153125 0.56875
0 0.00152683 0.965625 0.2125 0.06875 0.4
1 0.00161362 0.717188 0.123438 0.153125 0.209375
0 0.00167656 0.939062 0.28125 0.121875 0.475
1 0.00170898 0.304688 0.242188 0.209375 0.434375
1 0.00195122 0.0734375 0.589063 0.096875 0.609375
1 0.00209999 0.93125 0.339063 0.1375 0.590625
0 0.00242424 0.075 0.5875 0.1125 0.64375
0 0.00261688 0.428125 0.54375 0.2375 0.5375
2 0.00261879 0.695312 0.4375 0.234375 0.55
0 0.00326157 0.492188 0.65625 0.221875 0.3125
1 0.00424957 0.953125 0.0859375 0.09375 0.171875
0 0.00757217 0.95 0.0875 0.1 0.16875
0 0.0575867 0.696875 0.432813 0.23125 0.559375
1 0.871094 0.696875 0.429688 0.2375 0.565625
