1 0.00123787 0.310937 0.492188 0.159375 0.315625
0 0.00135517 0.30625 0.634375 0.2125 0.5875
0 0.0014677 0.0828125 0.584375 0.128125 0.64375
0 0.00198174 0.946875 0.0953125 0.10625 0.171875
2 0.0020504 0.3 0.634375 0.21875 0.58125
2 0.00222778 0.126563 0.0171875 0.203125 0.034375
1 0.00364113 0.28125 0.415625 0.18125 0.2125
1 0.00617981 0.479688 0.396875 0.196875 0.25
0 0.168945 0.56875 0.135937 0.1375 0.265625
1 0.599609 0.575 0.145313 0.15625 0.265625
1 0.889648 0.307813 0.6375 0.203125 0.5875
1 0.925293 0.49375 0.56875 0.20625 0.60625
