0 0.0010519 0.845312 0.340625 0.234375 0.60625
2 0.00113392 0.0609375 0.0703125 0.109375 0.140625
1 0.00117111 0.479688 0.48125 0.240625 0.49375
0 0.00117493 0.0421875 0.578125 0.078125 0.65
0 0.00125217 0.582812 0.160938 0.121875 0.240625
1 0.00129414 0.95 0.0953125 0.1 0.178125
0 0.00134754 0.0640625 0.0703125 0.115625 0.140625
0 0.00146961 0.479688 0.459375 0.178125 0.3875
0 0.0014782 0.946875 0.096875 0.10625 0.175
1 0.00154305 0.825 0.0203125 0.1625 0.040625
0 0.00163269 0.078125 0.0328125 0.13125 0.065625
2 0.00173569 0.485938 0.679688 0.221875 0.221875
1 0.00195503 0.075 0.579687 0.11875 0.640625
1 0.00211716 0.321875 0.128125 0.125 0.225
1 0.00216484 0.370313 0.114063 0.140625 0.215625
0 0.00220871 0.028125 0.075 0.05625 0.15
0 0.00297928 0.726562 0.26875 0.165625 0.5125
0 0.00300407 0.371875 0.117188 0.1375 0.215625
0 0.00305748 0.320312 0.132812 0.128125 0.234375
0 0.00325012 0.6875 0.60625 0.1875 0.40625
0 0.00426483 0.514063 0.553125 0.271875 0.51875
0 0.0242462 0.265625 0.228125 0.19375 0.4125
1 0.892578 0.273438 0.226562 0.196875 0.415625
