0 0.00103951 0.842188 0.346875 0.234375 0.56875
1 0.0011425 0.959375 0.114063 0.08125 0.228125
0 0.00136185 0.717188 0.265625 0.115625 0.525
2 0.00144672 0.31875 0.629687 0.225 0.584375
0 0.00175476 0.0765625 0.5875 0.121875 0.6125
1 0.00191116 0.296875 0.414062 0.175 0.221875
0 0.00226021 0.95 0.0984375 0.1 0.178125
2 0.00252724 0.121875 0.0171875 0.19375 0.034375
1 0.00335884 0.48125 0.407813 0.19375 0.278125
0 0.00356102 0.334375 0.628125 0.23125 0.55625
1 0.00542831 0.695312 0.1375 0.146875 0.275
0 0.00608444 0.714063 0.135937 0.146875 0.265625
0 0.157471 0.573438 0.139062 0.140625 0.253125
1 0.537598 0.571875 0.139062 0.14375 0.240625
1 0.929688 0.321875 0.628125 0.21875 0.56875
1 0.942383 0.49375 0.54375 0.20625 0.575
