0 0.00105 0.35625 0.485938 0.225 0.521875
0 0.00126171 0.95 0.1 0.1 0.175
0 0.00128937 0.559375 0.046875 0.16875 0.0875
1 0.00131607 0.557813 0.1625 0.103125 0.275
2 0.0013876 0.957812 0.117188 0.084375 0.234375
1 0.00142479 0.45 0.328125 0.34375 0.65625
0 0.00156307 0.0421875 0.3625 0.078125 0.675
1 0.00187778 0.726562 0.285937 0.215625 0.540625
0 0.00211334 0.0390625 0.578125 0.065625 0.6
1 0.00238037 0.071875 0.573438 0.10625 0.628125
1 0.00334549 0.670313 0.254687 0.178125 0.421875
0 0.00342751 0.096875 0.378125 0.14375 0.58125
0 0.00388527 0.720312 0.26875 0.165625 0.4875
1 0.00399399 0.109375 0.471875 0.2 0.6875
0 0.0123291 0.0734375 0.570312 0.115625 0.671875
0 0.013588 0.528125 0.0765625 0.15625 0.134375
1 0.0242157 0.532812 0.0765625 0.165625 0.153125
1 0.0282898 0.417188 0.403125 0.184375 0.55625
1 0.910156 0.475 0.289062 0.1875 0.515625
1 0.934082 0.354688 0.46875 0.221875 0.55
