1 0.00115585 0.240625 0.423438 0.175 0.171875
2 0.00125027 0.126563 0.0171875 0.209375 0.034375
0 0.00143623 0.948438 0.0953125 0.103125 0.171875
0 0.00289345 0.0734375 0.576563 0.134375 0.659375
1 0.00317001 0.467187 0.410937 0.178125 0.178125
2 0.0050621 0.473437 0.632812 0.203125 0.584375
2 0.0577698 0.240625 0.640625 0.2125 0.56875
0 0.160767 0.58125 0.15 0.15 0.275
1 0.708496 0.578125 0.15 0.15 0.2625
1 0.882812 0.240625 0.635938 0.2125 0.584375
1 0.92041 0.476562 0.625 0.203125 0.5875
