2 0.00104141 0.95625 0.115625 0.0875 0.23125
0 0.00144768 0.821875 0.334375 0.21875 0.54375
2 0.0018301 0.128125 0.0171875 0.20625 0.034375
0 0.00209808 0.0734375 0.589063 0.128125 0.646875
0 0.00283051 0.948438 0.0984375 0.103125 0.178125
1 0.00438309 0.257812 0.421875 0.178125 0.18125
2 0.00727844 0.4875 0.609375 0.21875 0.58125
1 0.0135803 0.473437 0.396875 0.184375 0.1875
0 0.183105 0.56875 0.139062 0.1375 0.271875
1 0.613281 0.575 0.15 0.15 0.25625
1 0.904785 0.489062 0.598437 0.209375 0.584375
1 0.9375 0.259375 0.635938 0.19375 0.578125
