1 0.00102043 0.20625 0.671875 0.20625 0.525
1 0.00103569 0.464063 0.46875 0.228125 0.5
2 0.00120354 0.490625 0.671875 0.2 0.23125
0 0.00121021 0.476562 0.457812 0.171875 0.396875
1 0.00130272 0.254687 0.198437 0.346875 0.396875
2 0.00131512 0.065625 0.0734375 0.1125 0.146875
0 0.00138283 0.110937 0.584375 0.165625 0.58125
2 0.00139046 0.9625 0.09375 0.075 0.1875
0 0.00142574 0.817187 0.340625 0.234375 0.56875
1 0.00163269 0.13125 0.578125 0.21875 0.69375
1 0.0016613 0.314063 0.084375 0.134375 0.15625
1 0.00182819 0.823438 0.271875 0.221875 0.5
0 0.00217056 0.0421875 0.578125 0.078125 0.6375
1 0.00244141 0.951563 0.0953125 0.090625 0.178125
1 0.00273132 0.303125 0.16875 0.1375 0.29375
0 0.00285339 0.95 0.09375 0.1 0.175
1 0.00356865 0.0703125 0.576563 0.103125 0.634375
2 0.00500107 0.221875 0.676562 0.14375 0.471875
0 0.0131302 0.251563 0.195312 0.178125 0.346875
1 0.885742 0.251563 0.196875 0.171875 0.34375
