1 0.00107002 0.826563 0.0203125 0.165625 0.040625
1 0.00109673 0.392188 0.13125 0.146875 0.23125
0 0.00130939 0.829687 0.345313 0.240625 0.584375
0 0.00155544 0.720312 0.273438 0.165625 0.546875
1 0.00196075 0.753125 0.290625 0.25625 0.55625
1 0.00203514 0.495313 0.2375 0.190625 0.425
2 0.0022316 0.96875 0.09375 0.0625 0.175
0 0.0023613 0.0421875 0.575 0.078125 0.675
0 0.00406265 0.95 0.09375 0.1 0.175
0 0.00451279 0.11875 0.540625 0.2125 0.7125
0 0.00801086 0.0734375 0.367188 0.140625 0.678125
0 0.0105438 0.339063 0.38125 0.234375 0.53125
0 0.0129929 0.4125 0.215625 0.1875 0.39375
1 0.760254 0.415625 0.234375 0.175 0.41875
1 0.883789 0.3375 0.375 0.2125 0.51875
