2 0.00105572 0.0875 0.0328125 0.1375 0.065625
1 0.00115776 0.582812 0.165625 0.121875 0.24375
1 0.00121498 0.535937 0.420312 0.159375 0.190625
0 0.00148201 0.134375 0.585938 0.21875 0.678125
0 0.00150967 0.0375 0.582812 0.0625 0.584375
1 0.00159073 0.842188 0.251563 0.184375 0.471875
1 0.00167942 0.820312 0.0203125 0.159375 0.040625
1 0.00222969 0.31875 0.0390625 0.19375 0.078125
1 0.003582 0.264062 0.142188 0.128125 0.221875
2 0.00408554 0.310937 0.059375 0.234375 0.1
0 0.00509262 0.271875 0.0921875 0.15625 0.140625
1 0.00549316 0.06875 0.585938 0.09375 0.603125
0 0.00754547 0.0703125 0.584375 0.109375 0.63125
1 0.00841522 0.267188 0.240625 0.171875 0.3875
2 0.0153732 0.545313 0.59375 0.190625 0.5125
0 0.0172729 0.946875 0.0984375 0.10625 0.184375
1 0.0811157 0.279687 0.0796875 0.178125 0.140625
1 0.895508 0.545313 0.59375 0.196875 0.525
