2 0.00115776 0.95625 0.115625 0.0875 0.23125
0 0.00127411 0.0765625 0.589063 0.128125 0.634375
0 0.00128746 0.823438 0.335938 0.215625 0.540625
2 0.00129032 0.284375 0.635938 0.18125 0.565625
2 0.00209236 0.128125 0.0171875 0.20625 0.034375
0 0.00234032 0.948438 0.096875 0.103125 0.175
1 0.00297737 0.260938 0.423438 0.178125 0.184375
2 0.0047226 0.490625 0.604688 0.21875 0.590625
1 0.0142288 0.476562 0.392188 0.190625 0.196875
0 0.172485 0.56875 0.139062 0.1375 0.271875
1 0.595215 0.573438 0.145313 0.159375 0.265625
1 0.881836 0.492188 0.595312 0.209375 0.603125
1 0.937012 0.265625 0.632812 0.19375 0.571875
