0 0.00122547 0.389062 0.285937 0.184375 0.446875
0 0.00128269 0.689062 0.06875 0.221875 0.125
0 0.00150108 0.915625 0.414062 0.15 0.609375
2 0.00164986 0.626562 0.220313 0.209375 0.421875
2 0.00214767 0.420312 0.109375 0.196875 0.20625
0 0.00234032 0.0671875 0.578125 0.109375 0.6625
0 0.00262642 0.515625 0.114063 0.175 0.228125
0 0.00284004 0.476562 0.770312 0.171875 0.334375
2 0.00285339 0.678125 0.925 0.20625 0.13125
0 0.00303841 0.548437 0.55 0.178125 0.44375
0 0.00376511 0.96875 0.2125 0.0625 0.425
2 0.00466537 0.479688 0.810938 0.203125 0.365625
0 0.00558472 0.801562 0.539062 0.171875 0.503125
0 0.0062027 0.48125 0.229687 0.175 0.384375
1 0.00642014 0.557813 0.389062 0.171875 0.546875
0 0.00765991 0.675 0.48125 0.1625 0.3375
0 0.00833893 0.63125 0.0328125 0.1875 0.065625
0 0.00926208 0.621875 0.478125 0.15625 0.425
1 0.00949097 0.320312 0.2625 0.146875 0.39375
0 0.00980377 0.33125 0.229687 0.1625 0.353125
0 0.0119095 0.940625 0.0734375 0.11875 0.146875
0 0.0122757 0.276563 0.439063 0.171875 0.496875
1 0.014595 0.773438 0.314063 0.203125 0.334375
2 0.0147018 0.714063 0.845312 0.209375 0.296875
0 0.0206909 0.629687 0.084375 0.184375 0.16875
1 0.0234833 0.359375 0.15 0.19375 0.25625
0 0.0368347 0.426562 0.115625 0.184375 0.2125
0 0.0427551 0.523438 0.33125 0.146875 0.50625
0 0.0519714 0.734375 0.426562 0.20625 0.265625
0 0.0610962 0.946875 0.290625 0.10625 0.58125
0 0.0723267 0.640625 0.639063 0.1625 0.634375
0 0.103516 0.3625 0.14375 0.1875 0.25
1 0.287354 0.446875 0.396875 0.1875 0.53125
0 0.722168 0.4375 0.3875 0.1875 0.51875
0 0.753906 0.778125 0.304688 0.16875 0.309375
0 0.784668 0.73125 0.639063 0.2625 0.646875
0 0.811035 0.6 0.310937 0.18125 0.553125
1 0.90332 0.276563 0.426562 0.178125 0.496875
