1 0.00106335 0.81875 0.021875 0.1875 0.04375
1 0.00142002 0.953125 0.114063 0.09375 0.228125
2 0.00145054 0.673437 0.857813 0.209375 0.128125
0 0.00201225 0.0765625 0.040625 0.153125 0.08125
0 0.00240135 0.853125 0.21875 0.28125 0.40625
0 0.00255775 0.0390625 0.575 0.065625 0.625
0 0.00281525 0.485938 0.695312 0.184375 0.415625
0 0.00284004 0.265625 0.38125 0.14375 0.5375
2 0.00293732 0.714063 0.629687 0.278125 0.565625
0 0.00366211 0.951563 0.634375 0.096875 0.58125
2 0.00371742 0.945312 0.909375 0.109375 0.15625
0 0.00393295 0.728125 0.484375 0.15 0.3125
0 0.00419617 0.78125 0.504687 0.15625 0.384375
1 0.00439453 0.420312 0.560938 0.159375 0.553125
2 0.00443268 0.704687 0.817187 0.240625 0.221875
0 0.00501251 0.304688 0.285937 0.178125 0.296875
0 0.0056076 0.639063 0.421875 0.165625 0.29375
1 0.00563431 0.945312 0.232812 0.109375 0.465625
0 0.00639725 0.826563 0.445312 0.140625 0.240625
0 0.00763321 0.071875 0.125 0.1375 0.2375
0 0.00982666 0.0703125 0.5625 0.121875 0.725
2 0.0105896 0.957812 0.78125 0.084375 0.4125
0 0.0112991 0.046875 0.365625 0.0875 0.73125
0 0.0133362 0.0359375 0.084375 0.071875 0.16875
2 0.0137558 0.890625 0.93125 0.20625 0.125
0 0.0161285 0.965625 0.479688 0.06875 0.315625
1 0.0161743 0.525 0.303125 0.2 0.3375
0 0.0168152 0.965625 0.1875 0.06875 0.375
0 0.0197906 0.934375 0.423438 0.13125 0.184375
0 0.0233154 0.864062 0.384375 0.159375 0.125
0 0.0233459 0.528125 0.239063 0.18125 0.221875
0 0.0265198 0.946875 0.0953125 0.10625 0.184375
0 0.0394592 0.407813 0.51875 0.153125 0.54375
0 0.0448914 0.935938 0.253125 0.128125 0.43125
2 0.046814 0.90625 0.682813 0.1875 0.628125
1 0.0538025 0.523438 0.614062 0.196875 0.596875
1 0.0654297 0.815625 0.609375 0.1625 0.59375
1 0.0662231 0.653125 0.628125 0.23125 0.61875
0 0.0717773 0.096875 0.3625 0.1625 0.6
1 0.0915527 0.3625 0.50625 0.2 0.5125
1 0.165161 0.896875 0.634375 0.2 0.60625
2 0.206055 0.921875 0.865625 0.15625 0.26875
0 0.404297 0.815625 0.576563 0.15625 0.571875
0 0.466797 0.53125 0.554688 0.23125 0.715625
0 0.600586 0.528125 0.359375 0.2 0.45
0 0.778809 0.682813 0.623438 0.240625 0.596875
0 0.838867 0.903125 0.657812 0.19375 0.640625
0 0.851562 0.335938 0.45625 0.228125 0.61875
