1 0.00102043 0.821875 0.0234375 0.16875 0.046875
2 0.0011673 0.478125 0.8 0.2375 0.4
0 0.0011673 0.478125 0.778125 0.19375 0.44375
2 0.00134277 0.125 0.0171875 0.19375 0.034375
0 0.00149822 0.946875 0.0984375 0.10625 0.196875
0 0.00152779 0.485938 0.615625 0.253125 0.45
1 0.00160503 0.121875 0.228125 0.20625 0.45625
0 0.00280952 0.201562 0.632812 0.228125 0.615625
1 0.00283813 0.960938 0.0953125 0.078125 0.178125
0 0.00322914 0.51875 0.465625 0.21875 0.4375
2 0.010025 0.196875 0.634375 0.225 0.60625
1 0.858398 0.203125 0.645312 0.2125 0.621875
