2 0.00102997 0.479688 0.926562 0.184375 0.084375
0 0.00129414 0.842188 0.335938 0.203125 0.521875
1 0.00136948 0.140625 0.58125 0.2 0.625
1 0.00148773 0.071875 0.584375 0.09375 0.5875
0 0.00191784 0.075 0.582812 0.10625 0.609375
2 0.00232887 0.959375 0.114063 0.08125 0.228125
0 0.0024147 0.142188 0.58125 0.228125 0.6875
2 0.00285339 0.126563 0.01875 0.190625 0.0375
0 0.00416565 0.953125 0.096875 0.09375 0.175
1 0.0362244 0.570312 0.664062 0.228125 0.546875
2 0.88916 0.570312 0.6625 0.228125 0.6125
