0 0.00116062 0.95 0.1 0.1 0.2
0 0.00124264 0.475 0.470313 0.18125 0.403125
0 0.00156403 0.521875 0.567187 0.20625 0.428125
2 0.00160599 0.9625 0.1 0.075 0.19375
1 0.00172138 0.046875 0.490625 0.08125 0.29375
1 0.00193405 0.090625 0.634375 0.11875 0.53125
2 0.00223541 0.046875 0.859375 0.0875 0.28125
0 0.00237274 0.735937 0.242188 0.153125 0.440625
2 0.00318527 0.05 0.495313 0.0875 0.290625
2 0.00326538 0.123438 0.01875 0.184375 0.0375
1 0.00338936 0.95 0.0953125 0.1 0.171875
2 0.0042305 0.0484375 0.94375 0.090625 0.10625
2 0.0845337 0.03125 0.903125 0.0625 0.18125
1 0.284912 0.0484375 0.64375 0.090625 0.525
2 0.632324 0.0515625 0.6875 0.103125 0.625
