0 0.00108528 0.9 0.453125 0.2 0.68125
0 0.00124645 0.145313 0.648438 0.215625 0.634375
1 0.00134182 0.548437 0.617188 0.115625 0.565625
2 0.0015564 0.128125 0.01875 0.20625 0.0375
0 0.00166798 0.0359375 0.58125 0.059375 0.59375
1 0.00230598 0.126563 0.454688 0.228125 0.740625
1 0.00331116 0.829687 0.35625 0.265625 0.68125
1 0.0057869 0.0734375 0.582812 0.109375 0.615625
0 0.0105591 0.075 0.579687 0.11875 0.646875
1 0.0115433 0.946875 0.0859375 0.10625 0.171875
0 0.014595 0.828125 0.351562 0.24375 0.628125
0 0.0156403 0.94375 0.0875 0.1125 0.16875
1 0.019165 0.48125 0.392188 0.2 0.196875
1 0.710449 0.4875 0.621875 0.2375 0.65
2 0.75 0.484375 0.63125 0.225 0.65625
