0 0.00110531 0.540625 0.5125 0.15625 0.4625
0 0.0012331 0.875 0.44375 0.1875 0.60625
1 0.0012331 0.676562 0.521875 0.178125 0.45
1 0.00124836 0.0765625 0.578125 0.109375 0.625
2 0.00142479 0.8125 0.960938 0.19375 0.078125
0 0.00145912 0.651563 0.165625 0.221875 0.21875
0 0.00151348 0.664062 0.328125 0.153125 0.38125
0 0.00243759 0.320312 0.534375 0.215625 0.475
0 0.00286102 0.114063 0.58125 0.178125 0.63125
0 0.00367546 0.620313 0.223438 0.184375 0.209375
0 0.00372887 0.654688 0.682813 0.278125 0.253125
0 0.0102539 0.653125 0.782812 0.39375 0.434375
0 0.0129471 0.940625 0.096875 0.11875 0.1875
0 0.0251007 0.71875 0.4625 0.125 0.48125
2 0.0256348 0.7625 0.815625 0.2375 0.36875
2 0.275879 0.490625 0.809375 0.175 0.36875
1 0.30957 0.614062 0.41875 0.234375 0.4875
1 0.486572 0.370313 0.171875 0.178125 0.3
0 0.599609 0.371875 0.16875 0.1625 0.31875
0 0.716797 0.615625 0.420312 0.21875 0.459375
2 0.91748 0.629687 0.789062 0.503125 0.421875
