1 0.00106812 0.578125 0.167187 0.13125 0.221875
1 0.00110817 0.651563 0.339063 0.278125 0.615625
1 0.00154781 0.573438 0.357812 0.203125 0.471875
0 0.00163269 0.071875 0.3625 0.13125 0.70625
0 0.00181675 0.573438 0.4625 0.203125 0.4
1 0.00198174 0.823438 0.021875 0.165625 0.04375
0 0.00215912 0.654688 0.332812 0.240625 0.553125
1 0.00218964 0.0765625 0.579687 0.121875 0.640625
0 0.0025177 0.040625 0.575 0.075 0.675
2 0.00308228 0.95625 0.1125 0.0875 0.225
0 0.00349808 0.5375 0.567187 0.2125 0.421875
1 0.00372314 0.779688 0.284375 0.278125 0.56875
1 0.00434113 0.117188 0.445312 0.203125 0.678125
0 0.0050621 0.579687 0.165625 0.128125 0.225
1 0.00533676 0.951563 0.096875 0.090625 0.18125
0 0.00570679 0.95 0.096875 0.1 0.18125
0 0.0108719 0.771875 0.315625 0.25625 0.61875
0 0.01194 0.117188 0.54375 0.221875 0.73125
1 0.964844 0.332812 0.365625 0.196875 0.58125
