0 0.00104046 0.476562 0.4625 0.171875 0.39375
2 0.0013895 0.957812 0.120312 0.084375 0.234375
1 0.00141621 0.951563 0.0984375 0.090625 0.178125
0 0.00144577 0.95 0.0984375 0.1 0.178125
0 0.00150585 0.528125 0.621875 0.1875 0.4125
1 0.00157356 0.832812 0.265625 0.209375 0.50625
2 0.00198555 0.128125 0.01875 0.18125 0.0375
1 0.0377502 0.03125 0.54375 0.05625 0.5375
1 0.0532227 0.09375 0.66875 0.15 0.625
2 0.145996 0.0671875 0.871875 0.134375 0.19375
2 0.243896 0.0484375 0.68125 0.096875 0.58125
1 0.470459 0.0484375 0.685938 0.096875 0.578125
