0 0.00102329 0.0796875 0.034375 0.140625 0.06875
0 0.00113106 0.028125 0.08125 0.05625 0.1625
0 0.00123596 0.715625 0.034375 0.20625 0.06875
2 0.00123787 0.764063 0.909375 0.146875 0.175
2 0.00124168 0.0625 0.0734375 0.1125 0.146875
0 0.00126171 0.751562 0.582812 0.190625 0.340625
0 0.00127602 0.065625 0.071875 0.11875 0.14375
0 0.00127792 0.754687 0.126563 0.165625 0.253125
1 0.00127888 0.210938 0.215625 0.096875 0.39375
1 0.00130749 0.0671875 0.58125 0.090625 0.60625
2 0.0013113 0.478125 0.83125 0.24375 0.3375
0 0.00158501 0.829687 0.473437 0.171875 0.146875
0 0.00174713 0.93125 0.273438 0.1375 0.509375
2 0.00210381 0.979688 0.75 0.040625 0.5
0 0.00220871 0.0703125 0.579687 0.103125 0.634375
0 0.00222015 0.715625 0.078125 0.20625 0.15625
2 0.00229645 0.96875 0.859375 0.0625 0.28125
0 0.00235176 0.917188 0.534375 0.146875 0.26875
2 0.00276184 0.867188 0.910937 0.171875 0.178125
1 0.0031395 0.695312 0.175 0.203125 0.33125
0 0.00362778 0.525 0.028125 0.1875 0.05625
0 0.00592041 0.646875 0.725 0.1125 0.55
1 0.00725174 0.529688 0.178125 0.190625 0.33125
0 0.0160828 0.971875 0.6875 0.05625 0.55
0 0.0207214 0.646875 0.4625 0.18125 0.2375
0 0.033905 0.885938 0.475 0.140625 0.1375
0 0.0404968 0.55 0.282813 0.1875 0.421875
0 0.0673218 0.94375 0.101562 0.1125 0.196875
0 0.0856323 0.729688 0.495313 0.215625 0.184375
0 0.0864258 0.698438 0.165625 0.190625 0.31875
0 0.226196 0.2625 0.228125 0.18125 0.425
0 0.446777 0.529688 0.157813 0.159375 0.290625
0 0.596191 0.717188 0.70625 0.246875 0.5875
0 0.686035 0.626562 0.2625 0.228125 0.4875
2 0.730957 0.896875 0.70625 0.19375 0.5875
0 0.738281 0.892187 0.704687 0.190625 0.553125
2 0.846191 0.71875 0.710938 0.2625 0.578125
1 0.868164 0.264062 0.234375 0.184375 0.41875
