2 0.00100231 0.892187 0.901563 0.134375 0.190625
2 0.00104618 0.121875 0.01875 0.18125 0.0375
0 0.00112534 0.317187 0.259375 0.209375 0.46875
0 0.00123882 0.91875 0.559375 0.1375 0.46875
2 0.00139809 0.528125 0.839063 0.225 0.309375
2 0.00235558 0.94375 0.701563 0.1125 0.340625
0 0.00281906 0.071875 0.590625 0.125 0.64375
2 0.0030117 0.746875 0.892187 0.175 0.215625
0 0.00443649 0.815625 0.2375 0.2625 0.4625
0 0.00519562 0.940625 0.698438 0.11875 0.346875
0 0.00598526 0.976562 0.698438 0.046875 0.315625
1 0.0062027 0.946875 0.1 0.10625 0.1875
1 0.00749207 0.270312 0.665625 0.209375 0.51875
0 0.00805664 0.464063 0.453125 0.209375 0.33125
0 0.011528 0.94375 0.1 0.1125 0.1875
0 0.0143738 0.767187 0.498437 0.178125 0.315625
1 0.0187225 0.7625 0.66875 0.2125 0.63125
2 0.0754395 0.853125 0.75625 0.19375 0.4875
2 0.112183 0.745313 0.670313 0.209375 0.603125
2 0.837402 0.914062 0.815625 0.159375 0.3625
0 0.884277 0.746875 0.675 0.20625 0.64375
2 0.944824 0.267188 0.70625 0.209375 0.5875
