0 0.00101376 0.142188 0.64375 0.171875 0.5625
0 0.00136089 0.0359375 0.582812 0.059375 0.609375
1 0.00158215 0.378125 0.514063 0.1625 0.284375
1 0.00159931 0.825 0.0203125 0.1625 0.040625
2 0.00240517 0.959375 0.10625 0.08125 0.20625
1 0.00293541 0.0703125 0.584375 0.103125 0.625
0 0.0046196 0.0734375 0.582812 0.115625 0.659375
1 0.00774765 0.55 0.409375 0.1875 0.2125
1 0.00910187 0.951563 0.103125 0.090625 0.1875
0 0.010788 0.95 0.103125 0.1 0.1875
1 0.720703 0.390625 0.646875 0.19375 0.55625
2 0.758301 0.4 0.653125 0.19375 0.56875
1 0.793945 0.559375 0.621875 0.21875 0.65
2 0.822266 0.557813 0.620313 0.215625 0.646875
