2 0.00116348 0.453125 0.90625 0.16875 0.1875
1 0.0011673 0.325 0.229687 0.2125 0.440625
0 0.00130939 0.0375 0.579687 0.0625 0.603125
0 0.00165653 0.757812 0.31875 0.234375 0.6125
2 0.00166607 0.3875 0.714063 0.15625 0.571875
2 0.00201225 0.240625 0.921875 0.1 0.1375
1 0.00243568 0.825 0.021875 0.1625 0.04375
0 0.00255775 0.842188 0.348437 0.234375 0.609375
2 0.00256729 0.310937 0.90625 0.115625 0.16875
2 0.00268936 0.959375 0.109375 0.08125 0.21875
1 0.00302124 0.290625 0.503125 0.175 0.24375
1 0.00328827 0.0703125 0.582812 0.103125 0.615625
2 0.00338936 0.13125 0.01875 0.20625 0.0375
2 0.00551987 0.284375 0.860937 0.125 0.265625
1 0.00567245 0.454688 0.421875 0.190625 0.19375
1 0.00615311 0.117188 0.325 0.209375 0.65
0 0.00791168 0.071875 0.58125 0.1125 0.65
1 0.0125427 0.95 0.0921875 0.09375 0.178125
0 0.0132523 0.948438 0.0921875 0.103125 0.178125
1 0.521484 0.289062 0.65 0.196875 0.55
1 0.698242 0.45625 0.639063 0.225 0.621875
2 0.861328 0.454688 0.659375 0.221875 0.68125
2 0.870605 0.285937 0.69375 0.196875 0.6125
