0 0.00173855 0.839063 0.346875 0.240625 0.59375
0 0.00197792 0.034375 0.5875 0.0625 0.59375
1 0.00205994 0.828125 0.021875 0.15625 0.04375
1 0.00289726 0.953125 0.0984375 0.0875 0.178125
0 0.0034256 0.951563 0.0984375 0.096875 0.178125
2 0.00396347 0.9625 0.0984375 0.075 0.178125
0 0.00408554 0.3875 0.664062 0.225 0.540625
2 0.00510406 0.129688 0.01875 0.203125 0.0375
1 0.00558472 0.0734375 0.5875 0.115625 0.6125
2 0.00760651 0.38125 0.642187 0.20625 0.578125
0 0.0121002 0.075 0.584375 0.125 0.6375
1 0.021698 0.371875 0.490625 0.15 0.24375
1 0.865723 0.376563 0.640625 0.196875 0.55625
