2 0.00105286 0.957812 0.1125 0.084375 0.225
0 0.00119209 0.726562 0.271875 0.165625 0.49375
1 0.00142193 0.684375 0.142188 0.16875 0.271875
1 0.00171661 0.75625 0.298438 0.275 0.546875
0 0.00190067 0.526563 0.573438 0.203125 0.421875
0 0.00190163 0.579687 0.146875 0.121875 0.24375
1 0.00214958 0.95 0.096875 0.1 0.175
0 0.00234985 0.945312 0.096875 0.109375 0.175
2 0.00263977 0.0515625 0.915625 0.096875 0.15
1 0.00290108 0.0640625 0.317187 0.128125 0.596875
2 0.00295639 0.132812 0.01875 0.203125 0.0375
0 0.00319099 0.053125 0.370313 0.1 0.571875
2 0.00360107 0.025 0.8 0.05 0.375
0 0.00526428 0.685938 0.145313 0.178125 0.284375
0 0.0056839 0.81875 0.334375 0.25 0.56875
0 0.00767899 0.0375 0.545313 0.06875 0.484375
1 0.0136414 0.046875 0.4375 0.075 0.5375
2 0.0191193 0.0234375 0.901563 0.046875 0.178125
1 0.135498 0.046875 0.648438 0.0875 0.578125
2 0.535645 0.0390625 0.671875 0.078125 0.65
2 0.947266 0.254687 0.715625 0.228125 0.56875
