0 0.00104332 0.0875 0.484375 0.15625 0.24375
2 0.0011301 0.3 0.875 0.175 0.175
0 0.00118637 0.771875 0.273438 0.24375 0.521875
1 0.00147152 0.809375 0.275 0.225 0.51875
2 0.00152206 0.129688 0.0171875 0.209375 0.034375
1 0.00161266 0.948438 0.0984375 0.096875 0.178125
0 0.00178051 0.946875 0.0984375 0.10625 0.178125
1 0.00197792 0.2375 0.504687 0.18125 0.296875
2 0.00257111 0.040625 0.857813 0.08125 0.221875
1 0.00276756 0.109375 0.482812 0.15625 0.221875
0 0.00278473 0.479688 0.470313 0.196875 0.396875
2 0.00378418 0.0875 0.81875 0.175 0.29375
0 0.00668716 0.053125 0.6625 0.09375 0.65
1 0.0105286 0.110937 0.226562 0.203125 0.453125
2 0.0286407 0.232812 0.848437 0.265625 0.259375
1 0.774414 0.096875 0.659375 0.1875 0.59375
1 0.859863 0.232812 0.671875 0.240625 0.60625
