0 0.00104332 0.034375 0.576563 0.0625 0.609375
1 0.00105286 0.407813 0.35 0.234375 0.45
0 0.00107384 0.751562 0.329688 0.296875 0.659375
2 0.00108147 0.484375 0.673437 0.19375 0.253125
2 0.00113297 0.0703125 0.0703125 0.121875 0.140625
1 0.00122547 0.748438 0.275 0.284375 0.55
0 0.00128174 0.273438 0.215625 0.190625 0.4125
1 0.00138187 0.121875 0.565625 0.2 0.6375
1 0.00141144 0.220313 0.7125 0.178125 0.375
0 0.00158787 0.726562 0.2375 0.178125 0.4625
2 0.0016737 0.957812 0.115625 0.084375 0.23125
1 0.0017395 0.823438 0.021875 0.159375 0.04375
0 0.00197601 0.125 0.571875 0.225 0.70625
1 0.00222969 0.209375 0.225 0.10625 0.39375
2 0.00230408 0.221875 0.710938 0.18125 0.378125
1 0.00292397 0.0640625 0.578125 0.096875 0.61875
1 0.00309753 0.948438 0.0984375 0.096875 0.184375
0 0.00365639 0.0671875 0.576563 0.109375 0.659375
0 0.00380325 0.946875 0.0984375 0.10625 0.184375
1 0.00398636 0.410937 0.15 0.115625 0.2625
1 0.00410461 0.275 0.084375 0.14375 0.15
0 0.00860596 0.526563 0.614062 0.196875 0.384375
1 0.13623 0.3875 0.220313 0.125 0.278125
1 0.918945 0.270312 0.226562 0.203125 0.421875
