0 0.00118732 0.482812 0.46875 0.184375 0.40625
0 0.00137806 0.0828125 0.534375 0.140625 0.3
1 0.00178337 0.826563 0.021875 0.165625 0.04375
0 0.00200081 0.729688 0.278125 0.146875 0.45625
2 0.00202751 0.126563 0.01875 0.190625 0.0375
2 0.00252533 0.959375 0.0984375 0.08125 0.190625
0 0.00312996 0.521875 0.565625 0.20625 0.40625
2 0.00348854 0.084375 0.8625 0.16875 0.19375
1 0.00390244 0.0875 0.509375 0.1625 0.275
0 0.00401306 0.946875 0.1 0.10625 0.2
2 0.00764084 0.05 0.654688 0.09375 0.540625
1 0.00803375 0.95 0.0953125 0.09375 0.184375
0 0.0089798 0.1375 0.678125 0.2375 0.53125
1 0.0119324 0.114063 0.257812 0.203125 0.515625
1 0.0146103 0.0484375 0.657812 0.090625 0.534375
2 0.194824 0.123438 0.678125 0.221875 0.5625
1 0.756836 0.123438 0.676562 0.221875 0.546875
