1 0.00131607 0.034375 0.390625 0.0625 0.48125
0 0.00146294 0.946875 0.101562 0.10625 0.203125
0 0.00147152 0.73125 0.265625 0.175 0.53125
0 0.00159454 0.525 0.521875 0.20625 0.45
0 0.00209045 0.678125 0.459375 0.2 0.43125
2 0.00256348 0.125 0.882812 0.2 0.203125
2 0.00288773 0.128125 0.0171875 0.2 0.034375
1 0.0029583 0.06875 0.298438 0.1375 0.559375
1 0.00426483 0.948438 0.096875 0.096875 0.18125
0 0.00765228 0.0890625 0.676562 0.171875 0.546875
2 0.0154266 0.078125 0.820312 0.15625 0.284375
2 0.0158386 0.05 0.546875 0.09375 0.48125
1 0.0335999 0.0390625 0.55 0.078125 0.5125
2 0.227905 0.0703125 0.670313 0.134375 0.553125
1 0.681641 0.075 0.659375 0.15 0.575
