2 0.00113583 0.123438 0.0171875 0.196875 0.034375
1 0.00117683 0.839063 0.26875 0.221875 0.50625
1 0.00121498 0.739062 0.275 0.271875 0.55
1 0.00123501 0.83125 0.021875 0.1625 0.04375
1 0.00126839 0.434375 0.492188 0.26875 0.521875
1 0.00145054 0.117188 0.585938 0.178125 0.603125
0 0.00147152 0.5625 0.578125 0.1875 0.44375
0 0.00148582 0.720312 0.24375 0.159375 0.45
0 0.00151062 0.478125 0.479688 0.1625 0.353125
1 0.00152969 0.5875 0.165625 0.1125 0.2375
1 0.00175953 0.0390625 0.584375 0.065625 0.575
2 0.00218964 0.960938 0.115625 0.078125 0.23125
2 0.00284767 0.485938 0.6625 0.196875 0.26875
0 0.0029335 0.04375 0.58125 0.08125 0.61875
1 0.00299263 0.484375 0.620313 0.23125 0.378125
1 0.00320435 0.95 0.1 0.1 0.1875
0 0.0033474 0.946875 0.0984375 0.10625 0.184375
0 0.00421906 0.589063 0.165625 0.115625 0.24375
1 0.00593567 0.0671875 0.5875 0.084375 0.5875
0 0.00696945 0.485938 0.61875 0.228125 0.4
0 0.019577 0.373437 0.159375 0.159375 0.26875
1 0.778809 0.36875 0.1625 0.1625 0.26875
