0 0.00125408 0.521875 0.720312 0.1625 0.384375
1 0.00139713 0.0734375 0.582812 0.109375 0.621875
1 0.00167179 0.826563 0.0234375 0.159375 0.046875
2 0.00191593 0.125 0.01875 0.2 0.0375
0 0.00194073 0.573438 0.567187 0.209375 0.459375
0 0.00204849 0.114063 0.271875 0.203125 0.54375
2 0.00211716 0.9625 0.1 0.075 0.2
1 0.00261497 0.271875 0.425 0.19375 0.20625
1 0.00271606 0.951563 0.0984375 0.090625 0.184375
0 0.00393677 0.948438 0.0984375 0.103125 0.184375
0 0.00403976 0.0765625 0.582812 0.121875 0.659375
1 0.00614929 0.101562 0.332812 0.159375 0.534375
2 0.0209045 0.292188 0.635938 0.221875 0.584375
1 0.884766 0.2875 0.626562 0.225 0.584375
