1 0.00119305 0.545313 0.198437 0.159375 0.190625
0 0.00120544 0.653125 0.379687 0.13125 0.409375
0 0.00128269 0.0375 0.573438 0.0625 0.596875
2 0.00141907 0.960938 0.0984375 0.078125 0.190625
0 0.00163269 0.742188 0.38125 0.178125 0.475
2 0.00197792 0.121875 0.01875 0.2 0.0375
1 0.00210762 0.0734375 0.570312 0.115625 0.621875
1 0.00238419 0.657812 0.410937 0.134375 0.453125
1 0.0032177 0.114063 0.473437 0.209375 0.715625
1 0.00426865 0.83125 0.348437 0.25625 0.653125
1 0.0056572 0.75 0.410937 0.2125 0.528125
0 0.00656128 0.075 0.567187 0.125 0.659375
0 0.00772476 0.392188 0.0921875 0.165625 0.159375
0 0.0096283 0.948438 0.0953125 0.103125 0.178125
0 0.0138092 0.83125 0.34375 0.2375 0.59375
1 0.0197906 0.570312 0.28125 0.134375 0.2625
1 0.067627 0.3875 0.114063 0.1625 0.196875
1 0.085022 0.609375 0.38125 0.10625 0.3875
1 0.92627 0.539062 0.44375 0.184375 0.5125
1 0.953613 0.378125 0.440625 0.20625 0.53125
