2 0.0010519 0.448438 0.259375 0.221875 0.45625
1 0.0012722 0.567187 0.164062 0.109375 0.259375
0 0.00130844 0.473437 0.815625 0.171875 0.36875
0 0.00130844 0.55 0.625 0.18125 0.39375
1 0.00131512 0.13125 0.634375 0.20625 0.60625
1 0.00213432 0.11875 0.359375 0.2 0.6625
2 0.00260925 0.473437 0.814062 0.153125 0.340625
0 0.00271988 0.128125 0.464063 0.23125 0.771875
0 0.0030899 0.0390625 0.5875 0.071875 0.60625
1 0.00359344 0.482812 0.595312 0.259375 0.446875
0 0.00359917 0.69375 0.614062 0.1875 0.409375
1 0.00418854 0.823438 0.021875 0.171875 0.04375
2 0.00425339 0.9625 0.10625 0.075 0.20625
1 0.00502777 0.753125 0.26875 0.28125 0.5125
0 0.00605011 0.751562 0.267188 0.265625 0.496875
0 0.00778198 0.948438 0.104687 0.103125 0.209375
1 0.0124817 0.071875 0.585938 0.10625 0.628125
0 0.0169678 0.071875 0.584375 0.11875 0.66875
1 0.0175323 0.951563 0.1 0.096875 0.19375
1 0.0183563 0.485938 0.676562 0.184375 0.234375
0 0.0271301 0.4875 0.678125 0.1875 0.24375
2 0.0453796 0.503125 0.657812 0.21875 0.340625
1 0.929199 0.45 0.265625 0.225 0.48125
