0 0.00101185 0.507812 0.653125 0.259375 0.34375
0 0.00110149 0.58125 0.196875 0.09375 0.2625
0 0.0012064 0.767187 0.235938 0.178125 0.421875
2 0.00139809 0.465625 0.735937 0.26875 0.409375
0 0.00162315 0.725 0.559375 0.20625 0.45
2 0.00237465 0.745313 0.298438 0.453125 0.596875
1 0.00243568 0.745313 0.3125 0.321875 0.625
2 0.00284386 0.9625 0.0984375 0.075 0.190625
1 0.00303459 0.951563 0.09375 0.096875 0.175
0 0.00387764 0.95 0.09375 0.1 0.175
0 0.00437164 0.0390625 0.58125 0.065625 0.6125
0 0.00481415 0.74375 0.309375 0.2875 0.58125
1 0.00722504 0.071875 0.578125 0.1125 0.6375
0 0.0143509 0.121875 0.451562 0.23125 0.759375
0 0.0218964 0.071875 0.573438 0.11875 0.684375
0 0.0731201 0.407813 0.357812 0.228125 0.503125
1 0.855957 0.407813 0.35 0.234375 0.5125
