2 0.00101852 0.126563 0.01875 0.184375 0.0375
0 0.00106907 0.378125 0.485938 0.1875 0.234375
1 0.00112534 0.828125 0.0234375 0.16875 0.046875
1 0.00114632 0.635938 0.0703125 0.159375 0.140625
2 0.0012579 0.134375 0.926562 0.18125 0.121875
1 0.0012722 0.69375 0.254687 0.18125 0.496875
0 0.00143623 0.0796875 0.664062 0.140625 0.559375
1 0.001441 0.85 0.275 0.1875 0.4875
2 0.00161934 0.326562 0.85625 0.165625 0.2875
2 0.00165081 0.209375 0.49375 0.2 0.2125
0 0.00200081 0.140625 0.635938 0.1625 0.584375
0 0.00206947 0.6375 0.245312 0.1625 0.459375
2 0.00393677 0.25 0.898438 0.21875 0.196875
1 0.00603104 0.210938 0.495313 0.203125 0.221875
2 0.00747681 0.170312 0.865625 0.165625 0.25625
2 0.0321655 0.090625 0.828125 0.18125 0.3375
1 0.0428162 0.357812 0.498437 0.196875 0.221875
1 0.27124 0.190625 0.648438 0.23125 0.578125
1 0.461914 0.359375 0.69375 0.20625 0.59375
2 0.702148 0.198437 0.684375 0.240625 0.60625
2 0.757324 0.35625 0.696875 0.20625 0.6
1 0.902832 0.628125 0.248437 0.16875 0.459375
