0 0.00104618 0.185937 0.629687 0.178125 0.409375
1 0.00118637 0.826563 0.021875 0.171875 0.04375
0 0.0012846 0.478125 0.479688 0.18125 0.328125
1 0.00249672 0.170312 0.58125 0.171875 0.31875
2 0.00252533 0.120312 0.626562 0.184375 0.265625
2 0.00283813 0.0765625 0.692187 0.153125 0.403125
0 0.0355835 0.246875 0.679688 0.18125 0.528125
2 0.0514526 0.03125 0.776563 0.0625 0.446875
0 0.0914917 0.392188 0.164062 0.140625 0.271875
0 0.136475 0.240625 0.175 0.14375 0.2875
2 0.230225 0.240625 0.68125 0.18125 0.54375
1 0.476318 0.240625 0.679688 0.1875 0.546875
1 0.760742 0.392188 0.167187 0.134375 0.271875
1 0.776855 0.239063 0.175 0.153125 0.2875
2 0.78418 0.154687 0.742188 0.303125 0.509375
