1 0.00126266 0.0609375 0.48125 0.115625 0.3
0 0.00126839 0.0390625 0.44375 0.071875 0.2375
2 0.00137234 0.120312 0.01875 0.184375 0.0375
1 0.00157452 0.48125 0.575 0.2125 0.425
0 0.00165653 0.432813 0.464063 0.196875 0.396875
2 0.00255775 0.957812 0.110937 0.084375 0.221875
0 0.00429916 0.948438 0.104687 0.103125 0.209375
0 0.0056572 0.0625 0.485938 0.11875 0.290625
0 0.00660706 0.482812 0.575 0.215625 0.44375
1 0.0111771 0.95 0.1 0.09375 0.19375
2 0.161743 0.0765625 0.640625 0.146875 0.55625
0 0.232422 0.075 0.635938 0.14375 0.559375
1 0.694336 0.08125 0.632812 0.1625 0.559375
