0 0.00110722 0.684375 0.570312 0.20625 0.509375
1 0.00126553 0.83125 0.28125 0.2 0.50625
1 0.00129509 0.110937 0.3625 0.196875 0.61875
0 0.00159931 0.0359375 0.579687 0.059375 0.615625
0 0.00169086 0.826563 0.33125 0.209375 0.53125
2 0.00184822 0.479688 0.770312 0.228125 0.421875
2 0.00190258 0.475 0.825 0.11875 0.3125
0 0.00219917 0.579687 0.567187 0.234375 0.484375
1 0.00231552 0.06875 0.575 0.10625 0.64375
0 0.0027771 0.525 0.660937 0.1875 0.296875
0 0.00329971 0.117188 0.44375 0.215625 0.70625
0 0.00679016 0.071875 0.571875 0.11875 0.7
1 0.0136108 0.404687 0.167187 0.121875 0.215625
1 0.941406 0.354688 0.3375 0.196875 0.5125
