1 0.00158596 0.264062 0.628125 0.196875 0.51875
0 0.00159645 0.321875 0.515625 0.20625 0.50625
0 0.00165558 0.5875 0.154687 0.13125 0.253125
1 0.00205421 0.825 0.021875 0.1625 0.04375
2 0.00281525 0.959375 0.101562 0.08125 0.196875
2 0.00292969 0.121875 0.01875 0.19375 0.0375
0 0.00305367 0.0375 0.58125 0.0625 0.59375
0 0.00322533 0.948438 0.101562 0.103125 0.203125
0 0.00373459 0.764063 0.304688 0.253125 0.596875
0 0.00498581 0.145313 0.553125 0.234375 0.74375
1 0.00804901 0.9625 0.1 0.075 0.1875
1 0.00865936 0.06875 0.58125 0.10625 0.61875
0 0.0109024 0.248437 0.553125 0.253125 0.69375
0 0.0223083 0.0703125 0.576563 0.115625 0.646875
1 0.131348 0.546875 0.68125 0.23125 0.53125
2 0.779297 0.554688 0.682813 0.246875 0.559375
