0 0.0012579 0.754687 0.3125 0.234375 0.59375
1 0.0013237 0.228125 0.579687 0.2375 0.559375
0 0.00155926 0.5875 0.164062 0.13125 0.253125
2 0.00156689 0.126563 0.01875 0.196875 0.0375
0 0.0015955 0.0359375 0.584375 0.059375 0.60625
0 0.0016613 0.84375 0.342187 0.23125 0.596875
1 0.00180244 0.825 0.0203125 0.1625 0.040625
1 0.00188255 0.953125 0.101562 0.09375 0.184375
2 0.00211525 0.957812 0.114063 0.084375 0.228125
0 0.00286674 0.95 0.101562 0.1 0.184375
1 0.00298691 0.0765625 0.584375 0.121875 0.63125
0 0.00738144 0.140625 0.565625 0.20625 0.63125
0 0.0124512 0.078125 0.579687 0.13125 0.678125
2 0.0317383 0.43125 0.60625 0.24375 0.55
1 0.885254 0.434375 0.6125 0.25 0.55
