2 0.00134563 0.609375 0.792188 0.23125 0.415625
1 0.00139523 0.83125 0.021875 0.16875 0.04375
2 0.00163651 0.567187 0.953125 0.296875 0.08125
2 0.00181961 0.275 0.757812 0.1625 0.484375
1 0.00247955 0.442187 0.196875 0.359375 0.39375
0 0.00260735 0.828125 0.346875 0.25 0.58125
2 0.00269508 0.66875 0.83125 0.15 0.33125
0 0.00286674 0.498437 0.789062 0.278125 0.403125
2 0.00310516 0.034375 0.729688 0.05 0.515625
2 0.00388336 0.164062 0.529688 0.234375 0.234375
2 0.00508881 0.0765625 0.642187 0.103125 0.528125
2 0.00599289 0.701563 0.93125 0.153125 0.1375
2 0.00659943 0.328125 0.857813 0.125 0.278125
0 0.00697327 0.117188 0.25625 0.215625 0.5125
1 0.00817871 0.953125 0.103125 0.09375 0.19375
2 0.00934601 0.359375 0.796875 0.1375 0.3625
2 0.00969696 0.957812 0.114063 0.084375 0.221875
1 0.01017 0.159375 0.514063 0.2375 0.203125
0 0.0122452 0.95 0.103125 0.1 0.19375
2 0.0347595 0.621875 0.910937 0.21875 0.171875
0 0.0536804 0.4125 0.176563 0.19375 0.309375
1 0.769531 0.41875 0.182812 0.2 0.321875
2 0.885742 0.46875 0.796875 0.3375 0.40625
2 0.925781 0.173438 0.704687 0.290625 0.578125
