0 0.00103855 0.85 0.35625 0.2375 0.6125
1 0.00105 0.5625 0.214062 0.1625 0.309375
2 0.00127506 0.126563 0.01875 0.209375 0.0375
2 0.00180149 0.964063 0.0984375 0.071875 0.196875
0 0.00214005 0.585938 0.164062 0.121875 0.246875
1 0.00244713 0.703125 0.254687 0.25625 0.484375
0 0.00298691 0.946875 0.096875 0.10625 0.18125
1 0.0033226 0.828125 0.0234375 0.16875 0.046875
0 0.00376892 0.728125 0.23125 0.18125 0.4625
0 0.00518036 0.075 0.584375 0.1125 0.60625
1 0.00559235 0.0734375 0.5875 0.103125 0.5875
0 0.0141068 0.526563 0.575 0.196875 0.45
0 0.0164185 0.36875 0.209375 0.19375 0.40625
1 0.901855 0.365625 0.214062 0.19375 0.403125
