0 0.00106525 0.04375 0.58125 0.075 0.6375
2 0.00136185 0.0671875 0.0625 0.115625 0.125
2 0.00147724 0.485938 0.684375 0.190625 0.20625
2 0.00153732 0.0828125 0.0328125 0.134375 0.065625
2 0.00166225 0.23125 0.025 0.19375 0.05
0 0.00174236 0.520312 0.664062 0.165625 0.278125
1 0.00201988 0.071875 0.582812 0.10625 0.640625
0 0.00305939 0.714063 0.278125 0.121875 0.4375
0 0.0151978 0.304688 0.242188 0.196875 0.434375
1 0.0397949 0.559375 0.134375 0.11875 0.24375
0 0.0537415 0.560938 0.135937 0.121875 0.240625
1 0.896484 0.307813 0.253125 0.196875 0.45
