0 0.00131035 0.0359375 0.579687 0.059375 0.590625
0 0.00139236 0.7 0.404687 0.1875 0.240625
0 0.00150013 0.684375 0.229687 0.19375 0.353125
2 0.00173283 0.68125 0.864062 0.225 0.165625
1 0.00196266 0.726562 0.234375 0.246875 0.46875
1 0.00282478 0.126563 0.567187 0.209375 0.703125
2 0.00325584 0.967188 0.101562 0.065625 0.190625
1 0.00333595 0.953125 0.1 0.09375 0.1875
1 0.00338936 0.426562 0.567187 0.215625 0.471875
0 0.00405502 0.695312 0.642187 0.228125 0.615625
1 0.00445557 0.071875 0.582812 0.09375 0.621875
0 0.00452042 0.95 0.0984375 0.1 0.184375
1 0.00488663 0.673437 0.414062 0.196875 0.209375
0 0.0053215 0.071875 0.579687 0.10625 0.659375
0 0.0101089 0.426562 0.56875 0.221875 0.49375
2 0.0135727 0.692187 0.639063 0.228125 0.609375
1 0.812988 0.689062 0.626562 0.228125 0.621875
