0 0.00105858 0.0703125 0.125 0.134375 0.23125
1 0.00111294 0.129688 0.473437 0.228125 0.721875
0 0.00112915 0.034375 0.575 0.05625 0.60625
0 0.00183296 0.68125 0.175 0.1375 0.2125
1 0.00193405 0.0671875 0.575 0.103125 0.63125
1 0.00218773 0.867188 0.335938 0.178125 0.503125
0 0.00253868 0.96875 0.221875 0.0625 0.40625
1 0.00312614 0.7125 0.120312 0.15 0.209375
0 0.00352859 0.695312 0.078125 0.171875 0.13125
1 0.0043869 0.684375 0.16875 0.13125 0.20625
0 0.00445938 0.239063 0.19375 0.165625 0.375
0 0.00469589 0.0734375 0.0390625 0.134375 0.078125
0 0.00548172 0.0703125 0.571875 0.115625 0.675
0 0.00674057 0.934375 0.301562 0.13125 0.509375
0 0.0108414 0.0328125 0.08125 0.065625 0.1625
1 0.0134506 0.928125 0.33125 0.14375 0.5375
0 0.0180511 0.95 0.0875 0.1 0.175
0 0.0682983 0.715625 0.35 0.18125 0.48125
0 0.138672 0.559375 0.346875 0.1875 0.53125
1 0.838379 0.234375 0.195312 0.1625 0.365625
1 0.856445 0.715625 0.348437 0.18125 0.471875
1 0.915039 0.557813 0.34375 0.190625 0.54375
