1 0.00114632 0.371875 0.4125 0.2 0.18125
1 0.00149727 0.828125 0.0234375 0.15625 0.046875
0 0.00184727 0.0390625 0.364062 0.078125 0.684375
1 0.00191593 0.117188 0.354688 0.184375 0.640625
0 0.00219727 0.0375 0.575 0.0625 0.6125
1 0.00248528 0.071875 0.571875 0.10625 0.6375
0 0.00276375 0.034375 0.0578125 0.06875 0.115625
0 0.00309181 0.075 0.0359375 0.1375 0.071875
0 0.00315094 0.114063 0.351562 0.165625 0.590625
0 0.00611115 0.0734375 0.56875 0.115625 0.6875
0 0.00623322 0.0625 0.075 0.11875 0.15
1 0.00656891 0.951563 0.09375 0.096875 0.18125
0 0.00969696 0.948438 0.09375 0.103125 0.18125
2 0.0466309 0.389062 0.626562 0.253125 0.584375
0 0.166016 0.23125 0.140625 0.15 0.25625
0 0.248901 0.664062 0.398438 0.190625 0.534375
1 0.608398 0.229687 0.146875 0.153125 0.24375
1 0.837402 0.664062 0.396875 0.203125 0.54375
1 0.886719 0.39375 0.623438 0.2375 0.571875
