1 0.00138664 0.501562 0.1625 0.128125 0.275
2 0.00158978 0.128125 0.0171875 0.20625 0.034375
2 0.00166988 0.0359375 0.54375 0.071875 0.2375
1 0.00169182 0.0359375 0.5375 0.065625 0.2375
1 0.00205803 0.825 0.021875 0.15625 0.04375
1 0.0021553 0.0765625 0.298438 0.153125 0.546875
0 0.00229454 0.053125 0.690625 0.10625 0.49375
2 0.00244522 0.109375 0.854688 0.15 0.278125
0 0.00259399 0.520312 0.575 0.209375 0.43125
0 0.00319099 0.953125 0.103125 0.09375 0.1875
1 0.00332642 0.94375 0.10625 0.1125 0.18125
2 0.00403214 0.970312 0.104687 0.059375 0.196875
2 0.00424194 0.040625 0.846875 0.08125 0.30625
1 0.00454712 0.74375 0.279687 0.26875 0.559375
1 0.00708008 0.0625 0.542188 0.1125 0.278125
0 0.0180511 0.425 0.164062 0.18125 0.290625
2 0.0293427 0.06875 0.601562 0.13125 0.359375
1 0.0783081 0.0703125 0.651563 0.140625 0.440625
1 0.772949 0.425 0.165625 0.1875 0.29375
2 0.878906 0.0875 0.723437 0.175 0.553125
