2 0.00103188 0.229687 0.025 0.190625 0.05
0 0.00107098 0.121875 0.473437 0.225 0.709375
2 0.00134468 0.9625 0.103125 0.075 0.2
0 0.00148869 0.86875 0.560938 0.1875 0.578125
1 0.00194931 0.639063 0.514063 0.209375 0.215625
0 0.00234032 0.0359375 0.579687 0.065625 0.590625
2 0.00248528 0.123438 0.0234375 0.196875 0.046875
0 0.00385857 0.851562 0.335938 0.228125 0.546875
1 0.00388336 0.0671875 0.579687 0.103125 0.615625
0 0.00528717 0.948438 0.0984375 0.103125 0.184375
0 0.00798035 0.06875 0.576563 0.1125 0.640625
1 0.942383 0.404687 0.434375 0.196875 0.50625
2 0.951172 0.628125 0.7125 0.25625 0.5625
