1 0.00104046 0.484375 0.660937 0.24375 0.365625
1 0.00104809 0.823438 0.021875 0.165625 0.04375
0 0.0011673 0.220313 0.428125 0.196875 0.475
0 0.00143623 0.110937 0.382812 0.178125 0.565625
2 0.00152397 0.121875 0.01875 0.2 0.0375
0 0.00173283 0.4875 0.659375 0.2 0.3375
0 0.00178623 0.682813 0.26875 0.165625 0.44375
2 0.00297546 0.476562 0.7375 0.234375 0.425
0 0.00312042 0.0375 0.578125 0.0625 0.59375
1 0.00334549 0.951563 0.096875 0.090625 0.18125
2 0.00387001 0.95625 0.117188 0.0875 0.228125
1 0.00394058 0.778125 0.321875 0.2875 0.63125
0 0.00450516 0.95 0.0953125 0.1 0.178125
1 0.00526428 0.210938 0.453125 0.240625 0.6125
1 0.00939178 0.0734375 0.576563 0.115625 0.615625
0 0.0100708 0.778125 0.317187 0.25625 0.596875
0 0.0211487 0.075 0.573438 0.125 0.646875
0 0.0268402 0.148438 0.54375 0.246875 0.75
1 0.915039 0.464063 0.348437 0.215625 0.521875
