2 0.00121975 0.125 0.0203125 0.19375 0.040625
0 0.00148201 0.0359375 0.58125 0.059375 0.6125
0 0.00165844 0.667188 0.31875 0.228125 0.5125
1 0.00180054 0.103125 0.339063 0.19375 0.665625
0 0.00196648 0.684375 0.5625 0.23125 0.475
0 0.00224686 0.753125 0.309375 0.25625 0.59375
1 0.00238037 0.357812 0.484375 0.165625 0.225
1 0.0031662 0.0796875 0.579687 0.128125 0.640625
0 0.015152 0.08125 0.575 0.1375 0.6875
2 0.471191 0.3375 0.6625 0.2125 0.575
1 0.728516 0.3375 0.657812 0.20625 0.559375
