1 0.00114346 0.071875 0.582812 0.1 0.615625
2 0.00141907 0.960938 0.10625 0.078125 0.2125
0 0.0014925 0.0734375 0.58125 0.115625 0.65
2 0.00204086 0.46875 0.826563 0.1375 0.328125
0 0.0022068 0.839063 0.345313 0.234375 0.578125
0 0.00450516 0.529688 0.607813 0.209375 0.440625
1 0.00617599 0.732813 0.271875 0.240625 0.51875
0 0.00618362 0.95 0.103125 0.1 0.19375
1 0.00647736 0.95 0.103125 0.09375 0.19375
0 0.0178833 0.725 0.271875 0.175 0.50625
1 0.941406 0.290625 0.242188 0.19375 0.459375
