2 0.00125599 0.96875 0.0984375 0.0625 0.184375
2 0.00171566 0.264062 0.854688 0.215625 0.171875
0 0.00185108 0.7625 0.3125 0.275 0.6125
0 0.00409317 0.6875 0.5625 0.23125 0.4875
0 0.00688171 0.0734375 0.364062 0.140625 0.721875
0 0.0113373 0.110937 0.348437 0.165625 0.478125
0 0.018692 0.270312 0.44375 0.184375 0.31875
0 0.0909424 0.279687 0.607813 0.240625 0.621875
0 0.175049 0.425 0.304688 0.20625 0.509375
1 0.744141 0.275 0.614062 0.2375 0.634375
1 0.785645 0.421875 0.292188 0.2125 0.521875
