1 0.00125408 0.232812 0.609375 0.246875 0.5125
2 0.00135708 0.126563 0.01875 0.196875 0.0375
1 0.00143814 0.820312 0.0234375 0.178125 0.046875
2 0.00160503 0.532812 0.748438 0.284375 0.503125
2 0.00175667 0.1125 0.953125 0.1875 0.08125
1 0.0023365 0.0625 0.490625 0.11875 0.20625
0 0.00264359 0.48125 0.46875 0.19375 0.4
2 0.00401688 0.225 0.4875 0.20625 0.2375
1 0.00448227 0.107813 0.235938 0.203125 0.471875
0 0.00486755 0.526563 0.564062 0.221875 0.440625
2 0.00625229 0.05 0.909375 0.09375 0.175
1 0.011322 0.189063 0.484375 0.171875 0.25625
2 0.0124207 0.0640625 0.495313 0.121875 0.234375
2 0.244263 0.0796875 0.873438 0.159375 0.246875
1 0.576172 0.0703125 0.645312 0.134375 0.521875
2 0.731445 0.0671875 0.679688 0.134375 0.596875
2 0.892578 0.232812 0.689062 0.265625 0.621875
