0 0.00100231 0.49375 0.489062 0.15 0.453125
2 0.00109196 0.126563 0.0171875 0.203125 0.034375
0 0.00123215 0.0421875 0.58125 0.065625 0.6125
1 0.00132275 0.496875 0.610937 0.175 0.553125
0 0.0013485 0.85625 0.334375 0.1875 0.43125
0 0.00158691 0.815625 0.485938 0.1375 0.271875
1 0.00166607 0.117188 0.582812 0.171875 0.553125
1 0.00181198 0.529688 0.376563 0.196875 0.221875
1 0.00212288 0.109375 0.328125 0.19375 0.575
2 0.00243759 0.285937 0.660937 0.303125 0.546875
0 0.0025425 0.914062 0.648438 0.140625 0.509375
0 0.00258064 0.775 0.426562 0.18125 0.240625
0 0.00258064 0.682813 0.084375 0.184375 0.15
0 0.00324249 0.10625 0.33125 0.16875 0.5
0 0.00442886 0.892187 0.232812 0.184375 0.415625
0 0.00637817 0.575 0.285937 0.175 0.259375
0 0.00760651 0.346875 0.678125 0.16875 0.45625
0 0.00773239 0.94375 0.0984375 0.1125 0.184375
0 0.0112534 0.2375 0.542188 0.18125 0.334375
0 0.0137863 0.0828125 0.579687 0.140625 0.671875
0 0.0161438 0.678125 0.345313 0.1875 0.259375
1 0.0293579 0.7625 0.63125 0.20625 0.575
0 0.0491638 0.80625 0.623438 0.15 0.528125
1 0.0738525 0.68125 0.198437 0.2125 0.359375
0 0.0913086 0.690625 0.4875 0.1625 0.425
0 0.435791 0.532812 0.373437 0.190625 0.209375
0 0.500977 0.26875 0.660937 0.28125 0.534375
1 0.600098 0.264062 0.654688 0.271875 0.546875
0 0.740234 0.676562 0.217187 0.190625 0.359375
0 0.819336 0.735937 0.623438 0.221875 0.615625
0 0.86084 0.546875 0.598437 0.23125 0.596875
