0 0.00111389 0.803125 0.517187 0.1875 0.315625
1 0.0012722 0.423438 0.521875 0.165625 0.18125
2 0.00132465 0.1875 0.617188 0.225 0.346875
1 0.00153255 0.825 0.0234375 0.15625 0.046875
2 0.00201035 0.220313 0.539062 0.240625 0.203125
1 0.00206947 0.128125 0.314063 0.23125 0.628125
2 0.00212479 0.314063 0.914062 0.134375 0.165625
2 0.0021286 0.425 0.528125 0.16875 0.19375
0 0.0022068 0.13125 0.68125 0.1375 0.475
0 0.00247192 0.43125 0.520312 0.2125 0.184375
2 0.00330925 0.126563 0.0171875 0.203125 0.034375
2 0.00346756 0.960938 0.103125 0.078125 0.2
1 0.00421906 0.75625 0.21875 0.275 0.4375
1 0.00469971 0.953125 0.0984375 0.0875 0.184375
0 0.00672531 0.951563 0.0984375 0.096875 0.184375
2 0.0142822 0.129688 0.679688 0.134375 0.515625
0 0.0157166 0.767187 0.2375 0.253125 0.475
1 0.274902 0.440625 0.7 0.20625 0.55
1 0.544434 0.8 0.646875 0.2125 0.5625
2 0.553223 0.795313 0.648438 0.215625 0.534375
2 0.855957 0.44375 0.715625 0.2125 0.56875
2 0.906738 0.234375 0.71875 0.30625 0.54375
