0 0.00105572 0.925 0.353125 0.15 0.575
0 0.00114155 0.48125 0.695312 0.2875 0.546875
1 0.00145912 0.476562 0.490625 0.240625 0.19375
2 0.00162411 0.390625 0.715625 0.1125 0.55625
0 0.00182247 0.0359375 0.584375 0.065625 0.60625
1 0.00188732 0.140625 0.345313 0.2375 0.690625
1 0.00203514 0.567187 0.584375 0.153125 0.39375
0 0.00269508 0.567187 0.582812 0.159375 0.390625
2 0.00301361 0.960938 0.10625 0.078125 0.20625
1 0.00316429 0.0734375 0.584375 0.115625 0.63125
0 0.00327301 0.226562 0.589063 0.240625 0.640625
0 0.00405884 0.146875 0.560938 0.2125 0.653125
0 0.00428772 0.95 0.1125 0.1 0.225
0 0.00839233 0.854688 0.351562 0.221875 0.603125
1 0.00930786 0.960938 0.1125 0.078125 0.2125
1 0.0116043 0.484375 0.684375 0.2875 0.54375
0 0.0127182 0.0765625 0.58125 0.128125 0.675
0 0.0175323 0.74375 0.3375 0.225 0.525
2 0.844727 0.482812 0.69375 0.284375 0.60625
