1 0.00105 0.0734375 0.346875 0.146875 0.65
0 0.00119686 0.904688 0.545313 0.165625 0.571875
0 0.00165272 0.0671875 0.332812 0.134375 0.665625
0 0.00208855 0.95 0.101562 0.1 0.184375
2 0.0023613 0.126563 0.01875 0.203125 0.0375
2 0.0026474 0.06875 0.7 0.1375 0.5875
0 0.00313187 0.110937 0.615625 0.196875 0.64375
0 0.00431442 0.823438 0.35 0.228125 0.58125
2 0.023407 0.03125 0.659375 0.0625 0.5875
1 0.0313416 0.05625 0.582812 0.10625 0.609375
0 0.0342102 0.028125 0.625 0.05 0.58125
0 0.0691528 0.059375 0.58125 0.1125 0.63125
1 0.939453 0.451562 0.521875 0.228125 0.56875
