1 0.00129795 0.0703125 0.5875 0.096875 0.6
0 0.00153255 0.071875 0.585938 0.1125 0.628125
1 0.00154972 0.464063 0.578125 0.196875 0.48125
1 0.00160503 0.135937 0.584375 0.215625 0.68125
2 0.0019331 0.125 0.01875 0.19375 0.0375
1 0.00292587 0.679688 0.507812 0.184375 0.228125
0 0.0044899 0.464063 0.578125 0.203125 0.49375
1 0.00564575 0.948438 0.090625 0.096875 0.175
0 0.00705719 0.946875 0.0921875 0.10625 0.171875
2 0.477783 0.689062 0.671875 0.209375 0.5625
1 0.801758 0.692187 0.670313 0.215625 0.565625
