0 0.00101185 0.0890625 0.445312 0.178125 0.709375
0 0.00106907 0.475 0.854688 0.175 0.265625
1 0.00119877 0.485938 0.575 0.221875 0.45
2 0.00123215 0.125 0.0203125 0.19375 0.040625
1 0.00139999 0.279687 0.04375 0.165625 0.08125
1 0.00145435 0.826563 0.275 0.234375 0.5125
0 0.00147057 0.689062 0.6125 0.190625 0.41875
1 0.00151539 0.829687 0.0203125 0.165625 0.040625
0 0.00152588 0.4625 0.55625 0.28125 0.6
1 0.00159454 0.0296875 0.529688 0.059375 0.521875
1 0.00169468 0.95 0.0921875 0.1 0.171875
1 0.00180244 0.1125 0.346875 0.1875 0.6125
2 0.0019331 0.028125 0.946875 0.05625 0.10625
0 0.00243187 0.739062 0.2375 0.171875 0.45
2 0.00243568 0.498437 0.63125 0.240625 0.53125
0 0.0024395 0.473437 0.467187 0.171875 0.403125
0 0.00248337 0.109375 0.66875 0.175 0.525
0 0.00265694 0.945312 0.0921875 0.109375 0.171875
2 0.00408173 0.276563 0.0328125 0.190625 0.059375
2 0.00424957 0.476562 0.815625 0.165625 0.3625
2 0.00489044 0.021875 0.907812 0.04375 0.171875
2 0.00666428 0.0984375 0.742188 0.159375 0.453125
0 0.00787354 0.523438 0.610937 0.203125 0.421875
0 0.0101166 0.0578125 0.582812 0.109375 0.578125
1 0.0125046 0.05625 0.585938 0.1 0.559375
2 0.508789 0.0390625 0.75625 0.078125 0.4625
