0 0.00108814 0.221875 0.65625 0.2375 0.53125
1 0.00109863 0.217187 0.414062 0.134375 0.390625
1 0.00110817 0.14375 0.564062 0.20625 0.684375
1 0.00110912 0.457812 0.526563 0.278125 0.559375
0 0.00111771 0.110937 0.585938 0.146875 0.590625
0 0.00113392 0.564062 0.571875 0.178125 0.4
0 0.00152683 0.723437 0.567187 0.190625 0.409375
0 0.0018301 0.04375 0.582812 0.075 0.640625
0 0.00219154 0.58125 0.1625 0.125 0.23125
2 0.00242233 0.95625 0.0953125 0.0875 0.190625
0 0.00247383 0.517187 0.670313 0.203125 0.271875
0 0.00251389 0.728125 0.239063 0.18125 0.440625
0 0.00266457 0.48125 0.509375 0.19375 0.4125
2 0.0026741 0.221875 0.704687 0.2125 0.396875
1 0.00302505 0.0703125 0.584375 0.096875 0.64375
1 0.00353813 0.751562 0.25625 0.278125 0.5125
0 0.00458145 0.94375 0.096875 0.1125 0.19375
2 0.00497818 0.492188 0.679688 0.196875 0.209375
1 0.0075531 0.946875 0.0921875 0.10625 0.178125
1 0.812988 0.209375 0.15 0.11875 0.24375
