0 0.00109863 0.534375 0.282813 0.21875 0.509375
0 0.00118446 0.0359375 0.58125 0.059375 0.58125
1 0.00152493 0.828125 0.0234375 0.16875 0.046875
2 0.00167179 0.126563 0.01875 0.196875 0.0375
1 0.00183487 0.139062 0.579687 0.221875 0.703125
1 0.00314713 0.829687 0.26875 0.209375 0.5
1 0.00318909 0.0703125 0.58125 0.096875 0.59375
0 0.00384712 0.071875 0.579687 0.10625 0.615625
0 0.00536346 0.514063 0.660937 0.196875 0.321875
1 0.00607681 0.514063 0.657812 0.190625 0.303125
1 0.00653458 0.946875 0.09375 0.1 0.18125
0 0.00967407 0.945312 0.0953125 0.109375 0.178125
2 0.0121613 0.515625 0.723437 0.23125 0.428125
1 0.952637 0.526563 0.28125 0.215625 0.51875
