0 0.00104809 0.525 0.04375 0.1625 0.08125
0 0.00106716 0.442187 0.0703125 0.140625 0.134375
1 0.00107098 0.395312 0.734375 0.115625 0.49375
2 0.00113583 0.232812 0.0265625 0.196875 0.053125
1 0.00123882 0.125 0.323438 0.23125 0.509375
2 0.00124645 0.125 0.021875 0.2125 0.04375
0 0.00133991 0.25625 0.728125 0.15625 0.50625
2 0.00146103 0.204688 0.959375 0.178125 0.075
2 0.00148201 0.1 0.617188 0.1875 0.378125
2 0.0015564 0.645312 0.917188 0.209375 0.153125
2 0.00182819 0.304688 0.734375 0.109375 0.50625
2 0.00183487 0.607813 0.759375 0.346875 0.48125
1 0.00187778 0.828125 0.273438 0.225 0.528125
0 0.00214386 0.779688 0.246875 0.215625 0.44375
0 0.00220871 0.846875 0.351562 0.23125 0.596875
0 0.00260353 0.61875 0.71875 0.2375 0.55
2 0.00300407 0.0375 0.921875 0.06875 0.15625
2 0.00310516 0.03125 0.7875 0.0625 0.425
0 0.00360298 0.120312 0.335938 0.209375 0.428125
0 0.00397873 0.325 0.075 0.14375 0.15
2 0.00538254 0.0375 0.648438 0.075 0.459375
2 0.00836182 0.39375 0.732813 0.1125 0.509375
1 0.00850677 0.195312 0.484375 0.246875 0.2
0 0.00925446 0.282813 0.0328125 0.171875 0.065625
2 0.00979614 0.0828125 0.920313 0.153125 0.159375
0 0.0120239 0.464063 0.1875 0.115625 0.34375
0 0.0136414 0.51875 0.117188 0.14375 0.209375
2 0.0172882 0.173438 0.50625 0.265625 0.225
0 0.0177002 0.176563 0.4875 0.240625 0.2125
2 0.02005 0.254687 0.721875 0.165625 0.51875
2 0.0440674 0.164062 0.934375 0.221875 0.13125
0 0.0864258 0.423438 0.223438 0.153125 0.428125
1 0.102844 0.467187 0.740625 0.240625 0.50625
0 0.130859 0.298438 0.225 0.171875 0.425
2 0.14209 0.065625 0.734375 0.13125 0.51875
2 0.303955 0.607813 0.860937 0.259375 0.278125
0 0.493896 0.592188 0.25625 0.190625 0.45625
1 0.702148 0.429688 0.226562 0.159375 0.415625
1 0.757324 0.590625 0.254687 0.19375 0.453125
1 0.79834 0.295312 0.223438 0.171875 0.403125
2 0.833496 0.467187 0.740625 0.259375 0.5125
2 0.870117 0.160938 0.701563 0.315625 0.584375
