0 0.00109482 0.078125 0.575 0.11875 0.6625
1 0.00110435 0.523438 0.115625 0.153125 0.2125
2 0.00131798 0.126563 0.0171875 0.203125 0.034375
0 0.00201416 0.673437 0.135937 0.196875 0.234375
0 0.00348473 0.525 0.11875 0.15 0.21875
2 0.00428391 0.982813 0.85625 0.034375 0.25625
2 0.00894165 0.940625 0.917188 0.10625 0.165625
0 0.0106888 0.940625 0.0984375 0.11875 0.184375
2 0.0811157 0.975 0.920313 0.05 0.153125
1 0.403564 0.65625 0.321875 0.1875 0.53125
0 0.763184 0.657812 0.328125 0.171875 0.50625
1 0.932129 0.459375 0.485938 0.20625 0.534375
