2 0.00105381 0.065625 0.604688 0.0875 0.578125
0 0.00105762 0.110937 0.582812 0.153125 0.596875
0 0.00125504 0.040625 0.584375 0.075 0.68125
0 0.0013752 0.728125 0.567187 0.2 0.440625
2 0.00151825 0.960938 0.103125 0.078125 0.20625
1 0.00155449 0.826563 0.35 0.278125 0.65625
1 0.0015955 0.782812 0.0265625 0.184375 0.053125
0 0.00168991 0.678125 0.653125 0.14375 0.29375
1 0.00173092 0.482812 0.551562 0.221875 0.496875
1 0.00184441 0.951563 0.1 0.090625 0.1875
2 0.00208092 0.217187 0.703125 0.171875 0.38125
0 0.00259972 0.95 0.1 0.1 0.18125
0 0.00271606 0.517187 0.675 0.203125 0.26875
0 0.00274277 0.826563 0.35 0.253125 0.59375
1 0.00317764 0.107813 0.582812 0.140625 0.571875
0 0.00413513 0.232812 0.190625 0.146875 0.30625
2 0.00683594 0.53125 0.66875 0.26875 0.3125
1 0.0222015 0.234375 0.210938 0.15625 0.340625
0 0.0330505 0.553125 0.153125 0.14375 0.275
0 0.0402527 0.48125 0.185937 0.15625 0.353125
0 0.0632324 0.30625 0.19375 0.16875 0.3375
1 0.0776978 0.553125 0.154687 0.14375 0.278125
1 0.651855 0.492188 0.1875 0.178125 0.34375
1 0.735352 0.304688 0.192188 0.184375 0.340625
