0 0.00103951 0.0359375 0.126563 0.071875 0.253125
0 0.00109959 0.91875 0.645312 0.15 0.503125
2 0.00115681 0.66875 0.959375 0.2 0.08125
2 0.00125504 0.95625 0.948438 0.075 0.103125
2 0.00126362 0.260938 0.88125 0.209375 0.1875
2 0.00126362 0.476562 0.917188 0.278125 0.153125
2 0.00127602 0.867188 0.965625 0.196875 0.06875
0 0.00127792 0.728125 0.23125 0.2375 0.30625
0 0.00142384 0.525 0.028125 0.19375 0.05625
2 0.0014658 0.78125 0.96875 0.2375 0.05625
2 0.00162506 0.48125 0.965625 0.2625 0.06875
0 0.00167274 0.9625 0.732813 0.075 0.534375
0 0.00185966 0.351562 0.0796875 0.184375 0.159375
0 0.00193977 0.779688 0.471875 0.196875 0.3
0 0.00201988 0.034375 0.0609375 0.06875 0.121875
2 0.00227737 0.560938 0.954687 0.234375 0.084375
2 0.00251198 0.334375 0.842188 0.125 0.309375
0 0.0025444 0.665625 0.4375 0.2 0.3
0 0.00267029 0.9625 0.134375 0.075 0.26875
0 0.00300217 0.040625 0.375 0.075 0.68125
0 0.00321579 0.676562 0.68125 0.159375 0.35
2 0.00322914 0.182812 0.867188 0.178125 0.190625
2 0.00323296 0.921875 0.925 0.1125 0.1375
0 0.00339508 0.673437 0.0703125 0.228125 0.140625
1 0.00348282 0.746875 0.389062 0.23125 0.384375
0 0.00494766 0.195312 0.121875 0.171875 0.23125
0 0.00499344 0.06875 0.0890625 0.13125 0.171875
0 0.00513458 0.265625 0.482812 0.1875 0.284375
2 0.0051918 0.965625 0.879687 0.0625 0.234375
0 0.00530243 0.625 0.714063 0.15625 0.346875
0 0.00548553 0.235938 0.3625 0.221875 0.325
0 0.00600433 0.0734375 0.578125 0.140625 0.74375
0 0.00704575 0.678125 0.03125 0.21875 0.0625
0 0.00763702 0.240625 0.228125 0.21875 0.3875
0 0.00849915 0.734375 0.78125 0.2625 0.4125
0 0.00861359 0.94375 0.084375 0.1125 0.16875
0 0.00866699 0.71875 0.129688 0.23125 0.253125
1 0.00902557 0.273438 0.115625 0.209375 0.23125
0 0.00904846 0.478125 0.735937 0.26875 0.346875
0 0.0131302 0.390625 0.626562 0.13125 0.453125
1 0.0139923 0.646875 0.15625 0.21875 0.3125
2 0.0164185 0.63125 0.65625 0.2125 0.48125
1 0.0198364 0.482812 0.151562 0.184375 0.303125
0 0.0206757 0.946875 0.295312 0.10625 0.590625
2 0.0231781 0.382812 0.867188 0.165625 0.259375
2 0.0338135 0.554688 0.875 0.215625 0.25
0 0.0388184 0.317187 0.63125 0.159375 0.54375
2 0.0469055 0.535937 0.679688 0.253125 0.484375
0 0.0470886 0.121875 0.31875 0.18125 0.53125
0 0.0528259 0.83125 0.496875 0.2125 0.20625
0 0.0534668 0.584375 0.467187 0.13125 0.246875
2 0.0606995 0.676562 0.820312 0.184375 0.359375
2 0.0809937 0.63125 0.876562 0.1625 0.246875
0 0.0956421 0.826563 0.578125 0.265625 0.3375
0 0.113342 0.732813 0.61875 0.159375 0.31875
0 0.154297 0.860937 0.73125 0.221875 0.5125
2 0.166016 0.790625 0.6 0.26875 0.35
0 0.194946 0.58125 0.6625 0.1625 0.3875
0 0.195435 0.292188 0.1 0.184375 0.19375
0 0.261719 0.49375 0.445312 0.18125 0.203125
0 0.443359 0.645312 0.56875 0.171875 0.45625
0 0.484863 0.651563 0.15625 0.209375 0.3125
0 0.563477 0.467187 0.575 0.221875 0.4
0 0.666992 0.746875 0.373437 0.20625 0.353125
0 0.700684 0.482812 0.153125 0.165625 0.30625
2 0.803223 0.779688 0.748438 0.378125 0.496875
2 0.872559 0.473437 0.823438 0.340625 0.340625
0 0.900391 0.248437 0.640625 0.221875 0.61875
