0 0.00113106 0.842188 0.354688 0.228125 0.603125
0 0.00115585 0.695312 0.559375 0.203125 0.46875
1 0.00134659 0.829687 0.0203125 0.159375 0.040625
2 0.00138378 0.975 0.1 0.05 0.1875
0 0.00147343 0.951563 0.096875 0.096875 0.175
2 0.00162983 0.120312 0.0203125 0.184375 0.040625
0 0.00168991 0.0453125 0.578125 0.078125 0.625
1 0.00269318 0.071875 0.584375 0.09375 0.61875
1 0.00957489 0.73125 0.253125 0.24375 0.49375
0 0.0105286 0.73125 0.248437 0.225 0.465625
1 0.939453 0.3875 0.271875 0.1875 0.4625
