0 0.00107002 0.44375 0.517187 0.20625 0.203125
2 0.00120544 0.2625 0.959375 0.14375 0.075
1 0.00122833 0.5125 0.729688 0.275 0.490625
0 0.00122929 0.553125 0.690625 0.2125 0.50625
0 0.00145149 0.06875 0.323438 0.125 0.640625
0 0.00151157 0.248437 0.696875 0.246875 0.5875
0 0.00153351 0.175 0.525 0.275 0.26875
2 0.00158978 0.429688 0.535937 0.178125 0.215625
0 0.00165939 0.075 0.729688 0.13125 0.503125
0 0.00225067 0.28125 0.0859375 0.175 0.165625
2 0.00339508 0.135937 0.0234375 0.215625 0.046875
0 0.00344658 0.276563 0.0359375 0.184375 0.071875
0 0.00352478 0.434375 0.625 0.21875 0.4
0 0.00386047 0.251563 0.475 0.209375 0.2
2 0.00465775 0.220313 0.932813 0.178125 0.134375
2 0.007267 0.217187 0.479688 0.265625 0.203125
1 0.0098877 0.21875 0.49375 0.26875 0.23125
2 0.011261 0.040625 0.795313 0.08125 0.409375
0 0.023941 0.310937 0.178125 0.184375 0.29375
2 0.0283356 0.55625 0.828125 0.18125 0.31875
2 0.0455017 0.075 0.728125 0.13125 0.54375
2 0.0542297 0.379687 0.721875 0.165625 0.54375
0 0.10968 0.384375 0.164062 0.15 0.321875
0 0.130981 0.523438 0.195312 0.190625 0.378125
1 0.138916 0.429688 0.685938 0.209375 0.540625
1 0.591797 0.289062 0.176563 0.159375 0.296875
1 0.623047 0.385938 0.173438 0.140625 0.309375
2 0.666016 0.46875 0.715625 0.275 0.5625
1 0.793945 0.525 0.19375 0.1875 0.36875
2 0.800781 0.192188 0.692187 0.353125 0.609375
