0 0.00107861 0.56875 0.232812 0.13125 0.234375
0 0.00115108 0.078125 0.626562 0.15625 0.259375
1 0.00115967 0.621875 0.746875 0.2 0.45625
1 0.00126743 0.626562 0.221875 0.134375 0.175
2 0.00178051 0.04375 0.95625 0.0875 0.0875
0 0.00181866 0.63125 0.173438 0.13125 0.215625
1 0.00197029 0.514063 0.225 0.134375 0.20625
1 0.00211525 0.457812 0.376563 0.340625 0.584375
2 0.00215721 0.129688 0.9625 0.203125 0.075
2 0.0021801 0.253125 0.767187 0.16875 0.415625
0 0.00233841 0.86875 0.54375 0.20625 0.6
2 0.00255013 0.025 0.64375 0.05 0.325
0 0.00273514 0.564062 0.682813 0.253125 0.259375
2 0.002882 0.66875 0.95625 0.2375 0.08125
0 0.00312042 0.090625 0.329688 0.18125 0.609375
2 0.00394058 0.0375 0.90625 0.075 0.1875
1 0.00434494 0.567187 0.276563 0.103125 0.290625
1 0.00639725 0.104687 0.33125 0.178125 0.5125
0 0.00796509 0.259375 0.739062 0.175 0.415625
0 0.00971222 0.482812 0.792188 0.221875 0.415625
0 0.0105972 0.945312 0.1 0.109375 0.1875
2 0.0263062 0.453125 0.814062 0.16875 0.359375
0 0.0274963 0.342187 0.371875 0.178125 0.5125
0 0.0324707 0.490625 0.384375 0.175 0.5
0 0.035614 0.159375 0.5875 0.24375 0.2
2 0.0393982 0.135937 0.610937 0.265625 0.246875
2 0.0451965 0.034375 0.776563 0.06875 0.440625
0 0.0479431 0.614062 0.778125 0.246875 0.44375
2 0.0942383 0.0796875 0.767187 0.159375 0.465625
0 0.531738 0.646875 0.465625 0.19375 0.53125
1 0.753906 0.64375 0.460938 0.2 0.521875
2 0.853027 0.55 0.7875 0.35625 0.4125
1 0.886719 0.4875 0.38125 0.16875 0.5
1 0.887695 0.3375 0.367188 0.175 0.503125
2 0.918457 0.164062 0.74375 0.321875 0.50625
