0 0.00104332 0.689062 0.567187 0.209375 0.453125
1 0.00111198 0.689062 0.271875 0.153125 0.4625
2 0.00126934 0.121875 0.01875 0.19375 0.0375
1 0.00147152 0.217187 0.554688 0.228125 0.584375
1 0.00205994 0.826563 0.0203125 0.165625 0.040625
1 0.00214958 0.560938 0.267188 0.090625 0.384375
2 0.00232506 0.959375 0.0953125 0.08125 0.190625
0 0.00269127 0.725 0.271875 0.1625 0.48125
0 0.00282097 0.0375 0.582812 0.0625 0.596875
0 0.00393677 0.945312 0.096875 0.109375 0.19375
1 0.00428009 0.145313 0.4625 0.228125 0.725
0 0.00574875 0.903125 0.534375 0.16875 0.60625
1 0.00686646 0.946875 0.090625 0.1 0.175
0 0.0104599 0.146875 0.551562 0.2375 0.740625
1 0.010498 0.06875 0.58125 0.1 0.625
1 0.0118866 0.75625 0.34375 0.26875 0.625
0 0.020874 0.0703125 0.579687 0.109375 0.659375
1 0.924316 0.451562 0.373437 0.234375 0.540625
