2 0.00101566 0.11875 0.01875 0.1875 0.0375
2 0.00109005 0.471875 0.821875 0.14375 0.35
1 0.00114822 0.526563 0.165625 0.115625 0.29375
0 0.00125504 0.525 0.665625 0.2 0.3
0 0.00140095 0.764063 0.23125 0.184375 0.44375
1 0.00143528 0.825 0.339063 0.2375 0.596875
0 0.00146198 0.1125 0.589063 0.1625 0.565625
0 0.00148582 0.0421875 0.579687 0.078125 0.634375
2 0.0017767 0.957812 0.114063 0.084375 0.228125
0 0.00189018 0.69375 0.621875 0.18125 0.38125
1 0.00312805 0.953125 0.096875 0.09375 0.18125
0 0.00361252 0.95 0.096875 0.1 0.18125
1 0.00375175 0.109375 0.590625 0.15 0.55
1 0.924805 0.429688 0.246875 0.203125 0.46875
