1 0.00114918 0.210938 0.442187 0.209375 0.509375
0 0.00130272 0.478125 0.65625 0.20625 0.3375
1 0.00132179 0.826563 0.278125 0.228125 0.51875
1 0.00155258 0.83125 0.021875 0.16875 0.04375
0 0.00163555 0.0359375 0.576563 0.059375 0.603125
1 0.00172043 0.53125 0.215625 0.11875 0.40625
1 0.00187206 0.478125 0.65625 0.2 0.3125
0 0.00189304 0.420312 0.290625 0.246875 0.5125
0 0.00192451 0.946875 0.09375 0.10625 0.175
1 0.00199699 0.564062 0.198437 0.090625 0.303125
1 0.00284576 0.06875 0.576563 0.10625 0.621875
1 0.00297737 0.745313 0.31875 0.265625 0.60625
1 0.00323868 0.154687 0.464063 0.246875 0.753125
0 0.00349808 0.142188 0.542188 0.234375 0.715625
2 0.00404358 0.46875 0.729688 0.23125 0.465625
0 0.00809479 0.0703125 0.573438 0.115625 0.653125
1 0.901855 0.41875 0.292188 0.2375 0.496875
