1 0.00106144 0.551562 0.55625 0.259375 0.475
1 0.00106621 0.292188 0.0734375 0.153125 0.103125
0 0.00116158 0.0375 0.582812 0.0625 0.609375
0 0.00117016 0.948438 0.0953125 0.103125 0.171875
0 0.00122356 0.751562 0.26875 0.240625 0.5
2 0.00185299 0.121875 0.0171875 0.2 0.034375
1 0.00208473 0.323438 0.304688 0.196875 0.265625
0 0.00241089 0.534375 0.573438 0.18125 0.415625
1 0.00260544 0.071875 0.584375 0.10625 0.63125
0 0.00335693 0.314063 0.13125 0.153125 0.2
0 0.00522995 0.334375 0.478125 0.21875 0.55625
0 0.00652313 0.075 0.58125 0.11875 0.675
1 0.0144196 0.314063 0.129688 0.153125 0.196875
1 0.937988 0.332812 0.467187 0.209375 0.565625
