1 0.00100708 0.45 0.426562 0.11875 0.440625
0 0.00120449 0.684375 0.565625 0.19375 0.45
1 0.00139904 0.821875 0.0234375 0.1625 0.046875
1 0.00143242 0.726562 0.235938 0.146875 0.396875
0 0.00179291 0.0421875 0.3625 0.078125 0.6875
0 0.00213814 0.717188 0.05625 0.184375 0.10625
1 0.00255966 0.821875 0.275 0.23125 0.50625
2 0.00257683 0.9625 0.09375 0.075 0.1875
0 0.0026722 0.842188 0.35 0.246875 0.6
0 0.00274086 0.0390625 0.579687 0.065625 0.603125
1 0.00294495 0.103125 0.370313 0.175 0.621875
1 0.00347328 0.0703125 0.576563 0.109375 0.634375
0 0.00510406 0.726562 0.239063 0.159375 0.403125
1 0.00801086 0.948438 0.09375 0.096875 0.18125
0 0.00924683 0.0984375 0.3625 0.159375 0.575
0 0.0136871 0.946875 0.09375 0.10625 0.18125
0 0.0139465 0.0734375 0.571875 0.115625 0.68125
0 0.016922 0.334375 0.476562 0.21875 0.515625
0 0.0200653 0.507812 0.434375 0.203125 0.49375
1 0.880371 0.329688 0.478125 0.209375 0.51875
1 0.929199 0.507812 0.43125 0.203125 0.4875
