0 0.00114536 0.770312 0.473437 0.140625 0.384375
2 0.0012846 0.659375 0.129688 0.26875 0.259375
0 0.00148582 0.06875 0.040625 0.1375 0.08125
0 0.00153446 0.598437 0.210938 0.159375 0.365625
2 0.00161171 0.56875 0.93125 0.13125 0.1375
2 0.00185299 0.51875 0.8875 0.275 0.21875
0 0.00197792 0.678125 0.06875 0.24375 0.1375
0 0.00217056 0.50625 0.385938 0.18125 0.253125
0 0.00222397 0.871875 0.86875 0.25625 0.25
0 0.00278473 0.964063 0.535937 0.065625 0.353125
2 0.00327682 0.94375 0.953125 0.1125 0.09375
0 0.00352669 0.679688 0.0296875 0.234375 0.059375
2 0.00399017 0.521875 0.964063 0.19375 0.071875
2 0.00440216 0.354688 0.88125 0.171875 0.225
0 0.00459671 0.679688 0.804688 0.153125 0.359375
0 0.00460434 0.075 0.3625 0.1375 0.7125
2 0.00498581 0.873438 0.517187 0.221875 0.290625
0 0.0050087 0.429688 0.525 0.203125 0.25
0 0.00522614 0.365625 0.634375 0.2 0.26875
0 0.00544739 0.129688 0.460938 0.190625 0.653125
2 0.00560379 0.634375 0.646875 0.19375 0.48125
2 0.00563049 0.64375 0.820312 0.10625 0.359375
0 0.00580597 0.034375 0.0828125 0.06875 0.165625
0 0.00683212 0.95625 0.6875 0.08125 0.5625
2 0.00830841 0.784375 0.9625 0.26875 0.075
0 0.0100708 0.826563 0.58125 0.196875 0.325
0 0.0100784 0.94375 0.264062 0.1125 0.528125
0 0.010582 0.620313 0.76875 0.121875 0.4375
1 0.0111618 0.879687 0.573438 0.215625 0.378125
0 0.0112534 0.717188 0.571875 0.153125 0.41875
0 0.0194397 0.495313 0.573438 0.184375 0.209375
2 0.0228882 0.539062 0.592188 0.240625 0.328125
1 0.0248718 0.285937 0.164062 0.165625 0.309375
2 0.0258484 0.959375 0.859375 0.08125 0.275
0 0.0287628 0.88125 0.492188 0.18125 0.228125
0 0.0314331 0.934375 0.821875 0.13125 0.35625
0 0.0327148 0.940625 0.09375 0.11875 0.1875
0 0.0448303 0.632812 0.642187 0.171875 0.478125
0 0.0569763 0.51875 0.740625 0.25 0.4875
0 0.071167 0.798437 0.670313 0.209375 0.284375
0 0.113281 0.579687 0.564062 0.159375 0.328125
2 0.156982 0.8625 0.940625 0.275 0.11875
0 0.184448 0.542188 0.484375 0.209375 0.28125
0 0.207764 0.339063 0.742188 0.196875 0.459375
2 0.227173 0.90625 0.860937 0.1875 0.278125
0 0.250732 0.660937 0.157813 0.253125 0.315625
2 0.284424 0.692187 0.832812 0.165625 0.328125
0 0.354004 0.678125 0.478125 0.19375 0.54375
0 0.455811 0.821875 0.76875 0.26875 0.43125
0 0.54834 0.901563 0.595312 0.190625 0.428125
0 0.585938 0.717188 0.326562 0.215625 0.559375
0 0.762207 0.285937 0.1625 0.153125 0.3125
0 0.792969 0.454688 0.4 0.184375 0.3375
2 0.817383 0.790625 0.7875 0.325 0.4125
2 0.856934 0.342187 0.75 0.196875 0.48125
2 0.867188 0.4875 0.751562 0.3125 0.484375
