1 0.00106907 0.642187 0.217187 0.190625 0.409375
1 0.00108814 0.94375 0.126563 0.1125 0.240625
0 0.00111008 0.542188 0.195312 0.190625 0.365625
2 0.00131798 0.95625 0.11875 0.0875 0.2375
2 0.00161648 0.125 0.01875 0.1875 0.0375
0 0.00162411 0.948438 0.1 0.103125 0.18125
2 0.003088 0.49375 0.68125 0.21875 0.2125
1 0.00320244 0.771875 0.320312 0.25 0.640625
0 0.00417709 0.734375 0.225 0.16875 0.43125
1 0.0105057 0.732813 0.223438 0.159375 0.434375
1 0.899414 0.53125 0.195312 0.1875 0.371875
