0 0.00107861 0.828125 0.289062 0.2375 0.578125
2 0.00108433 0.120312 0.01875 0.203125 0.0375
1 0.00152493 0.829687 0.278125 0.215625 0.5125
2 0.00168133 0.957812 0.115625 0.084375 0.23125
1 0.00190926 0.823438 0.0265625 0.165625 0.046875
0 0.00227737 0.685938 0.614062 0.203125 0.409375
1 0.00239754 0.95 0.103125 0.1 0.1875
0 0.00242043 0.585938 0.165625 0.134375 0.23125
0 0.00279999 0.0375 0.579687 0.0625 0.603125
0 0.00345421 0.946875 0.101562 0.10625 0.184375
0 0.00421143 0.746875 0.335938 0.2625 0.565625
1 0.00452805 0.0703125 0.578125 0.109375 0.63125
0 0.00484848 0.515625 0.66875 0.175 0.2875
0 0.005867 0.11875 0.446875 0.2125 0.71875
0 0.0162964 0.071875 0.571875 0.11875 0.66875
0 0.0717163 0.3625 0.353125 0.175 0.4875
1 0.873535 0.365625 0.348437 0.1875 0.471875
