0 0.0010891 0.0828125 0.03125 0.140625 0.0625
2 0.0011034 0.078125 0.0359375 0.13125 0.071875
1 0.00110435 0.953125 0.096875 0.0875 0.18125
2 0.0011816 0.0609375 0.06875 0.109375 0.1375
2 0.00130272 0.96875 0.096875 0.0625 0.18125
1 0.00130749 0.817187 0.273438 0.221875 0.490625
1 0.00157261 0.828125 0.021875 0.1625 0.04375
0 0.00160313 0.95 0.0953125 0.1 0.178125
0 0.00200462 0.81875 0.34375 0.23125 0.55
0 0.00227165 0.028125 0.0765625 0.05625 0.153125
0 0.00340652 0.107813 0.4625 0.196875 0.7
0 0.00377846 0.526563 0.567187 0.209375 0.428125
0 0.00466919 0.0453125 0.575 0.084375 0.65
1 0.00717926 0.0703125 0.578125 0.096875 0.6125
1 0.881836 0.301562 0.239063 0.171875 0.409375
