1 0.00111961 0.0390625 0.584375 0.065625 0.58125
0 0.00112343 0.570312 0.565625 0.203125 0.425
0 0.00113106 0.078125 0.0359375 0.1375 0.071875
0 0.00129128 0.948438 0.0921875 0.103125 0.171875
1 0.00130272 0.314063 0.132812 0.134375 0.240625
0 0.00176811 0.48125 0.50625 0.1875 0.40625
2 0.00217628 0.0625 0.071875 0.1125 0.14375
1 0.0023613 0.490625 0.534375 0.23125 0.51875
0 0.00255013 0.0640625 0.0859375 0.121875 0.159375
1 0.00277901 0.071875 0.5875 0.1 0.5875
0 0.00282669 0.03125 0.0796875 0.0625 0.159375
2 0.00320244 0.507812 0.670313 0.278125 0.384375
0 0.00322342 0.0734375 0.584375 0.109375 0.60625
0 0.00519562 0.510938 0.671875 0.209375 0.28125
2 0.00817108 0.484375 0.76875 0.19375 0.3875
1 0.924316 0.26875 0.253125 0.2125 0.48125
