0 0.00121689 0.5 0.689062 0.2 0.521875
0 0.00123692 0.0359375 0.579687 0.059375 0.584375
1 0.0014286 0.809375 0.26875 0.23125 0.5
1 0.00160313 0.554688 0.507812 0.190625 0.240625
0 0.00166512 0.26875 0.539062 0.2125 0.590625
0 0.0020504 0.132812 0.565625 0.221875 0.70625
2 0.00232887 0.128125 0.01875 0.2 0.0375
2 0.00248337 0.960938 0.103125 0.078125 0.2
1 0.00274849 0.264062 0.545313 0.234375 0.653125
0 0.00320625 0.751562 0.270312 0.265625 0.509375
1 0.00502396 0.0703125 0.582812 0.103125 0.603125
1 0.00632858 0.95 0.101562 0.09375 0.190625
2 0.00833893 0.485938 0.785937 0.203125 0.428125
0 0.0088501 0.071875 0.579687 0.1125 0.634375
0 0.00899506 0.95 0.101562 0.1 0.190625
1 0.572266 0.554688 0.68125 0.221875 0.5875
2 0.815918 0.539062 0.6875 0.259375 0.6125
