1 0.00103569 0.140625 0.310937 0.18125 0.553125
1 0.00108814 0.760938 0.232812 0.240625 0.465625
2 0.00119591 0.123438 0.01875 0.196875 0.0375
2 0.00121689 0.1125 0.904688 0.1125 0.184375
1 0.00140858 0.76875 0.492188 0.15 0.309375
2 0.00154591 0.1125 0.953125 0.10625 0.08125
1 0.00176716 0.15625 0.6375 0.1125 0.525
1 0.00177097 0.09375 0.617188 0.1625 0.365625
1 0.0020771 0.826563 0.021875 0.159375 0.04375
2 0.00269318 0.148438 0.675 0.103125 0.5375
1 0.0032444 0.617188 0.573438 0.103125 0.509375
1 0.0042038 0.071875 0.54375 0.125 0.19375
2 0.00542831 0.0359375 0.914062 0.065625 0.165625
1 0.00615692 0.532812 0.304688 0.178125 0.209375
2 0.013298 0.071875 0.546875 0.125 0.2125
0 0.0174408 0.946875 0.0953125 0.10625 0.184375
2 0.0294037 0.54375 0.526563 0.2125 0.578125
1 0.560059 0.726562 0.654688 0.228125 0.584375
2 0.785156 0.721875 0.645312 0.21875 0.571875
1 0.891602 0.540625 0.515625 0.20625 0.58125
2 0.918945 0.0859375 0.725 0.171875 0.5375
