0 0.00100517 0.726562 0.5625 0.196875 0.45625
2 0.00101471 0.270312 0.034375 0.153125 0.0625
2 0.00130558 0.478125 0.825 0.15625 0.35
0 0.00152779 0.285937 0.0578125 0.134375 0.115625
0 0.00159168 0.526563 0.128125 0.165625 0.23125
1 0.00172997 0.510938 0.078125 0.159375 0.14375
2 0.00189877 0.128125 0.0203125 0.2 0.040625
1 0.00194931 0.8125 0.265625 0.21875 0.5
1 0.00244904 0.0703125 0.589063 0.096875 0.615625
0 0.00292969 0.939062 0.1 0.115625 0.18125
0 0.00369453 0.526563 0.570312 0.209375 0.428125
1 0.00498581 0.946875 0.1 0.10625 0.1875
0 0.00505447 0.7625 0.328125 0.2375 0.60625
0 0.00615311 0.465625 0.120312 0.13125 0.221875
1 0.0117493 0.465625 0.120312 0.1375 0.228125
1 0.0160522 0.540625 0.148438 0.1875 0.278125
0 0.0234528 0.357812 0.160938 0.190625 0.303125
1 0.69873 0.351562 0.165625 0.196875 0.30625
