2 0.00100422 0.160938 0.910937 0.215625 0.165625
1 0.00119972 0.821875 0.021875 0.16875 0.04375
1 0.00145531 0.679688 0.482812 0.190625 0.134375
0 0.00190926 0.501562 0.190625 0.153125 0.35625
2 0.0019722 0.30625 0.760938 0.26875 0.478125
2 0.00213432 0.071875 0.9125 0.14375 0.16875
0 0.00349045 0.703125 0.120312 0.1375 0.221875
1 0.00376701 0.69375 0.071875 0.16875 0.14375
0 0.00468063 0.117188 0.585938 0.190625 0.609375
1 0.00696945 0.339063 0.626562 0.109375 0.509375
0 0.00888824 0.946875 0.0953125 0.10625 0.178125
1 0.0124512 0.390625 0.49375 0.2 0.2375
0 0.037262 0.69375 0.284375 0.1875 0.50625
2 0.0497131 0.23125 0.910937 0.11875 0.159375
2 0.270508 0.414062 0.679688 0.240625 0.584375
2 0.639648 0.30625 0.892187 0.2625 0.203125
1 0.693359 0.414062 0.678125 0.240625 0.59375
1 0.824707 0.5 0.192188 0.15 0.353125
1 0.866699 0.690625 0.285937 0.1875 0.503125
