0 0.00111389 0.770312 0.232812 0.190625 0.453125
1 0.00124073 0.815625 0.273438 0.225 0.521875
0 0.00131226 0.0390625 0.58125 0.071875 0.6375
0 0.00168037 0.829687 0.334375 0.240625 0.58125
1 0.00187492 0.110937 0.590625 0.171875 0.575
1 0.0018959 0.825 0.021875 0.16875 0.04375
2 0.00229836 0.128125 0.01875 0.2 0.0375
2 0.00373459 0.967188 0.101562 0.065625 0.190625
1 0.00387955 0.953125 0.1 0.09375 0.1875
0 0.00579453 0.107813 0.582812 0.190625 0.634375
0 0.00674057 0.95 0.1 0.1 0.1875
1 0.00980377 0.365625 0.421875 0.19375 0.18125
1 0.766602 0.398438 0.632812 0.240625 0.609375
2 0.827148 0.396875 0.639063 0.24375 0.628125
