0 0.00114822 0.584375 0.160938 0.11875 0.240625
0 0.00124645 0.129688 0.635938 0.159375 0.559375
2 0.00199127 0.44375 0.7125 0.1375 0.55
2 0.00230408 0.125 0.01875 0.2 0.0375
0 0.00230598 0.94375 0.090625 0.10625 0.1625
0 0.00233841 0.0375 0.582812 0.0625 0.603125
2 0.00278091 0.367188 0.910937 0.159375 0.171875
0 0.00349808 0.773438 0.309375 0.246875 0.59375
1 0.00395966 0.103125 0.3375 0.175 0.6
1 0.00437546 0.826563 0.021875 0.171875 0.04375
1 0.00505829 0.365625 0.498437 0.23125 0.221875
1 0.00675201 0.0765625 0.584375 0.121875 0.61875
1 0.00906372 0.371875 0.68125 0.25625 0.55
0 0.0129852 0.078125 0.58125 0.13125 0.65
2 0.918457 0.371875 0.690625 0.2625 0.61875
