0 0.00103283 0.948438 0.0953125 0.103125 0.171875
2 0.00108337 0.60625 0.946875 0.225 0.09375
2 0.00152016 0.0828125 0.676562 0.165625 0.415625
2 0.00154877 0.125 0.01875 0.19375 0.0375
2 0.00171852 0.259375 0.95625 0.175 0.0875
0 0.00181198 0.501562 0.778125 0.353125 0.44375
0 0.00197792 0.0875 0.61875 0.1625 0.25
1 0.00232506 0.457812 0.639063 0.234375 0.309375
0 0.00303078 0.4625 0.678125 0.2625 0.35625
2 0.00323105 0.0828125 0.951563 0.146875 0.090625
2 0.00471115 0.034375 0.639063 0.06875 0.296875
2 0.00489044 0.126563 0.934375 0.215625 0.13125
1 0.00550842 0.129688 0.598437 0.221875 0.228125
2 0.00801849 0.0359375 0.920313 0.065625 0.159375
2 0.0106049 0.171875 0.957812 0.20625 0.078125
0 0.0123367 0.170312 0.7625 0.234375 0.475
2 0.0209961 0.23125 0.896875 0.20625 0.20625
1 0.0269623 0.235938 0.764063 0.165625 0.459375
1 0.0343018 0.367188 0.596875 0.228125 0.25625
1 0.0453491 0.4625 0.765625 0.34375 0.46875
2 0.0457458 0.359375 0.615625 0.225 0.3125
2 0.0484009 0.234375 0.7625 0.1625 0.4625
2 0.0665283 0.5875 0.865625 0.2875 0.25625
2 0.0726929 0.040625 0.765625 0.08125 0.4625
2 0.161865 0.129688 0.61875 0.228125 0.2625
2 0.30957 0.31875 0.729688 0.15625 0.509375
1 0.453613 0.31875 0.729688 0.15625 0.509375
2 0.771973 0.45625 0.764063 0.39375 0.471875
2 0.870605 0.1375 0.745313 0.26875 0.509375
