0 0.00107479 0.329688 0.642187 0.203125 0.215625
1 0.00118065 0.828125 0.0203125 0.15625 0.040625
0 0.00122166 0.0359375 0.69375 0.071875 0.475
2 0.00152016 0.50625 0.865625 0.13125 0.2625
0 0.00178432 0.582812 0.165625 0.121875 0.25625
1 0.00180531 0.365625 0.129688 0.15 0.203125
1 0.00191307 0.0421875 0.584375 0.071875 0.25
0 0.00203514 0.953125 0.1 0.09375 0.18125
0 0.00225639 0.83125 0.346875 0.225 0.56875
0 0.00286102 0.04375 0.584375 0.08125 0.25
0 0.00323296 0.09375 0.325 0.1875 0.625
2 0.00413132 0.95625 0.114063 0.0875 0.228125
1 0.00582504 0.104687 0.321875 0.184375 0.53125
2 0.0082016 0.196875 0.776563 0.15 0.434375
2 0.0151215 0.0421875 0.760938 0.084375 0.478125
2 0.0234985 0.1125 0.6125 0.20625 0.2875
0 0.0266724 0.146875 0.76875 0.225 0.4625
0 0.100769 0.109375 0.584375 0.19375 0.23125
1 0.156372 0.0984375 0.592188 0.190625 0.246875
2 0.82666 0.125 0.742188 0.24375 0.515625
2 0.880371 0.357812 0.778125 0.309375 0.44375
1 0.922363 0.353125 0.289062 0.19375 0.503125
