2 0.0010376 0.525 0.671875 0.25 0.43125
2 0.00110626 0.95625 0.114063 0.0875 0.228125
1 0.00113297 0.253125 0.459375 0.23125 0.61875
1 0.00118828 0.585938 0.264062 0.178125 0.453125
1 0.00136185 0.14375 0.571875 0.225 0.69375
1 0.00161076 0.84375 0.273438 0.2 0.490625
1 0.00204659 0.771875 0.360938 0.21875 0.496875
1 0.00232124 0.825 0.0234375 0.1625 0.046875
1 0.00247574 0.071875 0.582812 0.1 0.609375
0 0.00375557 0.071875 0.582812 0.1125 0.634375
1 0.00375748 0.95 0.0921875 0.09375 0.178125
0 0.0058403 0.948438 0.09375 0.103125 0.175
1 0.933105 0.514063 0.296875 0.209375 0.50625
