1 0.00122643 0.653125 0.246875 0.19375 0.4375
1 0.00134468 0.826563 0.021875 0.153125 0.04375
1 0.00161648 0.485938 0.678125 0.153125 0.21875
0 0.0016861 0.73125 0.26875 0.1625 0.4875
2 0.00169373 0.9625 0.0984375 0.075 0.190625
1 0.00188065 0.575 0.132812 0.13125 0.259375
0 0.0019989 0.390625 0.084375 0.18125 0.16875
0 0.00206375 0.470313 0.826563 0.153125 0.309375
1 0.00247765 0.385938 0.0703125 0.178125 0.140625
2 0.00284386 0.510938 0.667188 0.221875 0.390625
0 0.00298119 0.8375 0.326562 0.2375 0.571875
1 0.00329971 0.0703125 0.575 0.096875 0.6125
0 0.00336647 0.95 0.0953125 0.1 0.171875
0 0.00432587 0.071875 0.573438 0.1125 0.646875
0 0.0047226 0.51875 0.678125 0.15625 0.25
1 0.00474167 0.834375 0.267188 0.21875 0.503125
2 0.00616455 0.470313 0.825 0.134375 0.325
1 0.888184 0.5125 0.254687 0.1875 0.465625
1 0.907227 0.342187 0.264062 0.190625 0.478125
