1 0.00130558 0.828125 0.0234375 0.15625 0.046875
2 0.00131702 0.476562 0.817187 0.140625 0.340625
1 0.00136185 0.721875 0.242188 0.15625 0.253125
0 0.00139236 0.753125 0.284375 0.1125 0.35
1 0.00139809 0.129688 0.5625 0.209375 0.7125
1 0.00158882 0.865625 0.35625 0.18125 0.53125
2 0.00175285 0.121875 0.01875 0.18125 0.0375
1 0.00229645 0.075 0.589063 0.1125 0.646875
1 0.00512314 0.440625 0.479688 0.275 0.540625
0 0.00539398 0.95 0.0921875 0.1 0.184375
0 0.00633621 0.515625 0.621875 0.21875 0.38125
0 0.00839996 0.445312 0.476562 0.253125 0.496875
1 0.00843048 0.95 0.084375 0.1 0.1625
1 0.00849152 0.928125 0.342187 0.14375 0.571875
0 0.166626 0.704687 0.375 0.196875 0.5125
1 0.868164 0.704687 0.373437 0.203125 0.515625
