1 0.00112534 0.434375 0.471875 0.25625 0.51875
1 0.00118256 0.110937 0.342187 0.184375 0.584375
0 0.00133705 0.51875 0.56875 0.2 0.41875
1 0.00139523 0.820312 0.282813 0.228125 0.528125
0 0.00149632 0.476562 0.679688 0.190625 0.240625
0 0.00153637 0.471875 0.465625 0.18125 0.4
0 0.00157642 0.76875 0.23125 0.18125 0.4375
0 0.00159264 0.945312 0.103125 0.109375 0.20625
2 0.00174999 0.121875 0.01875 0.175 0.0375
2 0.0017643 0.0546875 0.903125 0.096875 0.18125
2 0.00242233 0.95625 0.115625 0.0875 0.225
1 0.00356674 0.95 0.1 0.1 0.18125
0 0.00401688 0.0359375 0.596875 0.065625 0.45625
0 0.00567245 0.0609375 0.528125 0.109375 0.55625
1 0.0175781 0.053125 0.585938 0.09375 0.478125
2 0.0201874 0.034375 0.84375 0.06875 0.3125
2 0.06073 0.103125 0.7375 0.1625 0.50625
2 0.732422 0.0484375 0.725 0.096875 0.53125
