0 0.00109482 0.909375 0.448438 0.18125 0.678125
0 0.0011158 0.685938 0.421875 0.190625 0.46875
2 0.00124931 0.385938 0.585938 0.203125 0.515625
0 0.00213432 0.0375 0.579687 0.0625 0.609375
1 0.00286293 0.35625 0.414062 0.19375 0.190625
0 0.00336456 0.846875 0.351562 0.2375 0.603125
2 0.00417709 0.960938 0.104687 0.078125 0.203125
1 0.00439453 0.0734375 0.58125 0.115625 0.6375
0 0.00517654 0.948438 0.104687 0.103125 0.209375
1 0.0107574 0.95 0.1 0.1 0.1875
0 0.0111618 0.075 0.576563 0.125 0.684375
1 0.0112076 0.696875 0.246875 0.2 0.45
0 0.0187225 0.717188 0.257812 0.209375 0.471875
1 0.9375 0.373437 0.582812 0.209375 0.515625
