2 0.00130939 0.510938 0.959375 0.209375 0.08125
0 0.0013752 0.45625 0.840625 0.26875 0.30625
1 0.0014801 0.664062 0.4 0.215625 0.2375
0 0.00153923 0.910937 0.5875 0.171875 0.575
2 0.00154495 0.55625 0.875 0.11875 0.25
1 0.00154495 0.951563 0.107813 0.090625 0.215625
2 0.00164127 0.501562 0.857813 0.196875 0.278125
2 0.00166702 0.128125 0.0171875 0.20625 0.034375
1 0.00167084 0.0734375 0.584375 0.109375 0.63125
0 0.00677109 0.0765625 0.579687 0.121875 0.671875
2 0.00990295 0.678125 0.565625 0.2375 0.56875
0 0.0172424 0.946875 0.101562 0.10625 0.190625
0 0.0522461 0.684375 0.567187 0.25625 0.559375
2 0.0859375 0.246875 0.875 0.14375 0.25
1 0.853027 0.676562 0.5625 0.240625 0.575
2 0.911133 0.38125 0.834375 0.3875 0.31875
