0 0.00115108 0.034375 0.573438 0.05625 0.603125
0 0.00123119 0.592188 0.0421875 0.184375 0.084375
2 0.00185299 0.121875 0.0171875 0.2 0.034375
0 0.00191975 0.94375 0.1 0.1125 0.18125
1 0.00216484 0.0734375 0.571875 0.115625 0.6375
0 0.00389481 0.742188 0.307813 0.253125 0.559375
0 0.00844574 0.0765625 0.56875 0.121875 0.6875
1 0.0132599 0.651563 0.23125 0.228125 0.425
0 0.0292206 0.654688 0.221875 0.209375 0.41875
1 0.102722 0.592188 0.135937 0.171875 0.271875
0 0.169189 0.589063 0.142188 0.178125 0.284375
2 0.19104 0.370313 0.65 0.221875 0.56875
1 0.873047 0.370313 0.646875 0.215625 0.56875
