0 0.00110817 0.920313 0.63125 0.153125 0.5125
0 0.00112915 0.0359375 0.579687 0.059375 0.603125
2 0.00313568 0.510938 0.64375 0.240625 0.3875
0 0.00708008 0.515625 0.621875 0.225 0.3875
0 0.00768661 0.773438 0.335938 0.165625 0.190625
0 0.00880432 0.078125 0.576563 0.125 0.678125
1 0.00885773 0.110937 0.5625 0.203125 0.675
0 0.0328064 0.946875 0.084375 0.10625 0.16875
1 0.417969 0.784375 0.523438 0.20625 0.565625
0 0.769531 0.784375 0.542188 0.19375 0.578125
1 0.933105 0.36875 0.251563 0.1875 0.465625
