0 0.00107574 0.478125 0.434375 0.2 0.36875
0 0.00111389 0.69375 0.6125 0.2 0.45625
2 0.00136662 0.217187 0.90625 0.121875 0.175
2 0.00149059 0.226562 0.959375 0.128125 0.06875
2 0.00156307 0.125 0.01875 0.2 0.0375
1 0.00158501 0.114063 0.354688 0.184375 0.440625
0 0.00187588 0.253125 0.540625 0.175 0.3625
1 0.00209618 0.196875 0.490625 0.21875 0.29375
1 0.00436783 0.254687 0.54375 0.178125 0.38125
0 0.00569153 0.5125 0.554688 0.28125 0.534375
0 0.00812531 0.2125 0.664062 0.2625 0.546875
1 0.221313 0.217187 0.651563 0.259375 0.584375
2 0.731934 0.20625 0.682813 0.26875 0.634375
