0 0.00107098 0.828125 0.3375 0.225 0.56875
1 0.00133991 0.348437 0.414062 0.209375 0.259375
1 0.00157452 0.0734375 0.584375 0.121875 0.61875
1 0.00158501 0.804688 0.267188 0.203125 0.496875
2 0.00201225 0.95625 0.117188 0.0875 0.228125
0 0.00201988 0.951563 0.096875 0.096875 0.175
1 0.00203323 0.826563 0.021875 0.159375 0.04375
0 0.0028019 0.0765625 0.58125 0.128125 0.65
0 0.00284767 0.759375 0.264062 0.23125 0.496875
2 0.00303078 0.129688 0.01875 0.209375 0.0375
2 0.0240173 0.351562 0.551562 0.215625 0.521875
1 0.916504 0.357812 0.540625 0.228125 0.5375
