2 0.00118351 0.49375 0.914062 0.1125 0.153125
1 0.00139046 0.267188 0.464063 0.259375 0.628125
2 0.00144958 0.575 0.53125 0.225 0.21875
0 0.00162601 0.134375 0.564062 0.21875 0.734375
2 0.00166512 0.128125 0.01875 0.20625 0.0375
0 0.00172806 0.320312 0.4625 0.221875 0.475
0 0.00204849 0.842188 0.351562 0.228125 0.571875
0 0.00234413 0.946875 0.0890625 0.10625 0.165625
2 0.00245094 0.492188 0.721875 0.115625 0.55625
1 0.00245476 0.825 0.0234375 0.16875 0.046875
1 0.00279999 0.0703125 0.582812 0.090625 0.596875
0 0.00411987 0.071875 0.58125 0.10625 0.625
2 0.2229 0.567187 0.920313 0.190625 0.153125
2 0.885254 0.582812 0.70625 0.278125 0.5625
