0 0.00101089 0.382812 0.165625 0.159375 0.3125
0 0.00134563 0.0359375 0.582812 0.059375 0.603125
0 0.00141239 0.390625 0.0765625 0.15625 0.140625
0 0.0017004 0.26875 0.229687 0.175 0.446875
1 0.00192738 0.829687 0.021875 0.178125 0.04375
0 0.00205994 0.0703125 0.0421875 0.128125 0.078125
1 0.00206184 0.653125 0.15 0.11875 0.29375
1 0.00289154 0.2125 0.078125 0.125 0.14375
1 0.00296783 0.0703125 0.584375 0.090625 0.63125
0 0.00298309 0.129688 0.553125 0.215625 0.7
0 0.00300026 0.2125 0.078125 0.13125 0.14375
0 0.00348663 0.065625 0.0859375 0.11875 0.159375
1 0.00440979 0.328125 0.140625 0.19375 0.26875
0 0.00442886 0.670313 0.139062 0.146875 0.278125
2 0.00483322 0.0625 0.075 0.1125 0.15
1 0.00509262 0.270312 0.245312 0.190625 0.471875
0 0.0055275 0.0734375 0.582812 0.103125 0.671875
0 0.00554276 0.03125 0.078125 0.0625 0.15625
0 0.00602722 0.75625 0.310937 0.25 0.590625
1 0.00743103 0.760938 0.28125 0.278125 0.55625
0 0.00802612 0.329688 0.128125 0.178125 0.25
1 0.00954437 0.23125 0.159375 0.13125 0.28125
0 0.0103836 0.232812 0.160938 0.128125 0.271875
0 0.011322 0.46875 0.225 0.1875 0.41875
1 0.0325317 0.442187 0.13125 0.153125 0.24375
2 0.036377 0.2625 0.0828125 0.18125 0.153125
0 0.040741 0.442187 0.132812 0.153125 0.246875
1 0.0643921 0.270312 0.103125 0.171875 0.1875
0 0.0645142 0.270312 0.103125 0.171875 0.1875
0 0.179688 0.590625 0.153125 0.1625 0.2875
1 0.223511 0.46875 0.223438 0.1875 0.421875
1 0.555664 0.589063 0.148438 0.165625 0.290625
1 0.916992 0.423438 0.432813 0.215625 0.528125
