0 0.00108051 0.904688 0.459375 0.190625 0.68125
2 0.00108528 0.120312 0.0203125 0.190625 0.040625
2 0.00133514 0.50625 0.54375 0.20625 0.50625
1 0.00163841 0.828125 0.282813 0.225 0.521875
1 0.00166893 0.825 0.021875 0.1625 0.04375
1 0.00197792 0.06875 0.578125 0.1 0.61875
1 0.0020752 0.240625 0.573438 0.24375 0.628125
1 0.00214577 0.44375 0.5375 0.1125 0.45
1 0.0022068 0.146875 0.565625 0.2375 0.71875
0 0.00228691 0.7625 0.265625 0.2375 0.48125
0 0.00343132 0.0703125 0.576563 0.109375 0.653125
0 0.0059967 0.834375 0.35625 0.24375 0.6125
1 0.0178986 0.945312 0.101562 0.103125 0.190625
0 0.0222321 0.94375 0.101562 0.1125 0.190625
1 0.93457 0.514063 0.546875 0.196875 0.5
