0 0.00100613 0.873438 0.31875 0.215625 0.53125
0 0.00100899 0.0359375 0.58125 0.059375 0.59375
0 0.00106621 0.426562 0.690625 0.246875 0.54375
0 0.00111771 0.728125 0.514063 0.20625 0.259375
0 0.00129509 0.546875 0.721875 0.24375 0.53125
2 0.00132751 0.553125 0.89375 0.20625 0.20625
2 0.0015049 0.395312 0.7875 0.178125 0.4125
0 0.00187016 0.14375 0.557813 0.23125 0.734375
1 0.00190544 0.0765625 0.579687 0.128125 0.615625
1 0.00193024 0.346875 0.6375 0.13125 0.58125
1 0.00203514 0.146875 0.459375 0.24375 0.76875
2 0.00233269 0.645312 0.776563 0.240625 0.446875
1 0.00362778 0.695312 0.495313 0.171875 0.253125
0 0.00503922 0.735937 0.24375 0.246875 0.46875
0 0.00827026 0.0796875 0.575 0.134375 0.65
0 0.00921631 0.757812 0.665625 0.190625 0.55625
2 0.0132523 0.351562 0.71875 0.128125 0.5625
0 0.0186768 0.94375 0.1 0.1125 0.19375
1 0.0247345 0.465625 0.540625 0.25625 0.46875
1 0.0808105 0.404687 0.685938 0.209375 0.628125
1 0.194214 0.465625 0.417188 0.2125 0.209375
1 0.445312 0.7375 0.673437 0.225 0.565625
2 0.599609 0.560938 0.71875 0.234375 0.55625
2 0.660156 0.729688 0.678125 0.221875 0.6
2 0.692871 0.432813 0.670313 0.246875 0.659375
