1 0.00151157 0.54375 0.504687 0.2 0.209375
0 0.00177765 0.842188 0.3375 0.221875 0.575
1 0.00208092 0.117188 0.5875 0.184375 0.58125
2 0.00210571 0.126563 0.0171875 0.196875 0.034375
1 0.00222397 0.825 0.021875 0.1625 0.04375
0 0.00349808 0.0765625 0.579687 0.121875 0.628125
0 0.00375366 0.140625 0.573438 0.225 0.690625
2 0.0123596 0.46875 0.890625 0.1875 0.18125
1 0.0135193 0.95 0.1 0.09375 0.1875
0 0.018631 0.95 0.101562 0.1 0.184375
2 0.0213776 0.446875 0.775 0.1875 0.4
1 0.0822144 0.546875 0.679688 0.23125 0.540625
2 0.897461 0.548437 0.6875 0.240625 0.5875
