2 0.001194 0.126563 0.01875 0.209375 0.0375
2 0.00121021 0.071875 0.864062 0.14375 0.271875
2 0.00139713 0.228125 0.490625 0.225 0.20625
2 0.00154305 0.596875 0.723437 0.1375 0.509375
1 0.00183392 0.203125 0.49375 0.2 0.26875
0 0.00187206 0.964063 0.11875 0.071875 0.21875
1 0.00190926 0.528125 0.540625 0.20625 0.2125
2 0.0019989 0.065625 0.934375 0.13125 0.1125
1 0.00210381 0.123438 0.25 0.221875 0.5
2 0.00426865 0.428125 0.695312 0.125 0.490625
0 0.00444031 0.828125 0.3375 0.225 0.55
2 0.00665283 0.526563 0.540625 0.209375 0.21875
2 0.943848 0.24375 0.690625 0.2625 0.61875
2 0.976074 0.51875 0.723437 0.275 0.553125
