0 0.00105858 0.03125 0.0796875 0.0625 0.159375
0 0.0011158 0.0765625 0.0375 0.128125 0.06875
1 0.00126171 0.828125 0.0203125 0.18125 0.040625
0 0.00135517 0.90625 0.54375 0.1875 0.625
1 0.00145912 0.935938 0.117188 0.128125 0.228125
2 0.00197411 0.946875 0.957812 0.10625 0.084375
0 0.00201607 0.585938 0.154687 0.128125 0.253125
2 0.00223732 0.126563 0.95 0.190625 0.0875
0 0.00244522 0.764063 0.257812 0.253125 0.484375
2 0.00251961 0.0625 0.071875 0.10625 0.14375
2 0.00305557 0.95625 0.117188 0.0875 0.234375
2 0.0032711 0.08125 0.742188 0.0875 0.478125
2 0.00337982 0.94375 0.901563 0.1125 0.190625
2 0.00390053 0.978125 0.846875 0.04375 0.30625
2 0.00418091 0.0859375 0.921875 0.134375 0.15
0 0.00455093 0.946875 0.104687 0.10625 0.196875
2 0.00511169 0.0328125 0.767187 0.065625 0.428125
1 0.00603485 0.192188 0.253125 0.178125 0.45
0 0.00647736 0.2375 0.1375 0.1375 0.24375
2 0.0165863 0.0375 0.91875 0.075 0.1625
2 0.0258179 0.96875 0.926562 0.0625 0.146875
1 0.622559 0.226562 0.145313 0.134375 0.240625
2 0.932617 0.157813 0.751562 0.240625 0.490625
