2 0.00103855 0.120312 0.01875 0.190625 0.0375
1 0.00110722 0.157813 0.48125 0.253125 0.7875
0 0.00120163 0.704687 0.132812 0.134375 0.259375
0 0.00121498 0.040625 0.579687 0.075 0.646875
2 0.0012331 0.560938 0.948438 0.159375 0.096875
1 0.00139809 0.825 0.021875 0.1625 0.04375
1 0.00145531 0.0765625 0.58125 0.115625 0.625
1 0.00159931 0.878125 0.35625 0.20625 0.5625
0 0.00178623 0.440625 0.292188 0.19375 0.503125
0 0.00185776 0.870313 0.465625 0.203125 0.64375
1 0.00226021 0.601562 0.265625 0.128125 0.43125
1 0.00253296 0.414062 0.103125 0.178125 0.18125
2 0.00309181 0.60625 0.9375 0.125 0.125
2 0.0031662 0.473437 0.946875 0.278125 0.09375
0 0.00631714 0.117188 0.58125 0.196875 0.63125
2 0.00958252 0.342187 0.85625 0.128125 0.275
0 0.0136108 0.945312 0.09375 0.109375 0.175
0 0.0164795 0.3875 0.145313 0.1625 0.246875
0 0.0192261 0.657812 0.271875 0.196875 0.49375
1 0.164673 0.382812 0.165625 0.165625 0.275
2 0.852051 0.442187 0.84375 0.328125 0.3
1 0.877441 0.4375 0.29375 0.2 0.50625
1 0.90332 0.659375 0.273438 0.20625 0.515625
