2 0.00110912 0.128125 0.01875 0.19375 0.0375
1 0.00112247 0.823438 0.021875 0.159375 0.04375
0 0.00124073 0.0390625 0.535937 0.071875 0.690625
1 0.00125217 0.6 0.498437 0.18125 0.315625
0 0.00127411 0.159375 0.645312 0.1625 0.559375
1 0.00181198 0.825 0.342187 0.2625 0.646875
2 0.00190544 0.465625 0.684375 0.16875 0.4875
2 0.00231552 0.29375 0.907812 0.09375 0.159375
1 0.00256538 0.075 0.578125 0.11875 0.63125
2 0.00339508 0.9625 0.1 0.075 0.19375
0 0.00367546 0.825 0.3375 0.2375 0.575
1 0.00479507 0.114063 0.340625 0.184375 0.61875
0 0.00599289 0.310937 0.704687 0.196875 0.515625
1 0.00604248 0.35 0.554688 0.2125 0.346875
1 0.00773621 0.3125 0.239063 0.19375 0.415625
0 0.0111694 0.0765625 0.573438 0.128125 0.671875
2 0.0118484 0.325 0.854688 0.125 0.284375
1 0.0181274 0.946875 0.0984375 0.1 0.184375
0 0.0197906 0.753125 0.25 0.25 0.5
0 0.0212402 0.946875 0.0984375 0.10625 0.184375
1 0.026413 0.753125 0.253125 0.25625 0.50625
1 0.19873 0.315625 0.678125 0.21875 0.5625
2 0.437012 0.320312 0.676562 0.221875 0.571875
1 0.554199 0.589063 0.679688 0.215625 0.571875
2 0.680664 0.58125 0.68125 0.21875 0.6
1 0.731934 0.479688 0.5125 0.165625 0.4375
2 0.775879 0.420312 0.784375 0.371875 0.43125
