2 0.00102806 0.229687 0.0265625 0.234375 0.053125
1 0.00116253 0.109375 0.665625 0.16875 0.60625
0 0.00116444 0.425 0.028125 0.175 0.05625
0 0.00130367 0.315625 0.028125 0.1625 0.05625
0 0.0016222 0.332812 0.0625 0.134375 0.125
0 0.00169182 0.95625 0.507812 0.0875 0.134375
1 0.00222969 0.83125 0.021875 0.1625 0.04375
0 0.00227547 0.0765625 0.653125 0.153125 0.69375
2 0.00248528 0.084375 0.889063 0.08125 0.203125
2 0.00370789 0.526563 0.753125 0.271875 0.44375
0 0.00395584 0.040625 0.615625 0.075 0.60625
0 0.00418091 0.948438 0.101562 0.103125 0.184375
2 0.00431824 0.923437 0.904688 0.146875 0.178125
1 0.00448608 0.059375 0.61875 0.0875 0.6125
2 0.0046196 0.0515625 0.721875 0.071875 0.51875
2 0.00535583 0.0625 0.9375 0.1125 0.11875
0 0.00626755 0.529688 0.68125 0.165625 0.25
0 0.00655746 0.734375 0.296875 0.23125 0.55
0 0.00730515 0.957812 0.576563 0.084375 0.240625
2 0.00878143 0.960938 0.921875 0.071875 0.15
0 0.00959015 0.854688 0.320312 0.240625 0.540625
0 0.0201416 0.921875 0.545313 0.15 0.178125
0 0.0440063 0.401563 0.226562 0.228125 0.446875
0 0.571289 0.910937 0.728125 0.171875 0.54375
2 0.805176 0.0546875 0.864062 0.109375 0.271875
2 0.817383 0.910937 0.725 0.171875 0.55
1 0.820312 0.39375 0.226562 0.21875 0.434375
