0 0.00101471 0.585938 0.1625 0.128125 0.2625
0 0.00118828 0.834375 0.332812 0.2375 0.534375
2 0.00120735 0.192188 0.873438 0.165625 0.228125
0 0.0012846 0.140625 0.571875 0.23125 0.65
1 0.00137424 0.839063 0.267188 0.234375 0.496875
1 0.00140095 0.825 0.021875 0.1625 0.04375
1 0.00143433 0.0640625 0.58125 0.096875 0.625
0 0.00161552 0.0359375 0.578125 0.059375 0.60625
0 0.00175858 0.946875 0.0984375 0.10625 0.178125
0 0.00198555 0.48125 0.465625 0.1875 0.39375
2 0.00240898 0.55 0.923437 0.1 0.146875
0 0.00289726 0.509375 0.76875 0.16875 0.4625
0 0.00431061 0.0671875 0.576563 0.109375 0.659375
2 0.129639 0.285937 0.867188 0.159375 0.234375
2 0.742188 0.382812 0.85625 0.353125 0.275
1 0.937012 0.25 0.23125 0.1875 0.4375
