0 0.64375 0.157813 0.1375 0.303125 0.00111866
1 0.954687 0.101562 0.084375 0.190625 0.0011673
0 0.857813 0.357812 0.228125 0.584375 0.00148392
0 0.953125 0.101562 0.09375 0.184375 0.00205421
2 0.123438 0.01875 0.196875 0.0375 0.00268936
1 0.0765625 0.578125 0.121875 0.61875 0.00308609
0 0.0421875 0.576563 0.078125 0.640625 0.00328636
2 0.959375 0.11875 0.08125 0.2375 0.00355721
0 0.115625 0.578125 0.1875 0.6125 0.0123291
1 0.417188 0.646875 0.253125 0.5375 0.0574646
0 0.589063 0.164062 0.159375 0.290625 0.345215
1 0.589063 0.160938 0.159375 0.296875 0.559082
2 0.4125 0.646875 0.25 0.5875 0.817383
