0 0.273438 0.101562 0.196875 0.196875 0.0010519
0 0.59375 0.435937 0.175 0.403125 0.00116062
0 0.75625 0.176563 0.16875 0.340625 0.0012846
0 0.65 0.28125 0.175 0.4625 0.00150108
0 0.367188 0.428125 0.159375 0.46875 0.00154972
1 0.41875 0.146875 0.21875 0.29375 0.00169754
1 0.4875 0.476562 0.21875 0.496875 0.00175095
0 0.0734375 0.56875 0.121875 0.675 0.00181103
0 0.957812 0.528125 0.084375 0.28125 0.00252914
0 0.667188 0.0265625 0.184375 0.053125 0.0027256
2 0.975 0.934375 0.05 0.11875 0.00286865
0 0.0671875 0.040625 0.134375 0.08125 0.00389099
0 0.140625 0.545313 0.21875 0.634375 0.00496292
0 0.803125 0.235938 0.19375 0.434375 0.00514984
0 0.909375 0.4875 0.1625 0.2 0.0056076
0 0.442187 0.428125 0.146875 0.5 0.00767136
1 0.30625 0.4875 0.2125 0.55625 0.00822449
0 0.95 0.248437 0.1 0.496875 0.00862885
2 0.9625 0.776563 0.075 0.446875 0.00900269
0 0.946875 0.0859375 0.10625 0.165625 0.0121689
0 0.0328125 0.0765625 0.065625 0.153125 0.0242157
0 0.489062 0.15625 0.203125 0.28125 0.0256348
0 0.564062 0.225 0.153125 0.4 0.0278473
0 0.339063 0.134375 0.140625 0.23125 0.0298309
2 0.971875 0.865625 0.05625 0.25625 0.201904
1 0.704687 0.223438 0.184375 0.440625 0.231567
0 0.389062 0.151562 0.146875 0.278125 0.241699
0 0.257812 0.209375 0.190625 0.40625 0.682617
0 0.50625 0.415625 0.225 0.56875 0.78125
0 0.704687 0.229687 0.184375 0.434375 0.815918
0 0.309375 0.48125 0.18125 0.53125 0.896484
0 0.903125 0.659375 0.1875 0.55 0.898926
