0 0.942187 0.0953125 0.115625 0.171875 0.0014925
0 0.475 0.335938 0.1875 0.209375 0.00182533
0 0.570312 0.417188 0.140625 0.309375 0.00187588
0 0.684375 0.034375 0.19375 0.06875 0.00210571
0 0.871875 0.354688 0.2125 0.565625 0.00224876
0 0.0375 0.58125 0.0625 0.6125 0.00241661
1 0.0671875 0.579687 0.103125 0.640625 0.0025425
0 0.684375 0.078125 0.18125 0.15 0.00277328
0 0.515625 0.390625 0.175 0.33125 0.00516891
0 0.140625 0.55 0.2375 0.7375 0.0057869
0 0.071875 0.576563 0.1125 0.696875 0.0121231
1 0.685938 0.271875 0.190625 0.53125 0.309326
1 0.478125 0.496875 0.25625 0.54375 0.324707
0 0.48125 0.49375 0.25625 0.525 0.733398
0 0.678125 0.282813 0.19375 0.515625 0.860352
