2 0.414062 0.821875 0.153125 0.35625 0.0011301
2 0.046875 0.926562 0.09375 0.134375 0.00118065
1 0.584375 0.16875 0.11875 0.24375 0.00121021
2 0.271875 0.742188 0.26875 0.259375 0.00123787
1 0.114063 0.335938 0.190625 0.596875 0.00127983
0 0.525 0.565625 0.2 0.40625 0.00129986
1 0.154687 0.740625 0.209375 0.33125 0.00144196
2 0.0984375 0.871875 0.159375 0.25 0.00145435
2 0.457812 0.935938 0.140625 0.121875 0.00157928
2 0.959375 0.09375 0.08125 0.18125 0.0015831
2 0.1625 0.704687 0.2375 0.290625 0.00174809
1 0.825 0.270312 0.2125 0.521875 0.00178051
1 0.95 0.090625 0.09375 0.16875 0.0018158
0 0.948438 0.090625 0.103125 0.16875 0.00198555
0 0.478125 0.471875 0.18125 0.4 0.00200844
0 0.584375 0.170312 0.125 0.253125 0.00304413
2 0.126563 0.01875 0.196875 0.0375 0.00398636
2 0.134375 0.817187 0.15 0.365625 0.487793
2 0.267188 0.81875 0.378125 0.35 0.913086
