2 0.0796875 0.95 0.153125 0.1 0.00106812
1 0.059375 0.621875 0.11875 0.25 0.00108242
1 0.103125 0.320312 0.175 0.521875 0.00124073
0 0.692187 0.60625 0.184375 0.425 0.00134468
1 0.757812 0.276563 0.265625 0.553125 0.0013895
0 0.948438 0.103125 0.103125 0.20625 0.00141335
2 0.960938 0.0984375 0.078125 0.196875 0.00234413
2 0.0296875 0.55 0.059375 0.23125 0.0026741
0 0.421875 0.465625 0.24375 0.48125 0.00297928
2 0.126563 0.0171875 0.190625 0.034375 0.0030117
0 0.482812 0.570312 0.228125 0.434375 0.00314713
1 0.948438 0.096875 0.103125 0.18125 0.00392532
0 0.146875 0.742188 0.20625 0.440625 0.008255
2 0.0453125 0.921875 0.084375 0.15625 0.00952911
2 0.053125 0.5875 0.09375 0.2125 0.0100403
2 0.04375 0.70625 0.0875 0.425 0.0209808
1 0.176563 0.759375 0.190625 0.45625 0.150024
2 0.13125 0.921875 0.23125 0.15625 0.260498
2 0.0859375 0.759375 0.171875 0.48125 0.766113
2 0.159375 0.764063 0.20625 0.471875 0.773438
