0 0.0359375 0.58125 0.059375 0.6 0.00117111
2 0.55625 0.910937 0.20625 0.178125 0.00117493
2 0.940625 0.957812 0.11875 0.084375 0.00149059
0 0.245312 0.55625 0.271875 0.68125 0.00150776
2 0.128125 0.0171875 0.2 0.034375 0.00160885
2 0.901563 0.942187 0.196875 0.109375 0.00181389
0 0.495313 0.710938 0.134375 0.578125 0.00319672
0 0.145313 0.554688 0.234375 0.753125 0.0032692
1 0.071875 0.58125 0.10625 0.625 0.00341606
2 0.740625 0.954687 0.23125 0.084375 0.00389481
2 0.9625 0.101562 0.075 0.196875 0.00673294
0 0.834375 0.3375 0.25 0.55 0.0087738
0 0.071875 0.578125 0.11875 0.6625 0.0112762
1 0.954687 0.0984375 0.090625 0.190625 0.0115128
0 0.953125 0.0984375 0.09375 0.184375 0.0181122
0 0.567187 0.492188 0.259375 0.221875 0.0415955
2 0.567187 0.69375 0.284375 0.6125 0.566406
0 0.567187 0.69375 0.284375 0.6125 0.701172
2 0.815625 0.93125 0.30625 0.125 0.878906
