1 0.214062 0.465625 0.215625 0.55 0.00105572
1 0.607813 0.426562 0.171875 0.384375 0.00112343
0 0.0328125 0.58125 0.059375 0.6 0.00126743
0 0.834375 0.348437 0.24375 0.596875 0.00152779
2 0.128125 0.01875 0.20625 0.0375 0.00156593
0 0.945312 0.0921875 0.109375 0.171875 0.00169754
1 0.823438 0.273438 0.234375 0.521875 0.00176334
1 0.48125 0.31875 0.19375 0.2 0.00181961
1 0.071875 0.582812 0.1125 0.615625 0.00220108
0 0.14375 0.575 0.2375 0.7375 0.0026741
2 0.460938 0.835938 0.134375 0.271875 0.003088
0 0.0734375 0.58125 0.121875 0.65 0.00550461
2 0.492188 0.475 0.209375 0.5 0.00900269
1 0.492188 0.475 0.215625 0.5125 0.873535
