0 0.3375 0.348437 0.2625 0.603125 0.0010519
0 0.945312 0.0921875 0.109375 0.171875 0.00105858
0 0.0375 0.584375 0.0625 0.6125 0.00110149
2 0.120312 0.0171875 0.184375 0.034375 0.00122452
2 0.51875 0.957812 0.175 0.071875 0.00126266
1 0.126563 0.359375 0.234375 0.71875 0.00160217
2 0.29375 0.79375 0.15 0.4125 0.00161076
0 0.825 0.360938 0.25 0.590625 0.00186062
2 0.334375 0.629687 0.2 0.190625 0.00258827
0 0.132812 0.453125 0.240625 0.73125 0.00273323
2 0.410937 0.976562 0.246875 0.046875 0.00398636
0 0.334375 0.635938 0.2 0.203125 0.00585556
0 0.0796875 0.58125 0.134375 0.69375 0.00873566
2 0.289062 0.929688 0.140625 0.134375 0.0210724
2 0.329688 0.951563 0.184375 0.084375 0.0292206
0 0.5125 0.771875 0.19375 0.44375 0.0437012
2 0.498437 0.775 0.228125 0.45 0.631836
2 0.365625 0.767187 0.3 0.465625 0.852539
