0 0.585938 0.614062 0.203125 0.503125 0.00108433
1 0.945312 0.0984375 0.103125 0.184375 0.00123882
2 0.290625 0.8375 0.20625 0.325 0.00154877
0 0.94375 0.096875 0.1125 0.18125 0.00167179
0 0.473437 0.746875 0.303125 0.30625 0.00171947
0 0.0421875 0.58125 0.078125 0.6375 0.0020771
1 0.078125 0.585938 0.125 0.628125 0.00235367
2 0.128125 0.01875 0.19375 0.0375 0.0024662
0 0.509375 0.839063 0.35625 0.321875 0.00392151
0 0.359375 0.796875 0.1875 0.3875 0.00652695
2 0.60625 0.848437 0.175 0.290625 0.00998688
0 0.114063 0.582812 0.190625 0.628125 0.0133133
2 0.203125 0.975 0.15 0.04375 0.0309906
2 0.370313 0.796875 0.221875 0.38125 0.344482
2 0.479688 0.817187 0.384375 0.359375 0.870605
