0 0.034375 0.578125 0.0625 0.63125 0.00100517
0 0.270312 0.698438 0.196875 0.428125 0.00138283
0 0.96875 0.0703125 0.0625 0.140625 0.00139713
0 0.760938 0.21875 0.253125 0.4 0.00148296
2 0.770312 0.9625 0.184375 0.0625 0.00185299
1 0.284375 0.3625 0.1875 0.5375 0.00187588
0 0.932813 0.3375 0.134375 0.55625 0.00225067
0 0.867188 0.148438 0.209375 0.296875 0.0026474
0 0.1375 0.55 0.225 0.71875 0.00317955
0 0.807813 0.50625 0.215625 0.325 0.00377655
2 0.778125 0.9125 0.175 0.175 0.00433731
0 0.910937 0.671875 0.146875 0.46875 0.00437927
0 0.0703125 0.578125 0.121875 0.73125 0.00504684
0 0.071875 0.0453125 0.14375 0.090625 0.00528717
0 0.96875 0.175 0.0625 0.35 0.00532532
0 0.046875 0.3625 0.0875 0.70625 0.00640488
1 0.55625 0.13125 0.18125 0.25625 0.00667572
0 0.075 0.117188 0.1375 0.228125 0.00716019
0 0.3125 0.121875 0.175 0.2125 0.00821686
0 0.109375 0.340625 0.18125 0.5875 0.0387573
0 0.0359375 0.08125 0.071875 0.1625 0.0465698
0 0.94375 0.107813 0.1125 0.209375 0.0563049
0 0.554688 0.129688 0.165625 0.259375 0.332764
0 0.296875 0.332812 0.2 0.528125 0.872559
0 0.792188 0.66875 0.215625 0.6375 0.876465
0 0.63125 0.614062 0.19375 0.565625 0.918945
