1 0.821875 0.0234375 0.16875 0.046875 0.00113201
2 0.95625 0.11875 0.0875 0.2375 0.0011797
1 0.345313 0.509375 0.203125 0.24375 0.00148773
2 0.13125 0.01875 0.20625 0.0375 0.00201797
1 0.115625 0.454688 0.20625 0.728125 0.00255013
0 0.040625 0.573438 0.075 0.653125 0.00292015
0 0.945312 0.1 0.109375 0.18125 0.0032196
1 0.0796875 0.579687 0.128125 0.628125 0.00364876
0 0.0828125 0.575 0.134375 0.6625 0.00865936
1 0.346875 0.670313 0.225 0.534375 0.238037
2 0.35 0.670313 0.21875 0.559375 0.898438
