1 0.1125 0.585938 0.18125 0.596875 0.00104523
0 0.0421875 0.576563 0.078125 0.653125 0.00117111
1 0.401563 0.509375 0.190625 0.25625 0.00169373
0 0.63125 0.071875 0.18125 0.14375 0.00291824
0 0.673437 0.040625 0.196875 0.08125 0.00310326
0 0.115625 0.58125 0.1875 0.625 0.00328255
0 0.946875 0.096875 0.10625 0.18125 0.0096283
0 0.673437 0.126563 0.196875 0.253125 0.0204163
0 0.592188 0.171875 0.140625 0.31875 0.0242004
1 0.420312 0.121875 0.153125 0.225 0.0426025
0 0.417188 0.109375 0.134375 0.2125 0.336182
2 0.40625 0.673437 0.2125 0.553125 0.472412
1 0.6625 0.303125 0.2125 0.56875 0.475098
0 0.6625 0.307813 0.2125 0.553125 0.805176
1 0.410937 0.673437 0.209375 0.565625 0.845703
