0 0.107813 0.282813 0.215625 0.559375 0.00111389
0 0.479688 0.775 0.190625 0.45 0.00123501
2 0.123438 0.01875 0.196875 0.0375 0.00127506
2 0.259375 0.715625 0.16875 0.5 0.0014925
0 0.809375 0.335938 0.23125 0.565625 0.00160122
0 0.484375 0.620313 0.2375 0.434375 0.00165176
0 0.582812 0.159375 0.121875 0.23125 0.00180244
0 0.446875 0.451562 0.23125 0.446875 0.00243187
0 0.06875 0.6375 0.11875 0.475 0.00268364
2 0.478125 0.775 0.1875 0.43125 0.0048027
2 0.157813 0.517187 0.240625 0.234375 0.0050621
1 0.117188 0.251563 0.215625 0.503125 0.00730515
2 0.0671875 0.639063 0.115625 0.478125 0.0146484
2 0.0375 0.757812 0.075 0.484375 0.0170593
1 0.164062 0.503125 0.240625 0.20625 0.0293579
2 0.167187 0.7125 0.315625 0.575 0.925781
