0 0.153125 0.615625 0.18125 0.55625 0.00140476
1 0.314063 0.235938 0.209375 0.428125 0.00144672
0 0.034375 0.578125 0.0625 0.61875 0.00146484
1 0.83125 0.021875 0.1625 0.04375 0.0014925
1 0.298438 0.50625 0.203125 0.3 0.0016222
2 0.126563 0.01875 0.203125 0.0375 0.00183392
0 0.107813 0.378125 0.165625 0.56875 0.00193501
0 0.75625 0.317187 0.25 0.584375 0.00206375
1 0.0765625 0.576563 0.128125 0.646875 0.00217819
0 0.546875 0.55625 0.28125 0.675 0.00373459
0 0.473437 0.575 0.153125 0.5375 0.00432968
1 0.46875 0.576563 0.14375 0.521875 0.00435257
0 0.95625 0.1125 0.0875 0.225 0.00440979
1 0.107813 0.335938 0.203125 0.671875 0.00530243
1 0.95 0.096875 0.1 0.18125 0.00773621
0 0.078125 0.573438 0.1375 0.696875 0.0135498
0 0.679688 0.615625 0.221875 0.50625 0.0140305
1 0.328125 0.645312 0.2625 0.553125 0.446289
2 0.328125 0.64375 0.24375 0.5625 0.752441
