2 0.571875 0.628125 0.14375 0.24375 0.00115013
0 0.6875 0.239063 0.2 0.428125 0.00117779
1 0.825 0.021875 0.175 0.04375 0.00129032
2 0.465625 0.954687 0.175 0.084375 0.00130653
0 0.140625 0.39375 0.1875 0.29375 0.00143528
2 0.30625 0.9125 0.125 0.175 0.00157452
0 0.385938 0.732813 0.115625 0.490625 0.00165272
2 0.159375 0.815625 0.2125 0.35625 0.00194454
2 0.673437 0.634375 0.209375 0.19375 0.0023632
0 0.23125 0.382812 0.2 0.296875 0.00238609
1 0.948438 0.107813 0.096875 0.215625 0.00258636
0 0.773438 0.239063 0.196875 0.478125 0.00275421
0 0.292188 0.203125 0.178125 0.35625 0.00277901
1 0.289062 0.210938 0.184375 0.384375 0.00295258
0 0.471875 0.5875 0.23125 0.2125 0.00333023
2 0.273438 0.871875 0.128125 0.25625 0.00338554
2 0.48125 0.604688 0.26875 0.265625 0.0036068
2 0.146875 0.907812 0.20625 0.178125 0.00385857
2 0.528125 0.91875 0.23125 0.1625 0.0044632
2 0.7625 0.8625 0.19375 0.275 0.00497055
2 0.95625 0.114063 0.0875 0.228125 0.00588608
0 0.703125 0.776563 0.3125 0.446875 0.00643539
2 0.251563 0.798437 0.196875 0.384375 0.00717545
0 0.028125 0.504687 0.05625 0.515625 0.0073967
2 0.317187 0.7375 0.121875 0.525 0.00872803
2 0.0796875 0.895312 0.159375 0.196875 0.00930786
0 0.315625 0.735937 0.13125 0.528125 0.0104599
1 0.059375 0.271875 0.1125 0.54375 0.0109787
0 0.0625 0.30625 0.11875 0.5875 0.0128555
0 0.201562 0.478125 0.203125 0.26875 0.0137405
0 0.842188 0.353125 0.253125 0.6125 0.016037
2 0.382812 0.73125 0.115625 0.5 0.0170441
1 0.0375 0.559375 0.06875 0.60625 0.0195007
1 0.207813 0.485938 0.196875 0.303125 0.0199127
0 0.946875 0.101562 0.10625 0.190625 0.0233307
2 0.560938 0.78125 0.209375 0.425 0.0584717
0 0.142188 0.635938 0.215625 0.609375 0.0685425
0 0.303125 0.117188 0.13125 0.203125 0.0743408
1 0.307813 0.125 0.128125 0.2 0.138672
2 0.059375 0.6625 0.11875 0.6125 0.182129
0 0.223438 0.68125 0.240625 0.6 0.248169
0 0.0609375 0.629687 0.121875 0.628125 0.258301
1 0.179688 0.640625 0.253125 0.60625 0.258545
1 0.0625 0.629687 0.125 0.615625 0.286133
2 0.19375 0.667188 0.25 0.646875 0.544922
2 0.676562 0.76875 0.340625 0.4625 0.789551
2 0.465625 0.739062 0.275 0.515625 0.875
