0 0.0359375 0.578125 0.059375 0.60625 0.0011425
1 0.598437 0.421875 0.109375 0.49375 0.00135136
0 0.859375 0.354688 0.20625 0.584375 0.00137997
1 0.420312 0.420312 0.121875 0.471875 0.00148296
1 0.06875 0.576563 0.10625 0.628125 0.00183201
1 0.564062 0.239063 0.153125 0.184375 0.00200653
1 0.960938 0.0984375 0.078125 0.184375 0.00271988
0 0.0703125 0.573438 0.115625 0.665625 0.0049324
1 0.334375 0.254687 0.2 0.253125 0.00511169
0 0.946875 0.096875 0.10625 0.18125 0.00862122
0 0.545313 0.435937 0.209375 0.521875 0.0197296
1 0.3375 0.40625 0.20625 0.53125 0.925293
1 0.539062 0.435937 0.215625 0.528125 0.927246
