0 0.314063 0.685938 0.190625 0.465625 0.00108624
0 0.034375 0.576563 0.05625 0.609375 0.00112438
2 0.585938 0.501562 0.209375 0.521875 0.00141811
2 0.290625 0.903125 0.1125 0.18125 0.00147057
0 0.70625 0.0734375 0.1875 0.121875 0.00148964
1 0.714063 0.159375 0.209375 0.26875 0.00176525
1 0.5625 0.321875 0.1875 0.24375 0.00224686
1 0.80625 0.323438 0.1375 0.178125 0.00260735
0 0.0328125 0.0578125 0.065625 0.115625 0.00265312
2 0.329688 0.865625 0.178125 0.25625 0.00274467
0 0.689062 0.14375 0.184375 0.2625 0.00310516
2 0.0609375 0.075 0.109375 0.15 0.00333023
1 0.751562 0.314063 0.184375 0.196875 0.00395203
0 0.121875 0.446875 0.225 0.7625 0.00401306
0 0.0609375 0.0734375 0.115625 0.146875 0.00428009
0 0.4125 0.851562 0.3375 0.278125 0.00500488
0 0.0734375 0.567187 0.128125 0.703125 0.00535583
0 0.289062 0.0921875 0.153125 0.165625 0.00820923
1 0.282813 0.123438 0.146875 0.215625 0.0151978
0 0.335938 0.120312 0.140625 0.215625 0.0351868
1 0.942187 0.084375 0.115625 0.16875 0.0393066
0 0.940625 0.0890625 0.11875 0.178125 0.039978
1 0.217187 0.120312 0.121875 0.215625 0.079895
1 0.3375 0.120312 0.1375 0.209375 0.0861816
0 0.217187 0.11875 0.128125 0.21875 0.0971069
1 0.579687 0.495313 0.196875 0.521875 0.891113
1 0.775 0.495313 0.2 0.528125 0.92627
2 0.41875 0.848437 0.34375 0.290625 0.935059
1 0.370313 0.340625 0.184375 0.50625 0.96582
