2 0.21875 0.960938 0.2125 0.071875 0.00110149
1 0.828125 0.021875 0.15625 0.04375 0.00111771
2 0.125 0.0203125 0.19375 0.040625 0.00113678
1 0.459375 0.451562 0.25 0.453125 0.00121689
2 0.08125 0.884375 0.15625 0.21875 0.00121689
0 0.117188 0.729688 0.153125 0.509375 0.0012331
2 0.473437 0.814062 0.128125 0.371875 0.00124168
1 0.25 0.529688 0.1875 0.184375 0.00138378
1 0.1125 0.340625 0.1875 0.51875 0.00162888
2 0.189063 0.617188 0.253125 0.359375 0.00183678
1 0.95 0.101562 0.1 0.184375 0.0018816
0 0.21875 0.5625 0.25 0.225 0.00207901
2 0.35 0.767187 0.15 0.453125 0.00216866
2 0.0453125 0.809375 0.071875 0.38125 0.00251198
0 0.946875 0.101562 0.10625 0.184375 0.00319862
0 0.4625 0.446875 0.225 0.3875 0.00336075
2 0.220313 0.5375 0.228125 0.2 0.00991058
2 0.084375 0.796875 0.1 0.40625 0.0129776
2 0.11875 0.725 0.15625 0.55 0.0196991
2 0.225 0.721875 0.3625 0.53125 0.879395
