2 0.120312 0.903125 0.153125 0.18125 0.00115871
2 0.4625 0.807813 0.19375 0.378125 0.00117111
1 0.826563 0.0234375 0.159375 0.046875 0.00119686
1 0.823438 0.342187 0.240625 0.584375 0.00135517
2 0.13125 0.0171875 0.20625 0.034375 0.00174141
0 0.471875 0.470313 0.18125 0.409375 0.00196838
0 0.725 0.2625 0.1875 0.525 0.00230217
2 0.125 0.479688 0.225 0.215625 0.00321388
1 0.95 0.101562 0.09375 0.190625 0.0050621
0 0.948438 0.103125 0.103125 0.1875 0.00514603
1 0.75 0.271875 0.2625 0.54375 0.00625992
2 0.954687 0.117188 0.090625 0.234375 0.00639343
2 0.03125 0.715625 0.0625 0.56875 0.011528
1 0.103125 0.48125 0.18125 0.2375 0.0131302
1 0.110937 0.223438 0.190625 0.434375 0.0365295
2 0.140625 0.685938 0.28125 0.596875 0.932129
