0 0.95 0.09375 0.1 0.16875 0.00100327
0 0.5875 0.164062 0.13125 0.246875 0.00101852
2 0.046875 0.928125 0.09375 0.13125 0.00113678
1 0.06875 0.585938 0.1 0.615625 0.00114918
0 0.73125 0.242188 0.16875 0.484375 0.00121212
2 0.9625 0.120312 0.075 0.240625 0.00124264
1 0.809375 0.265625 0.23125 0.5125 0.00156689
0 0.48125 0.775 0.1625 0.44375 0.00165176
1 0.832812 0.0203125 0.165625 0.040625 0.00196266
2 0.125 0.01875 0.1875 0.0375 0.00217819
2 0.478125 0.778125 0.15625 0.43125 0.00341034
0 0.526563 0.5625 0.215625 0.4 0.00345802
0 0.071875 0.582812 0.1125 0.646875 0.00367737
2 0.096875 0.860937 0.1375 0.278125 0.0142975
2 0.139062 0.878125 0.128125 0.23125 0.156616
2 0.279687 0.809375 0.390625 0.36875 0.890137
