0 0.609375 0.609375 0.1625 0.43125 0.0010519
1 0.825 0.0203125 0.1625 0.040625 0.00114918
1 0.842188 0.482812 0.153125 0.184375 0.00118446
1 0.471875 0.176563 0.14375 0.221875 0.0015583
0 0.1125 0.353125 0.18125 0.60625 0.00166416
0 0.04375 0.579687 0.08125 0.628125 0.00171852
0 0.521875 0.604688 0.2 0.434375 0.00173092
1 0.078125 0.578125 0.125 0.61875 0.00230789
2 0.723437 0.64375 0.115625 0.48125 0.00232315
1 0.842188 0.260938 0.246875 0.521875 0.0026722
0 0.840625 0.251563 0.225 0.465625 0.00383186
1 0.7875 0.507812 0.20625 0.240625 0.00419235
0 0.479688 0.498437 0.215625 0.253125 0.00428772
1 0.44375 0.657812 0.2 0.540625 0.00445938
0 0.817187 0.50625 0.196875 0.2125 0.0055275
2 0.68125 0.725 0.10625 0.475 0.00588989
1 0.478125 0.49375 0.21875 0.25 0.00645447
0 0.940625 0.103125 0.11875 0.1875 0.00894928
0 0.11875 0.575 0.19375 0.625 0.00930023
2 0.615625 0.639063 0.175 0.465625 0.0111389
1 0.614062 0.640625 0.171875 0.45625 0.0211945
0 0.589063 0.326562 0.159375 0.471875 0.0271454
0 0.446875 0.6875 0.19375 0.525 0.0638428
0 0.420312 0.317187 0.159375 0.453125 0.0759277
1 0.485938 0.282813 0.146875 0.434375 0.0809326
2 0.565625 0.729688 0.23125 0.534375 0.264648
2 0.460938 0.698438 0.221875 0.590625 0.730957
1 0.420312 0.315625 0.159375 0.44375 0.787598
1 0.571875 0.320312 0.18125 0.515625 0.873047
2 0.798437 0.71875 0.246875 0.55 0.888672
