1 0.645312 0.234375 0.328125 0.46875 0.00112057
2 0.125 0.0171875 0.1875 0.034375 0.00114822
1 0.835938 0.254687 0.196875 0.484375 0.00120735
1 0.075 0.592188 0.1125 0.609375 0.00121117
0 0.6875 0.623438 0.16875 0.340625 0.00135136
1 0.726562 0.23125 0.178125 0.4 0.00138855
0 0.626562 0.09375 0.159375 0.1875 0.00158596
2 0.475 0.81875 0.175 0.3625 0.00191402
0 0.771875 0.23125 0.18125 0.40625 0.00219917
0 0.482812 0.621875 0.228125 0.4125 0.00244713
0 0.623438 0.215625 0.171875 0.40625 0.34668
1 0.621875 0.215625 0.16875 0.40625 0.777344
