2 0.965625 0.096875 0.06875 0.19375 0.00120068
2 0.128125 0.01875 0.2 0.0375 0.00124836
2 0.348437 0.71875 0.134375 0.5625 0.00127697
2 0.317187 0.909375 0.109375 0.16875 0.00128174
2 0.31875 0.953125 0.10625 0.08125 0.00163269
0 0.170312 0.640625 0.159375 0.51875 0.00169373
2 0.223438 0.909375 0.128125 0.1625 0.00170135
0 0.4875 0.571875 0.2 0.48125 0.00182533
1 0.264062 0.475 0.196875 0.19375 0.00200462
1 0.107813 0.339063 0.178125 0.521875 0.00237083
0 0.946875 0.096875 0.10625 0.18125 0.00261879
1 0.178125 0.478125 0.1875 0.39375 0.0027504
0 0.289062 0.692187 0.253125 0.571875 0.0031414
0 0.264062 0.479688 0.196875 0.203125 0.00328827
0 0.084375 0.584375 0.15625 0.66875 0.00409698
1 0.265625 0.651563 0.2875 0.521875 0.00468826
2 0.254687 0.692187 0.303125 0.615625 0.868652
