2 0.959375 0.115625 0.08125 0.23125 0.00101948
0 0.673437 0.573438 0.190625 0.559375 0.00107002
2 0.121875 0.0203125 0.1875 0.040625 0.00143051
1 0.628125 0.625 0.1875 0.4875 0.00144386
1 0.826563 0.0234375 0.165625 0.046875 0.00155449
0 0.0421875 0.579687 0.078125 0.653125 0.00171375
1 0.0734375 0.584375 0.109375 0.63125 0.00172138
0 0.83125 0.342187 0.225 0.571875 0.00182533
1 0.129688 0.4625 0.228125 0.75625 0.0018301
1 0.45625 0.510938 0.20625 0.209375 0.00398636
2 0.617188 0.720312 0.184375 0.359375 0.00548935
0 0.94375 0.1 0.1125 0.18125 0.00603104
0 0.125 0.564062 0.21875 0.728125 0.00760651
2 0.482812 0.9125 0.165625 0.1625 0.00801086
0 0.604688 0.65 0.184375 0.51875 0.0096283
1 0.475 0.69375 0.225 0.5375 0.0139542
2 0.478125 0.703125 0.23125 0.59375 0.89502
