0 0.0359375 0.582812 0.059375 0.590625 0.0010767
1 0.395312 0.617188 0.240625 0.409375 0.00108814
1 0.946875 0.0953125 0.1 0.178125 0.00134468
2 0.5625 0.726562 0.1 0.509375 0.00136471
0 0.904688 0.546875 0.178125 0.63125 0.00144386
2 0.123438 0.01875 0.196875 0.0375 0.00151634
1 0.20625 0.4625 0.21875 0.59375 0.00156784
0 0.5875 0.165625 0.125 0.24375 0.00185394
0 0.945312 0.0953125 0.109375 0.178125 0.00189304
1 0.135937 0.359375 0.240625 0.71875 0.002285
1 0.826563 0.021875 0.171875 0.04375 0.00309944
1 0.0796875 0.584375 0.128125 0.61875 0.00332832
2 0.429688 0.529688 0.228125 0.215625 0.00336266
0 0.151562 0.632812 0.184375 0.565625 0.0033741
0 0.139062 0.4625 0.246875 0.7625 0.00389671
0 0.765625 0.317187 0.25 0.615625 0.00761032
0 0.0796875 0.578125 0.134375 0.65 0.0108032
2 0.325 0.679688 0.125 0.478125 0.0122757
2 0.442187 0.710938 0.321875 0.578125 0.912109
