1 0.515625 0.628125 0.23125 0.38125 0.00114155
2 0.50625 0.646875 0.2625 0.45625 0.00121212
1 0.828125 0.021875 0.1625 0.04375 0.00132561
2 0.954687 0.11875 0.090625 0.2375 0.00138187
0 0.04375 0.585938 0.08125 0.640625 0.00180244
1 0.75625 0.265625 0.26875 0.53125 0.00191498
1 0.948438 0.096875 0.096875 0.18125 0.00240707
2 0.125 0.01875 0.19375 0.0375 0.00247002
2 0.471875 0.820312 0.14375 0.346875 0.00258827
2 0.495313 0.675 0.196875 0.2625 0.00261688
0 0.73125 0.239063 0.175 0.440625 0.00301743
0 0.946875 0.0984375 0.10625 0.178125 0.00344658
0 0.685938 0.565625 0.203125 0.45625 0.00366211
1 0.0703125 0.5875 0.096875 0.64375 0.00392532
0 0.517187 0.623438 0.228125 0.396875 0.00553894
1 0.370313 0.2125 0.178125 0.39375 0.927246
