0 0.7375 0.257812 0.2375 0.478125 0.0011797
0 0.476562 0.470313 0.190625 0.353125 0.00138664
1 0.484375 0.570312 0.21875 0.434375 0.00152588
0 0.945312 0.09375 0.109375 0.175 0.00162888
1 0.075 0.582812 0.1125 0.646875 0.00181103
2 0.476562 0.815625 0.146875 0.35 0.00184059
2 0.13125 0.0171875 0.20625 0.034375 0.00193787
0 0.703125 0.123438 0.18125 0.246875 0.00209236
2 0.489062 0.665625 0.203125 0.2625 0.00301361
0 0.517187 0.615625 0.221875 0.4125 0.00418854
0 0.40625 0.1875 0.15 0.325 0.190796
1 0.63125 0.14375 0.1875 0.28125 0.374756
0 0.635938 0.14375 0.178125 0.275 0.415283
1 0.404687 0.189063 0.165625 0.340625 0.785156
