0 0.521875 0.667188 0.24375 0.303125 0.00106335
2 0.895312 0.9125 0.184375 0.175 0.00189209
2 0.960938 0.0984375 0.078125 0.190625 0.00189209
0 0.8375 0.351562 0.2375 0.590625 0.0020237
2 0.128125 0.01875 0.1875 0.0375 0.00224495
1 0.071875 0.585938 0.10625 0.603125 0.00234413
1 0.829687 0.021875 0.165625 0.04375 0.00239754
2 0.484375 0.7625 0.26875 0.475 0.00242043
0 0.56875 0.573438 0.225 0.465625 0.0026207
0 0.946875 0.101562 0.10625 0.203125 0.00361443
0 0.478125 0.509375 0.20625 0.43125 0.00442505
1 0.948438 0.096875 0.096875 0.18125 0.00846863
2 0.689062 0.910937 0.128125 0.165625 0.00965118
2 0.754687 0.895312 0.259375 0.209375 0.88623
