0 0.36875 0.514063 0.2 0.471875 0.00112724
0 0.214062 0.63125 0.159375 0.525 0.00121307
1 0.846875 0.340625 0.2625 0.6375 0.00133038
2 0.953125 0.948438 0.08125 0.103125 0.00133705
1 0.820312 0.0234375 0.165625 0.046875 0.00164986
1 0.06875 0.585938 0.1 0.603125 0.00208473
2 0.959375 0.0953125 0.08125 0.190625 0.00216866
2 0.551562 0.878125 0.140625 0.23125 0.00217247
2 0.128125 0.0171875 0.19375 0.034375 0.0022316
0 0.139062 0.578125 0.228125 0.71875 0.00234032
1 0.176563 0.629687 0.171875 0.534375 0.00261879
2 0.55 0.803125 0.2125 0.39375 0.00282669
0 0.071875 0.585938 0.1125 0.628125 0.00284767
0 0.478125 0.471875 0.18125 0.4 0.00294304
0 0.846875 0.339063 0.23125 0.565625 0.00302124
2 0.907812 0.895312 0.146875 0.196875 0.00318718
2 0.875 0.965625 0.2125 0.06875 0.00395966
2 0.49375 0.84375 0.175 0.3125 0.00542831
1 0.946875 0.09375 0.1 0.18125 0.0056839
0 0.945312 0.0953125 0.109375 0.178125 0.0075798
0 0.867188 0.84375 0.203125 0.3125 0.0140457
0 0.48125 0.614062 0.21875 0.490625 0.015358
2 0.965625 0.865625 0.06875 0.25625 0.0198364
2 0.6 0.859375 0.18125 0.28125 0.166626
2 0.865625 0.845312 0.21875 0.309375 0.191284
2 0.742188 0.842188 0.421875 0.309375 0.858887
