0 0.139062 0.565625 0.215625 0.71875 0.00107765
0 0.253125 0.621875 0.16875 0.5125 0.00111866
1 0.826563 0.021875 0.159375 0.04375 0.00143528
2 0.125 0.01875 0.19375 0.0375 0.0017271
2 0.964063 0.101562 0.071875 0.203125 0.00182915
2 0.764063 0.926562 0.196875 0.128125 0.00195503
2 0.773438 0.9625 0.215625 0.0625 0.00229645
1 0.951563 0.1 0.090625 0.1875 0.00304413
0 0.58125 0.159375 0.125 0.25625 0.00310135
0 0.829687 0.351562 0.253125 0.571875 0.00312805
1 0.071875 0.585938 0.1 0.590625 0.00336838
0 0.434375 0.465625 0.20625 0.45 0.00365257
0 0.95 0.1 0.1 0.1875 0.00384331
0 0.071875 0.585938 0.1125 0.615625 0.00464249
0 0.476562 0.576563 0.203125 0.490625 0.00600052
2 0.49375 0.904688 0.23125 0.190625 0.0179291
2 0.610937 0.8875 0.346875 0.225 0.813965
