0 0.170312 0.567187 0.196875 0.340625 0.0011301
0 0.473437 0.464063 0.196875 0.396875 0.00118065
1 0.953125 0.09375 0.0875 0.175 0.00123501
1 0.121875 0.265625 0.225 0.53125 0.00130272
1 0.846875 0.278125 0.21875 0.5125 0.00135326
2 0.9625 0.0984375 0.075 0.190625 0.00135899
0 0.95 0.09375 0.1 0.16875 0.00150967
0 0.139062 0.73125 0.265625 0.4875 0.0016098
2 0.214062 0.771875 0.115625 0.45 0.00181007
0 0.025 0.64375 0.05 0.4625 0.00195312
0 0.0328125 0.540625 0.059375 0.24375 0.00290108
0 0.2125 0.732813 0.1375 0.465625 0.00296974
2 0.078125 0.95 0.14375 0.09375 0.00332642
1 0.825 0.0234375 0.1625 0.046875 0.00338173
2 0.123438 0.0171875 0.190625 0.034375 0.00421906
2 0.125 0.567187 0.21875 0.290625 0.00725555
2 0.04375 0.915625 0.0875 0.16875 0.00815582
2 0.03125 0.720312 0.0625 0.528125 0.0132523
0 0.0875 0.53125 0.15625 0.20625 0.0268707
2 0.134375 0.723437 0.26875 0.528125 0.941895
