1 0.754687 0.342187 0.271875 0.615625 0.00100136
0 0.68125 0.609375 0.20625 0.425 0.00121498
1 0.132812 0.340625 0.209375 0.63125 0.00133419
1 0.478125 0.617188 0.2125 0.378125 0.001441
0 0.0375 0.584375 0.0625 0.59375 0.00150108
1 0.125 0.58125 0.2125 0.68125 0.00174904
1 0.828125 0.279687 0.2 0.521875 0.00180721
1 0.829687 0.021875 0.153125 0.04375 0.00213623
0 0.81875 0.3375 0.225 0.58125 0.00238609
1 0.071875 0.584375 0.1 0.60625 0.00534058
0 0.523438 0.626562 0.203125 0.390625 0.00606537
0 0.0734375 0.582812 0.109375 0.634375 0.00682068
1 0.404687 0.253125 0.178125 0.45 0.891113
