0 0.29375 0.565625 0.21875 0.44375 0.00139141
2 0.13125 0.01875 0.2125 0.0375 0.00149632
0 0.5125 0.71875 0.25 0.525 0.00211906
0 0.5875 0.154687 0.1375 0.253125 0.00272369
0 0.0375 0.582812 0.06875 0.603125 0.00301933
0 0.821875 0.3375 0.24375 0.5875 0.00315666
0 0.946875 0.101562 0.10625 0.203125 0.00343132
0 0.151562 0.557813 0.240625 0.740625 0.00408173
1 0.06875 0.584375 0.1 0.625 0.00595093
1 0.946875 0.0984375 0.10625 0.184375 0.00724411
0 0.240625 0.565625 0.25 0.66875 0.0121765
0 0.0703125 0.58125 0.109375 0.6625 0.0129623
2 0.51875 0.71875 0.25625 0.5375 0.922852
