2 0.123438 0.0234375 0.196875 0.046875 0.00113392
0 0.30625 0.264062 0.225 0.528125 0.00150204
0 0.946875 0.1 0.10625 0.18125 0.001544
2 0.467187 0.86875 0.171875 0.24375 0.00193214
0 0.0375 0.58125 0.0625 0.60625 0.00205994
0 0.5125 0.554688 0.20625 0.340625 0.00254059
1 0.071875 0.58125 0.11875 0.63125 0.00274086
0 0.239063 0.340625 0.240625 0.68125 0.00445938
0 0.148438 0.440625 0.234375 0.7125 0.00592422
0 0.826563 0.3375 0.253125 0.5625 0.0087738
0 0.0734375 0.576563 0.128125 0.671875 0.0138397
0 0.473437 0.701563 0.265625 0.578125 0.448486
2 0.476562 0.698438 0.265625 0.596875 0.839355
