2 0.123438 0.0171875 0.190625 0.034375 0.00107193
0 0.85625 0.05625 0.1875 0.1125 0.00107956
0 0.571875 0.034375 0.225 0.06875 0.00154305
0 0.639063 0.828125 0.290625 0.34375 0.00173473
2 0.859375 0.521875 0.25625 0.29375 0.00183201
0 0.078125 0.575 0.125 0.63125 0.00198746
2 0.725 0.592188 0.2375 0.365625 0.00229645
0 0.7125 0.0890625 0.225 0.178125 0.00261307
0 0.570312 0.120312 0.184375 0.228125 0.00275993
0 0.329688 0.545313 0.240625 0.490625 0.00288773
1 0.685938 0.151562 0.234375 0.296875 0.00314522
0 0.892187 0.498437 0.190625 0.284375 0.00435638
0 0.679688 0.03125 0.196875 0.0625 0.00439072
2 0.840625 0.959375 0.16875 0.08125 0.0050087
0 0.971875 0.270312 0.05625 0.540625 0.00959015
0 0.9375 0.848437 0.125 0.303125 0.0115814
0 0.767187 0.792188 0.253125 0.403125 0.0129547
0 0.854688 0.251563 0.196875 0.496875 0.0138397
0 0.935938 0.0671875 0.128125 0.134375 0.0158539
0 0.934375 0.2625 0.13125 0.525 0.0168915
0 0.639063 0.295312 0.190625 0.534375 0.0180511
2 0.8875 0.685938 0.2125 0.521875 0.0323792
0 0.96875 0.640625 0.0625 0.45625 0.069397
2 0.889063 0.915625 0.190625 0.16875 0.0931396
2 0.95 0.715625 0.1 0.5125 0.0932007
0 0.940625 0.670313 0.11875 0.546875 0.107666
2 0.565625 0.865625 0.15625 0.2625 0.135742
0 0.717188 0.620313 0.178125 0.296875 0.238037
0 0.678125 0.157813 0.18125 0.290625 0.378906
0 0.585938 0.420312 0.178125 0.578125 0.658203
0 0.523438 0.265625 0.159375 0.45625 0.739746
0 0.73125 0.325 0.1875 0.5375 0.76123
0 0.8625 0.657812 0.21875 0.559375 0.777832
2 0.917188 0.84375 0.159375 0.3125 0.820801
2 0.685938 0.810938 0.396875 0.378125 0.824219
