2 0.501562 0.870313 0.103125 0.253125 0.00114822
0 0.945312 0.096875 0.109375 0.175 0.00124359
2 0.125 0.0171875 0.1875 0.034375 0.0014286
0 0.582812 0.15 0.121875 0.25 0.00143337
2 0.957812 0.11875 0.084375 0.2375 0.00145721
0 0.0765625 0.582812 0.121875 0.671875 0.00231552
1 0.115625 0.576563 0.19375 0.628125 0.00245094
0 0.682813 0.615625 0.190625 0.43125 0.00331688
2 0.323438 0.632812 0.253125 0.203125 0.00735092
2 0.189063 0.853125 0.103125 0.275 0.0257263
2 0.220313 0.785937 0.184375 0.409375 0.162842
2 0.31875 0.767187 0.41875 0.453125 0.928711
