0 0.25625 0.620313 0.18125 0.496875 0.00107384
1 0.745313 0.157813 0.271875 0.309375 0.00109196
0 0.940625 0.279687 0.11875 0.490625 0.00119019
0 0.0421875 0.584375 0.078125 0.63125 0.00123978
2 0.125 0.01875 0.2 0.0375 0.00134468
0 0.840625 0.220313 0.2375 0.378125 0.00139618
0 0.373437 0.2375 0.178125 0.4125 0.00160027
0 0.970312 0.170312 0.059375 0.340625 0.00175381
1 0.370313 0.25 0.196875 0.45 0.00301361
1 0.075 0.589063 0.1125 0.646875 0.00348473
0 0.745313 0.153125 0.253125 0.3 0.00569916
0 0.745313 0.2625 0.228125 0.25625 0.00894165
0 0.482812 0.570312 0.228125 0.453125 0.00952911
0 0.378125 0.1125 0.1375 0.19375 0.0192871
0 0.946875 0.0921875 0.10625 0.178125 0.0198822
1 0.378125 0.114063 0.1375 0.196875 0.0246887
0 0.759375 0.33125 0.16875 0.1875 0.0267944
1 0.765625 0.525 0.21875 0.5875 0.246582
0 0.764063 0.53125 0.196875 0.575 0.84375
