0 0.0359375 0.579687 0.059375 0.596875 0.00110054
1 0.348437 0.301562 0.321875 0.578125 0.00111294
1 0.104687 0.35 0.165625 0.575 0.00135708
1 0.828125 0.021875 0.1625 0.04375 0.00146866
1 0.817187 0.270312 0.203125 0.496875 0.00149822
2 0.959375 0.0953125 0.08125 0.190625 0.00151825
0 0.570312 0.567187 0.215625 0.453125 0.00211716
1 0.0734375 0.579687 0.115625 0.615625 0.00272369
1 0.948438 0.0953125 0.096875 0.178125 0.00405502
0 0.0765625 0.576563 0.128125 0.646875 0.00450516
0 0.946875 0.0953125 0.10625 0.178125 0.00453186
1 0.35625 0.292188 0.175 0.471875 0.944824
