1 0.107813 0.257812 0.203125 0.515625 0.00100327
0 0.823438 0.279687 0.246875 0.559375 0.00114632
0 0.946875 0.10625 0.10625 0.2125 0.00137997
1 0.823438 0.271875 0.221875 0.50625 0.00138187
2 0.040625 0.91875 0.08125 0.1625 0.00139427
0 0.0265625 0.542188 0.053125 0.259375 0.00157833
0 0.170312 0.69375 0.146875 0.4875 0.00283623
2 0.128125 0.0171875 0.2 0.034375 0.00333595
0 0.403125 0.685938 0.125 0.471875 0.0034523
0 0.115625 0.542188 0.1875 0.190625 0.0039711
2 0.21875 0.725 0.0875 0.5125 0.00405121
0 0.0265625 0.689062 0.053125 0.546875 0.00497437
2 0.0296875 0.725 0.059375 0.525 0.00511551
0 0.21875 0.6875 0.1 0.48125 0.00601578
1 0.94375 0.103125 0.1125 0.1875 0.00910187
2 0.104687 0.928125 0.153125 0.14375 0.013443
0 0.317187 0.5375 0.190625 0.18125 0.0261383
0 0.3125 0.7375 0.2625 0.525 0.10437
0 0.104687 0.726562 0.203125 0.515625 0.185791
2 0.314063 0.726562 0.253125 0.546875 0.85791
2 0.107813 0.721875 0.215625 0.54375 0.893066
