1 0.81875 0.0234375 0.175 0.046875 0.00120068
2 0.95625 0.114063 0.0875 0.228125 0.0020256
0 0.520312 0.540625 0.190625 0.20625 0.00234413
2 0.128125 0.01875 0.2 0.0375 0.00244713
0 0.532812 0.73125 0.246875 0.525 0.00307083
0 0.828125 0.346875 0.25 0.6 0.00317001
0 0.0375 0.582812 0.0625 0.609375 0.00322533
0 0.139062 0.551562 0.234375 0.759375 0.00399017
1 0.948438 0.1 0.096875 0.1875 0.00484848
0 0.24375 0.565625 0.26875 0.66875 0.00516891
1 0.0671875 0.58125 0.096875 0.63125 0.00616837
0 0.946875 0.0984375 0.10625 0.184375 0.00753784
0 0.0703125 0.578125 0.109375 0.675 0.0151596
2 0.525 0.725 0.25 0.5375 0.933594
