1 0.234375 0.620313 0.23125 0.540625 0.00104046
2 0.964063 0.101562 0.071875 0.203125 0.0012207
0 0.51875 0.540625 0.19375 0.20625 0.00217819
1 0.95 0.101562 0.1 0.190625 0.00277328
0 0.0390625 0.579687 0.065625 0.603125 0.00331879
0 0.153125 0.546875 0.21875 0.69375 0.00383186
0 0.904688 0.53125 0.184375 0.65 0.00431442
0 0.946875 0.1 0.10625 0.1875 0.00435638
1 0.0671875 0.579687 0.090625 0.628125 0.00582123
0 0.826563 0.345313 0.253125 0.609375 0.00717545
0 0.24375 0.5625 0.2625 0.6875 0.0115356
0 0.0671875 0.578125 0.103125 0.66875 0.0139084
2 0.526563 0.725 0.246875 0.5375 0.932129
