2 0.475 0.814062 0.13125 0.371875 0.00119591
1 0.120312 0.3375 0.196875 0.58125 0.00124168
2 0.370313 0.865625 0.109375 0.25625 0.00138855
2 0.214062 0.64375 0.246875 0.1875 0.00181293
2 0.959375 0.10625 0.08125 0.20625 0.00196838
0 0.58125 0.157813 0.125 0.259375 0.0021019
1 0.829687 0.021875 0.153125 0.04375 0.00247002
0 0.73125 0.26875 0.15625 0.46875 0.002491
0 0.478125 0.473437 0.1875 0.378125 0.00250435
0 0.948438 0.10625 0.103125 0.2125 0.00266075
2 0.128125 0.0171875 0.19375 0.034375 0.00289726
1 0.95 0.103125 0.09375 0.19375 0.0065155
2 0.05 0.882812 0.08125 0.228125 0.00763321
2 0.084375 0.859375 0.1125 0.26875 0.0283661
2 0.125 0.792188 0.1875 0.403125 0.033905
2 0.229687 0.779688 0.390625 0.428125 0.925293
