2 0.953125 0.115625 0.09375 0.23125 0.00102329
0 0.56875 0.578125 0.21875 0.4875 0.00112629
2 0.540625 0.96875 0.1625 0.05 0.00118828
0 0.829687 0.329688 0.234375 0.559375 0.00125027
2 0.540625 0.753125 0.29375 0.49375 0.00126934
2 0.6375 0.909375 0.225 0.15625 0.00130272
0 0.06875 0.60625 0.1 0.59375 0.00140285
1 0.821875 0.021875 0.16875 0.04375 0.00192261
2 0.484375 0.817187 0.2125 0.365625 0.0020752
1 0.834375 0.265625 0.21875 0.5125 0.00208664
2 0.125 0.01875 0.18125 0.0375 0.00213623
2 0.953125 0.839063 0.09375 0.296875 0.0025177
1 0.071875 0.5875 0.10625 0.6375 0.00305176
1 0.935938 0.09375 0.128125 0.175 0.00317764
0 0.695312 0.873438 0.334375 0.228125 0.00426865
2 0.671875 0.95 0.28125 0.08125 0.00448227
2 0.965625 0.935938 0.0625 0.115625 0.00545883
0 0.484375 0.567187 0.21875 0.465625 0.00559616
2 0.79375 0.898438 0.3125 0.203125 0.00642014
2 0.879687 0.928125 0.240625 0.1375 0.00689316
0 0.942187 0.096875 0.115625 0.18125 0.00727463
2 0.592188 0.960938 0.146875 0.065625 0.0077858
2 0.932813 0.90625 0.128125 0.1875 0.151733
2 0.976562 0.889063 0.046875 0.221875 0.194824
2 0.68125 0.876562 0.325 0.246875 0.910645
