2 0.623438 0.907812 0.165625 0.178125 0.00114155
0 0.771875 0.682813 0.25625 0.234375 0.00140953
2 0.860937 0.957812 0.278125 0.084375 0.00153446
0 0.646875 0.676562 0.13125 0.453125 0.00164127
0 0.925 0.046875 0.15 0.08125 0.00225639
0 0.684375 0.328125 0.13125 0.36875 0.00287437
0 0.920313 0.8625 0.159375 0.25 0.00291634
0 0.9625 0.198437 0.075 0.396875 0.00330544
0 0.0703125 0.570312 0.115625 0.684375 0.00351334
1 0.525 0.185937 0.1875 0.359375 0.00362206
0 0.267188 0.620313 0.221875 0.553125 0.00387573
2 0.925 0.914062 0.15 0.159375 0.00557709
0 0.5625 0.529688 0.19375 0.271875 0.00657654
2 0.540625 0.884375 0.20625 0.23125 0.0069046
0 0.6875 0.135937 0.19375 0.259375 0.008255
2 0.9625 0.917188 0.06875 0.159375 0.0126495
0 0.676562 0.776563 0.159375 0.434375 0.0264435
0 0.939062 0.290625 0.121875 0.58125 0.0291138
0 0.940625 0.08125 0.11875 0.1625 0.0340881
2 0.676562 0.8625 0.159375 0.275 0.0411377
0 0.784375 0.801562 0.31875 0.353125 0.0516968
2 0.692187 0.75 0.221875 0.4875 0.0829468
0 0.5375 0.417188 0.18125 0.221875 0.102173
2 0.53125 0.704687 0.21875 0.590625 0.134277
0 0.7125 0.625 0.19375 0.375 0.199097
0 0.615625 0.173438 0.2 0.346875 0.327637
0 0.523438 0.192188 0.165625 0.346875 0.663086
2 0.795313 0.817187 0.396875 0.359375 0.816406
0 0.74375 0.414062 0.2 0.446875 0.880859
0 0.534375 0.707812 0.225 0.584375 0.888184
