1 0.810938 0.270312 0.228125 0.509375 0.00102329
2 0.175 0.582812 0.25625 0.215625 0.00126743
2 0.139062 0.951563 0.140625 0.090625 0.00140667
2 0.0453125 0.923437 0.090625 0.134375 0.00144005
0 0.278125 0.75625 0.1625 0.4875 0.00152111
0 0.557813 0.735937 0.128125 0.421875 0.0015831
2 0.475 0.970312 0.2625 0.059375 0.00159454
0 0.175 0.584375 0.25625 0.21875 0.00170898
0 0.759375 0.317187 0.26875 0.590625 0.00186729
2 0.560938 0.935938 0.140625 0.121875 0.00221443
2 0.0828125 0.9125 0.103125 0.175 0.00247383
2 0.126563 0.01875 0.196875 0.0375 0.00255394
1 0.825 0.021875 0.1625 0.04375 0.00289536
1 0.117188 0.326562 0.196875 0.571875 0.00310135
2 0.214062 0.964063 0.184375 0.071875 0.00325584
2 0.959375 0.0984375 0.08125 0.190625 0.00331497
0 0.946875 0.101562 0.10625 0.203125 0.00393677
0 0.464063 0.625 0.234375 0.19375 0.00445557
1 0.95 0.0953125 0.09375 0.184375 0.00708008
0 0.473437 0.471875 0.196875 0.3875 0.0121384
0 0.196875 0.739062 0.2875 0.509375 0.012352
2 0.0890625 0.721875 0.103125 0.55625 0.0128937
2 0.31875 0.778125 0.10625 0.41875 0.0315857
0 0.460938 0.765625 0.296875 0.45625 0.0365906
2 0.19375 0.739062 0.3 0.509375 0.875977
2 0.454688 0.765625 0.309375 0.4625 0.895996
