1 0.576563 0.167187 0.121875 0.246875 0.00100994
1 0.075 0.485938 0.14375 0.321875 0.00113487
0 0.432813 0.525 0.209375 0.45 0.00120068
1 0.154687 0.5875 0.121875 0.5 0.00123882
1 0.421875 0.470313 0.29375 0.615625 0.00125599
1 0.040625 0.240625 0.06875 0.45 0.0013628
1 0.829687 0.0203125 0.159375 0.040625 0.00139523
1 0.0359375 0.44375 0.071875 0.2375 0.00144196
2 0.126563 0.01875 0.203125 0.0375 0.00144672
0 0.0703125 0.445312 0.128125 0.265625 0.00175953
1 0.8125 0.270312 0.2125 0.515625 0.00179863
1 0.95 0.096875 0.1 0.18125 0.00209999
1 0.120312 0.495313 0.171875 0.428125 0.00232697
0 0.578125 0.165625 0.125 0.25625 0.00235367
0 0.0359375 0.489062 0.071875 0.321875 0.00245857
0 0.514063 0.665625 0.215625 0.30625 0.00275421
0 0.685938 0.623438 0.190625 0.384375 0.00344086
1 0.109375 0.2625 0.2 0.525 0.00413513
0 0.15625 0.585938 0.125 0.478125 0.00452805
0 0.053125 0.640625 0.1 0.59375 0.00619125
2 0.498437 0.764063 0.246875 0.453125 0.00619888
2 0.084375 0.875 0.16875 0.175 0.0426331
0 0.109375 0.64375 0.19375 0.5625 0.118896
2 0.1 0.66875 0.19375 0.5625 0.274902
1 0.101562 0.660937 0.203125 0.590625 0.604492
