2 0.0390625 0.85 0.078125 0.3 0.00107479
2 0.03125 0.604688 0.0625 0.403125 0.00117683
0 0.948438 0.10625 0.103125 0.2125 0.00167179
2 0.125 0.01875 0.19375 0.0375 0.00181389
1 0.103125 0.607813 0.175 0.384375 0.00191498
1 0.770312 0.278125 0.278125 0.55625 0.00194645
2 0.0875 0.529688 0.125 0.253125 0.00205612
0 0.45 0.457812 0.23125 0.434375 0.00207329
2 0.9625 0.104687 0.075 0.209375 0.00213623
0 0.767187 0.2375 0.190625 0.45625 0.00281525
2 0.176563 0.942187 0.228125 0.115625 0.00291443
1 0.114063 0.248437 0.184375 0.465625 0.00448227
1 0.95 0.101562 0.09375 0.190625 0.00563049
2 0.0375 0.93125 0.06875 0.1375 0.00618744
2 0.0765625 0.925 0.140625 0.15 0.00913239
2 0.160938 0.526563 0.215625 0.221875 0.0110626
1 0.148438 0.51875 0.215625 0.20625 0.0136032
2 0.115625 0.954687 0.19375 0.084375 0.0154495
2 0.053125 0.725 0.10625 0.55 0.236938
2 0.165625 0.70625 0.29375 0.575 0.878906
