0 0.4625 0.33125 0.1375 0.4 0.00102615
0 0.40625 0.185937 0.175 0.221875 0.00126266
0 0.889063 0.065625 0.184375 0.13125 0.00183773
1 0.7125 0.4875 0.16875 0.56875 0.00196457
0 0.0375 0.58125 0.0625 0.60625 0.00199318
0 0.675 0.148438 0.23125 0.240625 0.00205612
0 0.717188 0.0875 0.215625 0.15 0.00309372
1 0.071875 0.578125 0.11875 0.6375 0.00368881
0 0.135937 0.46875 0.240625 0.7625 0.00894928
0 0.075 0.575 0.125 0.68125 0.0153046
1 0.582812 0.484375 0.221875 0.575 0.0163879
0 0.939062 0.096875 0.121875 0.19375 0.0302124
1 0.395312 0.345313 0.190625 0.478125 0.183105
0 0.395312 0.34375 0.184375 0.4875 0.819824
0 0.560938 0.485938 0.203125 0.578125 0.862793
0 0.732813 0.49375 0.190625 0.55625 0.864746
