1 0.951563 0.09375 0.090625 0.175 0.00109768
0 0.557813 0.623438 0.190625 0.428125 0.00132084
2 0.523438 0.673437 0.278125 0.371875 0.00143814
1 0.828125 0.0234375 0.16875 0.046875 0.00148582
2 0.11875 0.01875 0.175 0.0375 0.00153923
1 0.509375 0.66875 0.19375 0.275 0.00155163
0 0.948438 0.0953125 0.103125 0.171875 0.00169849
1 0.0703125 0.584375 0.103125 0.6375 0.00189972
2 0.489062 0.68125 0.190625 0.2375 0.00298691
0 0.509375 0.671875 0.19375 0.2875 0.00495148
1 0.385938 0.235938 0.178125 0.446875 0.937988
