0 0.421875 0.171875 0.15625 0.3 0.00107861
1 0.532812 0.626562 0.171875 0.365625 0.00124931
2 0.465625 0.853125 0.14375 0.26875 0.00160122
0 0.564062 0.145313 0.121875 0.284375 0.00259972
1 0.554688 0.160938 0.121875 0.315625 0.00295258
0 0.532812 0.623438 0.178125 0.390625 0.00444794
1 0.0734375 0.592188 0.096875 0.590625 0.00487518
1 0.421875 0.171875 0.15625 0.29375 0.00615311
0 0.504687 0.178125 0.153125 0.325 0.0590515
0 0.35 0.171875 0.15 0.2875 0.141724
1 0.504687 0.178125 0.159375 0.325 0.755371
1 0.348437 0.173438 0.159375 0.296875 0.822754
