1 0.357812 0.482812 0.190625 0.284375 0.0011797
1 0.940625 0.120312 0.11875 0.228125 0.00119781
1 0.8 0.276563 0.225 0.534375 0.00137329
2 0.95625 0.117188 0.0875 0.234375 0.00157738
0 0.034375 0.582812 0.0625 0.615625 0.00169086
0 0.075 0.034375 0.13125 0.06875 0.00176907
0 0.946875 0.0984375 0.10625 0.178125 0.00224113
0 0.0625 0.0671875 0.11875 0.134375 0.00238228
1 0.071875 0.58125 0.1125 0.63125 0.00275421
0 0.028125 0.0765625 0.05625 0.153125 0.00370598
0 0.770312 0.301562 0.246875 0.584375 0.00679779
0 0.0734375 0.579687 0.121875 0.678125 0.0107498
0 0.239063 0.207813 0.165625 0.371875 0.0252228
1 0.348437 0.645312 0.240625 0.609375 0.551758
2 0.345313 0.640625 0.240625 0.60625 0.742676
1 0.242188 0.207813 0.171875 0.371875 0.841309
