1 0.925 0.342187 0.15 0.565625 0.00108814
0 0.04375 0.585938 0.075 0.653125 0.0011549
0 0.414062 0.217187 0.184375 0.396875 0.00122833
1 0.115625 0.353125 0.1875 0.625 0.00139236
0 0.471875 0.0671875 0.18125 0.128125 0.00141144
1 0.55625 0.24375 0.35 0.4875 0.00181484
2 0.471875 0.814062 0.15 0.346875 0.00229073
2 0.49375 0.6875 0.175 0.2375 0.00255966
1 0.0703125 0.582812 0.103125 0.659375 0.00288963
0 0.770312 0.242188 0.184375 0.453125 0.00291061
1 0.520312 0.648438 0.178125 0.303125 0.00294113
0 0.589063 0.226562 0.184375 0.421875 0.00585556
1 0.948438 0.0875 0.103125 0.175 0.00622177
0 0.945312 0.0890625 0.109375 0.171875 0.00771332
0 0.514063 0.676562 0.184375 0.271875 0.00817871
2 0.503125 0.740625 0.24375 0.41875 0.0106506
1 0.784375 0.264062 0.225 0.490625 0.0326843
1 0.403125 0.229687 0.19375 0.409375 0.89502
1 0.579687 0.225 0.184375 0.41875 0.910645
