0 0.728125 0.570312 0.20625 0.428125 0.00101089
2 0.121875 0.771875 0.24375 0.45625 0.00102806
2 0.960938 0.0984375 0.078125 0.196875 0.0011425
0 0.578125 0.164062 0.125 0.246875 0.00117016
1 0.951563 0.0953125 0.096875 0.178125 0.00129128
2 0.1625 0.93125 0.1 0.125 0.0014658
0 0.948438 0.09375 0.103125 0.175 0.00146675
1 0.817187 0.273438 0.215625 0.528125 0.001791
0 0.807813 0.332812 0.228125 0.584375 0.0018158
0 0.529688 0.634375 0.228125 0.36875 0.00209618
0 0.475 0.475 0.16875 0.3875 0.00223923
2 0.128125 0.0171875 0.19375 0.034375 0.00229073
2 0.520312 0.665625 0.221875 0.2625 0.00304222
2 0.114063 0.91875 0.171875 0.14375 0.0061264
2 0.0359375 0.898438 0.071875 0.196875 0.0065155
0 0.0625 0.576563 0.1 0.571875 0.00659561
1 0.0609375 0.578125 0.090625 0.55625 0.00804138
0 0.109375 0.690625 0.21875 0.61875 0.0180511
1 0.0828125 0.682813 0.165625 0.634375 0.024353
2 0.040625 0.775 0.08125 0.45 0.0870361
2 0.0953125 0.828125 0.190625 0.34375 0.645996
