0 0.38125 0.434375 0.2125 0.43125 0.00103951
2 0.421875 0.960938 0.23125 0.065625 0.00109291
0 0.946875 0.0984375 0.10625 0.178125 0.00119019
2 0.2 0.876562 0.0875 0.228125 0.00126362
0 0.134375 0.673437 0.16875 0.578125 0.00140858
1 0.315625 0.257812 0.21875 0.471875 0.00143623
0 0.128125 0.471875 0.23125 0.7375 0.001441
0 0.0359375 0.582812 0.059375 0.596875 0.00153351
2 0.03125 0.91875 0.0625 0.15 0.00156498
0 0.45625 0.771875 0.2375 0.44375 0.00177956
2 0.504687 0.767187 0.159375 0.446875 0.00181293
2 0.0734375 0.898438 0.146875 0.190625 0.0020237
0 0.8125 0.273438 0.225 0.515625 0.00230789
2 0.132812 0.0171875 0.209375 0.034375 0.00255775
2 0.271875 0.748438 0.18125 0.440625 0.00283432
2 0.5125 0.870313 0.13125 0.246875 0.00439835
1 0.0734375 0.584375 0.115625 0.63125 0.0051651
2 0.2375 0.85625 0.13125 0.26875 0.00558472
0 0.0765625 0.579687 0.121875 0.671875 0.0127563
2 0.373437 0.765625 0.390625 0.4625 0.935547
