1 0.825 0.0234375 0.15625 0.046875 0.0011797
2 0.125 0.0171875 0.2 0.034375 0.00145149
1 0.142188 0.454688 0.221875 0.703125 0.00151825
0 0.0375 0.582812 0.0625 0.596875 0.00167179
0 0.139062 0.548437 0.228125 0.721875 0.00249481
1 0.946875 0.10625 0.1 0.2125 0.00282097
1 0.071875 0.58125 0.10625 0.625 0.00499725
0 0.692187 0.378125 0.228125 0.49375 0.00542068
0 0.0734375 0.579687 0.115625 0.665625 0.00926971
0 0.94375 0.09375 0.1125 0.18125 0.0363159
1 0.671875 0.382812 0.25 0.509375 0.890137
1 0.454688 0.401563 0.221875 0.553125 0.945801
