1 0.826563 0.021875 0.159375 0.04375 0.00105762
1 0.685938 0.0671875 0.184375 0.134375 0.00125408
1 0.48125 0.660937 0.175 0.278125 0.00143909
1 0.7625 0.220313 0.11875 0.415625 0.00154209
0 0.507812 0.675 0.190625 0.275 0.00160694
2 0.46875 0.732813 0.225 0.446875 0.00171757
1 0.075 0.584375 0.1125 0.63125 0.00219536
0 0.698438 0.179688 0.159375 0.334375 0.00231552
1 0.14375 0.564062 0.2375 0.696875 0.00257301
0 0.701563 0.08125 0.184375 0.13125 0.00263786
0 0.635938 0.28125 0.196875 0.48125 0.00290871
1 0.71875 0.1625 0.125 0.2875 0.00341225
0 0.0765625 0.58125 0.121875 0.66875 0.00453186
1 0.707812 0.267188 0.171875 0.465625 0.00646591
1 0.95 0.0953125 0.09375 0.184375 0.00692749
1 0.870313 0.335938 0.209375 0.584375 0.00853729
0 0.948438 0.096875 0.103125 0.18125 0.00950623
1 0.623438 0.289062 0.196875 0.496875 0.916504
1 0.434375 0.2875 0.2 0.5 0.918945
