2 0.125 0.0171875 0.2 0.034375 0.00113392
1 0.826563 0.025 0.153125 0.04375 0.00121689
0 0.932813 0.059375 0.128125 0.09375 0.00141621
0 0.0359375 0.585938 0.059375 0.603125 0.00196266
1 0.860937 0.353125 0.196875 0.55 0.0024147
1 0.714063 0.2375 0.121875 0.3375 0.00259972
0 0.145313 0.545313 0.240625 0.728125 0.00294113
1 0.0703125 0.582812 0.103125 0.628125 0.00479126
0 0.0734375 0.579687 0.115625 0.665625 0.011055
2 0.654688 0.354688 0.221875 0.509375 0.0166626
1 0.94375 0.09375 0.1125 0.1875 0.0340576
0 0.94375 0.096875 0.1125 0.19375 0.0440979
1 0.654688 0.359375 0.228125 0.50625 0.905762
1 0.453125 0.375 0.21875 0.5375 0.930176
