2 0.951563 0.873438 0.090625 0.253125 0.00101089
0 0.534375 0.171875 0.14375 0.3125 0.00119019
0 0.88125 0.625 0.15 0.4 0.0012188
0 0.673437 0.482812 0.153125 0.446875 0.00177288
0 0.678125 0.034375 0.21875 0.06875 0.00204086
0 0.0765625 0.579687 0.128125 0.671875 0.00219536
2 0.773438 0.401563 0.234375 0.353125 0.00248337
0 0.945312 0.282813 0.109375 0.565625 0.00250816
1 0.720312 0.609375 0.196875 0.54375 0.00256348
0 0.601562 0.38125 0.184375 0.45625 0.00298309
1 0.659375 0.207813 0.24375 0.390625 0.00331306
0 0.146875 0.564062 0.23125 0.696875 0.00353813
0 0.4375 0.0734375 0.18125 0.146875 0.00479507
2 0.954687 0.95 0.084375 0.1 0.00549698
2 0.915625 0.904688 0.15625 0.178125 0.00593948
1 0.432813 0.225 0.178125 0.4125 0.0155563
0 0.676562 0.121875 0.196875 0.23125 0.0264587
0 0.584375 0.228125 0.15 0.38125 0.0267181
0 0.94375 0.1 0.1125 0.19375 0.0348816
0 0.910937 0.754687 0.171875 0.453125 0.0444031
0 0.932813 0.645312 0.134375 0.253125 0.0449829
0 0.784375 0.340625 0.18125 0.19375 0.0455017
0 0.623438 0.529688 0.140625 0.521875 0.198364
0 0.653125 0.2625 0.23125 0.4625 0.588867
0 0.795313 0.517187 0.178125 0.596875 0.628906
0 0.4375 0.232812 0.18125 0.409375 0.866699
2 0.90625 0.76875 0.175 0.4625 0.874512
0 0.732813 0.6 0.209375 0.6 0.889648
0 0.529688 0.601562 0.196875 0.565625 0.91748
