1 0.835938 0.279687 0.221875 0.515625 0.00109005
0 0.475 0.470313 0.175 0.409375 0.00112724
1 0.107813 0.751562 0.184375 0.446875 0.00126648
2 0.471875 0.8125 0.18125 0.375 0.00133801
2 0.489062 0.68125 0.215625 0.2375 0.00140285
0 0.528125 0.564062 0.20625 0.434375 0.0014782
2 0.959375 0.0984375 0.08125 0.190625 0.00170422
1 0.951563 0.0953125 0.090625 0.171875 0.00207901
2 0.120312 0.76875 0.240625 0.4625 0.0022068
2 0.125 0.0171875 0.1875 0.034375 0.00221825
2 0.151562 0.817187 0.196875 0.359375 0.00228119
0 0.95 0.09375 0.1 0.16875 0.00230408
2 0.165625 0.934375 0.1625 0.125 0.00299072
1 0.0265625 0.596875 0.053125 0.48125 0.00312996
2 0.109375 0.690625 0.175 0.5125 0.00319862
2 0.05625 0.640625 0.10625 0.4625 0.0134888
1 0.053125 0.639063 0.09375 0.471875 0.0159149
2 0.078125 0.910937 0.15 0.171875 0.0342712
2 0.028125 0.754687 0.05625 0.478125 0.0926514
2 0.0703125 0.771875 0.140625 0.44375 0.659668
