2 0.090625 0.825 0.15 0.25 0.00100803
0 0.470313 0.860937 0.159375 0.253125 0.00120354
0 0.675 0.657812 0.16875 0.384375 0.00126266
2 0.959375 0.103125 0.08125 0.20625 0.00129128
0 0.0640625 0.490625 0.103125 0.625 0.00133228
1 0.759375 0.271875 0.26875 0.5375 0.00153637
2 0.123438 0.01875 0.190625 0.0375 0.00163651
1 0.83125 0.021875 0.1625 0.04375 0.00180721
2 0.0375 0.8 0.0625 0.38125 0.00183105
2 0.46875 0.832812 0.15 0.321875 0.00222015
0 0.734375 0.240625 0.18125 0.4375 0.00269699
0 0.101562 0.679688 0.178125 0.565625 0.00283241
1 0.0828125 0.489062 0.165625 0.759375 0.00300217
1 0.95 0.096875 0.1 0.18125 0.00317955
0 0.525 0.6125 0.225 0.44375 0.00333595
0 0.946875 0.0984375 0.10625 0.178125 0.00333786
0 0.471875 0.475 0.16875 0.3875 0.00401688
2 0.065625 0.923437 0.1125 0.134375 0.00476456
2 0.0296875 0.926562 0.059375 0.128125 0.0127487
2 0.0359375 0.620313 0.071875 0.571875 0.0194092
0 0.040625 0.620313 0.075 0.590625 0.0310364
1 0.0546875 0.584375 0.090625 0.58125 0.136719
2 0.059375 0.742188 0.11875 0.515625 0.204102
