2 0.229687 0.0171875 0.203125 0.034375 0.0010519
2 0.9625 0.1 0.075 0.2 0.00118732
1 0.125 0.332812 0.2 0.596875 0.00136471
0 0.573438 0.573438 0.215625 0.478125 0.00138092
1 0.820312 0.0234375 0.165625 0.046875 0.00142574
2 0.184375 0.904688 0.1625 0.153125 0.00190735
1 0.185937 0.610937 0.190625 0.403125 0.00215149
0 0.529688 0.470313 0.209375 0.415625 0.00244331
0 0.0765625 0.582812 0.128125 0.671875 0.00251579
2 0.13125 0.0171875 0.2 0.034375 0.00265884
1 0.948438 0.1 0.096875 0.1875 0.0028038
0 0.41875 0.704687 0.275 0.565625 0.00318336
0 0.946875 0.1 0.10625 0.1875 0.00383759
0 0.676562 0.615625 0.190625 0.45625 0.00400543
2 0.18125 0.73125 0.15 0.4875 0.036438
2 0.415625 0.820312 0.19375 0.296875 0.217773
2 0.279687 0.735937 0.315625 0.490625 0.833008
