2 0.476562 0.817187 0.128125 0.315625 0.00103855
1 0.776563 0.025 0.178125 0.05 0.00108814
2 0.220313 0.710938 0.178125 0.359375 0.00145817
2 0.96875 0.101562 0.0625 0.184375 0.00185204
0 0.492188 0.229687 0.190625 0.409375 0.00211334
2 0.065625 0.0765625 0.1125 0.146875 0.00254059
0 0.951563 0.0984375 0.096875 0.178125 0.00293159
1 0.65 0.240625 0.2 0.39375 0.00954437
1 0.745313 0.264062 0.234375 0.496875 0.0143356
1 0.582812 0.217187 0.115625 0.303125 0.221069
1 0.48125 0.229687 0.20625 0.434375 0.913086
1 0.2625 0.225 0.1875 0.4125 0.935059
