0 0.753125 0.307813 0.25 0.590625 0.00111485
2 0.971875 0.096875 0.05625 0.18125 0.00118732
0 0.95 0.0984375 0.1 0.178125 0.00126934
0 0.5875 0.159375 0.125 0.2625 0.00130844
2 0.29375 0.88125 0.3 0.2375 0.00136185
2 0.276563 0.959375 0.253125 0.06875 0.00138855
1 0.109375 0.335938 0.175 0.534375 0.00147629
1 0.265625 0.576563 0.21875 0.246875 0.00159359
0 0.189063 0.682813 0.159375 0.428125 0.00159931
1 0.45 0.54375 0.14375 0.325 0.00205803
2 0.126563 0.0171875 0.196875 0.034375 0.00215149
0 0.335938 0.71875 0.265625 0.4875 0.00234413
1 0.325 0.528125 0.1375 0.2625 0.00266266
2 0.265625 0.579687 0.21875 0.246875 0.00288391
2 0.184375 0.684375 0.15625 0.41875 0.00632858
2 0.142188 0.907812 0.109375 0.171875 0.007164
2 0.18125 0.876562 0.1625 0.234375 0.0187836
1 0.259375 0.692187 0.26875 0.440625 0.0301971
1 0.39375 0.509375 0.2 0.28125 0.0635986
2 0.3875 0.689062 0.25 0.584375 0.203857
1 0.409375 0.654688 0.2125 0.578125 0.512207
2 0.270312 0.732813 0.328125 0.534375 0.865723
