0 0.38125 0.567187 0.20625 0.465625 0.00109863
2 0.959375 0.121875 0.08125 0.24375 0.00116539
1 0.828125 0.021875 0.1625 0.04375 0.00124931
0 0.254687 0.617188 0.178125 0.503125 0.00164032
1 0.13125 0.567187 0.2125 0.709375 0.0017004
0 0.946875 0.1 0.10625 0.18125 0.00175762
0 0.775 0.26875 0.2375 0.4875 0.00205421
1 0.8125 0.257812 0.225 0.496875 0.00250244
2 0.121875 0.01875 0.1875 0.0375 0.00251579
1 0.071875 0.582812 0.09375 0.596875 0.0028038
0 0.825 0.735937 0.18125 0.484375 0.00314903
2 0.670313 0.640625 0.234375 0.20625 0.0033226
0 0.0734375 0.58125 0.109375 0.625 0.00361252
0 0.473437 0.56875 0.209375 0.50625 0.00918579
2 0.815625 0.778125 0.20625 0.44375 0.0167389
2 0.584375 0.789062 0.13125 0.409375 0.0596924
2 0.870313 0.89375 0.184375 0.2125 0.425293
2 0.673437 0.773438 0.296875 0.453125 0.920898
