0 0.0375 0.584375 0.0625 0.60625 0.00132275
0 0.94375 0.0984375 0.1125 0.178125 0.00172234
1 0.834375 0.0203125 0.16875 0.040625 0.00186539
2 0.1875 0.892187 0.13125 0.178125 0.00189018
2 0.120312 0.01875 0.184375 0.0375 0.00257874
1 0.1125 0.315625 0.18125 0.60625 0.0029583
2 0.24375 0.928125 0.13125 0.13125 0.0031929
2 0.2875 0.920313 0.15625 0.159375 0.00462723
1 0.273438 0.50625 0.196875 0.21875 0.00675583
0 0.071875 0.585938 0.125 0.653125 0.00815582
1 0.296875 0.657812 0.225 0.553125 0.0523987
2 0.295312 0.698438 0.221875 0.603125 0.808105
