2 0.501562 0.632812 0.253125 0.484375 0.00108242
0 0.109375 0.585938 0.14375 0.565625 0.00109673
1 0.485938 0.629687 0.221875 0.340625 0.00112629
1 0.771875 0.326562 0.275 0.653125 0.00113297
0 0.46875 0.854688 0.1625 0.265625 0.00128555
0 0.3 0.1375 0.125 0.2375 0.00157547
0 0.04375 0.576563 0.075 0.634375 0.00166988
0 0.76875 0.314063 0.2375 0.603125 0.00192928
2 0.4875 0.673437 0.2125 0.234375 0.0023613
1 0.301562 0.160938 0.121875 0.265625 0.00242805
1 0.0703125 0.578125 0.096875 0.63125 0.00373077
0 0.520312 0.625 0.203125 0.375 0.00410461
2 0.471875 0.826563 0.15 0.340625 0.00416183
0 0.36875 0.176563 0.175 0.309375 0.0664062
0 0.539062 0.171875 0.165625 0.3125 0.0756836
1 0.528125 0.175 0.16875 0.31875 0.733398
1 0.364062 0.175 0.184375 0.3125 0.800293
