0 0.94375 0.284375 0.1125 0.51875 0.0013504
0 0.0375 0.576563 0.0625 0.609375 0.00166988
0 0.965625 0.16875 0.06875 0.3375 0.00245857
2 0.49375 0.76875 0.275 0.4625 0.00265694
2 0.896875 0.9125 0.175 0.1625 0.00338745
0 0.821875 0.228125 0.2625 0.44375 0.00352287
1 0.0734375 0.578125 0.109375 0.63125 0.00426865
0 0.096875 0.44375 0.19375 0.80625 0.00450134
0 0.83125 0.507812 0.2 0.265625 0.00720596
1 0.1125 0.434375 0.2125 0.7375 0.00799561
0 0.075 0.573438 0.11875 0.671875 0.00832367
0 0.94375 0.1 0.1125 0.19375 0.0325012
0 0.842188 0.684375 0.203125 0.60625 0.958008
1 0.365625 0.3375 0.21875 0.49375 0.962402
