0 0.570312 0.570312 0.184375 0.421875 0.0010891
1 0.528125 0.634375 0.2 0.3625 0.00109959
1 0.304688 0.14375 0.203125 0.275 0.00120258
1 0.845312 0.278125 0.221875 0.50625 0.00121593
1 0.453125 0.525 0.275 0.59375 0.00129509
2 0.1125 0.0234375 0.175 0.046875 0.00153446
2 0.078125 0.0671875 0.13125 0.134375 0.00156879
2 0.476562 0.814062 0.146875 0.334375 0.00163651
2 0.0671875 0.604688 0.071875 0.571875 0.0023098
1 0.7375 0.2625 0.2625 0.51875 0.00238037
2 0.9625 0.09375 0.075 0.1875 0.00253677
0 0.476562 0.46875 0.171875 0.40625 0.00259018
2 0.495313 0.68125 0.196875 0.23125 0.00327873
0 0.517187 0.66875 0.190625 0.3 0.00354195
0 0.721875 0.2375 0.18125 0.45 0.00563431
1 0.946875 0.09375 0.1 0.18125 0.0056839
0 0.046875 0.582812 0.0875 0.653125 0.00592422
0 0.946875 0.09375 0.10625 0.18125 0.00627899
1 0.0640625 0.5875 0.078125 0.6125 0.0122757
0 0.235938 0.148438 0.165625 0.284375 0.0558167
1 0.229687 0.15 0.159375 0.275 0.724609
