2 0.123438 0.01875 0.209375 0.0375 0.00106907
1 0.825 0.0234375 0.15625 0.046875 0.00115585
0 0.0375 0.582812 0.0625 0.609375 0.00147915
2 0.451562 0.4375 0.228125 0.51875 0.00183392
0 0.103125 0.453125 0.20625 0.80625 0.00219154
0 0.6875 0.4375 0.225 0.525 0.00377655
1 0.075 0.578125 0.1125 0.6375 0.00406265
1 0.132812 0.457812 0.240625 0.778125 0.00412369
0 0.0765625 0.575 0.121875 0.68125 0.0107498
0 0.945312 0.0953125 0.109375 0.184375 0.0417175
1 0.676562 0.435937 0.228125 0.528125 0.922852
1 0.451562 0.43125 0.228125 0.5375 0.946777
