0 0.83125 0.334375 0.225 0.55625 0.00103283
2 0.470313 0.928125 0.140625 0.13125 0.00103569
1 0.834375 0.278125 0.21875 0.525 0.00106239
1 0.55 0.19375 0.375 0.3875 0.00106525
0 0.470313 0.854688 0.159375 0.265625 0.00132656
2 0.503125 0.623438 0.25625 0.490625 0.00139618
0 0.04375 0.578125 0.075 0.64375 0.00184822
1 0.485938 0.61875 0.221875 0.35625 0.00194645
2 0.4875 0.670313 0.2125 0.228125 0.00254822
1 0.528125 0.260938 0.15625 0.140625 0.00316238
1 0.06875 0.576563 0.1 0.640625 0.00362206
2 0.471875 0.821875 0.15 0.35 0.00574112
0 0.521875 0.620313 0.20625 0.378125 0.00799561
0 0.360938 0.182812 0.178125 0.309375 0.0147934
0 0.546875 0.171875 0.18125 0.31875 0.139038
1 0.54375 0.178125 0.18125 0.33125 0.852051
1 0.360938 0.185937 0.184375 0.334375 0.908691
