0 0.635938 0.278125 0.184375 0.475 0.00119686
1 0.823438 0.021875 0.159375 0.04375 0.00129986
0 0.76875 0.23125 0.15 0.44375 0.00148869
1 0.075 0.5875 0.1125 0.625 0.00164604
0 0.710938 0.0796875 0.196875 0.128125 0.00201607
2 0.6125 0.284375 0.19375 0.5125 0.00211525
1 0.140625 0.575 0.23125 0.675 0.00215721
1 0.71875 0.165625 0.11875 0.30625 0.00228882
2 0.959375 0.114063 0.08125 0.228125 0.00243568
1 0.4875 0.670313 0.18125 0.253125 0.00272369
0 0.507812 0.678125 0.190625 0.26875 0.00302315
0 0.0765625 0.584375 0.121875 0.6625 0.00325203
0 0.7125 0.182812 0.175 0.346875 0.00384903
2 0.478125 0.740625 0.20625 0.43125 0.00394821
1 0.95 0.0953125 0.09375 0.184375 0.00503159
0 0.439063 0.2875 0.203125 0.4875 0.00653458
1 0.742188 0.260938 0.178125 0.465625 0.00694656
0 0.948438 0.096875 0.103125 0.18125 0.00708008
1 0.834375 0.270312 0.19375 0.503125 0.00930023
1 0.615625 0.289062 0.19375 0.503125 0.892578
1 0.432813 0.28125 0.196875 0.4875 0.914551
