2 0.125 0.01875 0.2 0.0375 0.00104141
2 0.467187 0.823438 0.134375 0.321875 0.00109863
2 0.965625 0.1 0.06875 0.19375 0.0011816
1 0.1125 0.351562 0.1875 0.634375 0.00132561
0 0.103125 0.5875 0.14375 0.6 0.00132942
0 0.471875 0.0671875 0.175 0.128125 0.0014658
1 0.678125 0.214062 0.10625 0.378125 0.00158787
1 0.553125 0.25 0.35625 0.5 0.0019331
0 0.696875 0.621875 0.15625 0.325 0.0019722
1 0.95 0.0921875 0.1 0.171875 0.00255966
1 0.351562 0.214062 0.109375 0.371875 0.00266838
1 0.521875 0.64375 0.16875 0.3375 0.0026722
0 0.04375 0.589063 0.08125 0.646875 0.00278664
0 0.7625 0.23125 0.18125 0.45 0.00317383
0 0.576563 0.215625 0.178125 0.41875 0.00330925
0 0.946875 0.0921875 0.10625 0.171875 0.00419998
1 0.071875 0.589063 0.10625 0.659375 0.00773239
0 0.517187 0.673437 0.159375 0.278125 0.00809479
1 0.778125 0.248437 0.23125 0.465625 0.0146942
1 0.4 0.226562 0.1875 0.415625 0.868652
1 0.571875 0.226562 0.18125 0.434375 0.913086
