1 0.828125 0.0203125 0.16875 0.040625 0.00105381
2 0.129688 0.01875 0.203125 0.0375 0.00137234
0 0.68125 0.61875 0.19375 0.38125 0.00141907
2 0.473437 0.775 0.159375 0.4125 0.00145054
1 0.823438 0.275 0.228125 0.51875 0.00160408
2 0.128125 0.645312 0.14375 0.565625 0.0019722
0 0.584375 0.164062 0.125 0.234375 0.00202942
0 0.523438 0.567187 0.228125 0.434375 0.0022049
1 0.1875 0.498437 0.2125 0.253125 0.00221825
1 0.117188 0.253125 0.215625 0.50625 0.00263405
0 0.476562 0.475 0.209375 0.4125 0.00296021
2 0.209375 0.921875 0.13125 0.14375 0.00383568
2 0.960938 0.096875 0.078125 0.1875 0.00455475
0 0.946875 0.1 0.10625 0.2 0.0057869
2 0.0703125 0.909375 0.140625 0.16875 0.00673676
1 0.95 0.0984375 0.09375 0.184375 0.0117798
1 0.201562 0.65625 0.253125 0.5625 0.0164795
2 0.198437 0.690625 0.253125 0.61875 0.834961
