1 0.826563 0.021875 0.165625 0.04375 0.00132275
2 0.223438 0.639063 0.115625 0.496875 0.0013504
1 0.115625 0.535937 0.1875 0.171875 0.00150394
0 0.709375 0.084375 0.1875 0.14375 0.00158596
2 0.121875 0.01875 0.19375 0.0375 0.00166798
1 0.115625 0.265625 0.2125 0.53125 0.00168037
2 0.303125 0.925 0.15625 0.15 0.00223732
2 0.178125 0.959375 0.21875 0.075 0.00232315
2 0.957812 0.115625 0.084375 0.23125 0.00234032
2 0.0375 0.582812 0.075 0.246875 0.00245667
2 0.11875 0.614062 0.225 0.303125 0.00273323
2 0.26875 0.953125 0.18125 0.09375 0.00284576
0 0.08125 0.560938 0.15 0.196875 0.00292397
1 0.685938 0.228125 0.209375 0.43125 0.00320435
2 0.040625 0.921875 0.075 0.15625 0.003479
0 0.729688 0.251563 0.228125 0.484375 0.00410461
0 0.948438 0.10625 0.103125 0.19375 0.00562668
0 0.684375 0.139062 0.1625 0.271875 0.0057373
0 0.15625 0.729688 0.275 0.521875 0.00706863
2 0.117188 0.935938 0.196875 0.128125 0.00829315
1 0.303125 0.503125 0.2 0.24375 0.00888062
2 0.115625 0.540625 0.1875 0.18125 0.0109024
2 0.228125 0.910937 0.2125 0.178125 0.0156555
2 0.040625 0.73125 0.08125 0.525 0.0353088
2 0.342187 0.65 0.234375 0.525 0.170898
1 0.3375 0.648438 0.24375 0.534375 0.78125
2 0.140625 0.721875 0.275 0.55 0.88916
