2 0.95625 0.115625 0.0875 0.225 0.00110817
0 0.828125 0.335938 0.2375 0.571875 0.00113773
0 0.685938 0.6125 0.190625 0.425 0.00114059
0 0.0421875 0.582812 0.078125 0.653125 0.00148487
1 0.832812 0.276563 0.215625 0.509375 0.00170803
1 0.948438 0.09375 0.096875 0.175 0.0018692
0 0.946875 0.09375 0.10625 0.175 0.00214005
0 0.3125 0.185937 0.1625 0.321875 0.00250244
1 0.0734375 0.58125 0.115625 0.6625 0.00296402
0 0.526563 0.571875 0.209375 0.44375 0.00302505
1 0.310937 0.185937 0.159375 0.309375 0.878418
