0 0.434375 0.460938 0.23125 0.440625 0.00104046
2 0.128125 0.0171875 0.2 0.034375 0.00104046
0 0.482812 0.564062 0.215625 0.446875 0.00120068
2 0.084375 0.90625 0.14375 0.16875 0.00158119
1 0.829687 0.275 0.209375 0.50625 0.00164413
0 0.685938 0.148438 0.196875 0.290625 0.00176334
0 0.814062 0.33125 0.234375 0.575 0.00253868
0 0.945312 0.0984375 0.109375 0.178125 0.00271416
1 0.0890625 0.489062 0.159375 0.253125 0.00410843
2 0.05 0.685938 0.09375 0.603125 0.00540543
1 0.828125 0.021875 0.1625 0.04375 0.00627518
0 0.721875 0.267188 0.2 0.534375 0.00934601
1 0.101562 0.226562 0.178125 0.409375 0.0118942
1 0.729688 0.290625 0.259375 0.54375 0.0292206
1 0.109375 0.654688 0.2 0.590625 0.13501
2 0.103125 0.678125 0.20625 0.63125 0.787598
