0 0.040625 0.575 0.075 0.68125 0.00105381
0 0.0796875 0.0375 0.153125 0.075 0.00127602
0 0.925 0.0546875 0.15 0.096875 0.00131321
1 0.365625 0.66875 0.19375 0.55 0.00207329
0 0.86875 0.335938 0.2 0.515625 0.0022316
0 0.5875 0.0734375 0.175 0.146875 0.00225067
0 0.673437 0.0640625 0.196875 0.128125 0.00247002
0 0.328125 0.146875 0.15625 0.25625 0.00255966
0 0.475 0.176563 0.2125 0.315625 0.00257111
0 0.128125 0.473437 0.225 0.746875 0.00274658
0 0.034375 0.0828125 0.06875 0.165625 0.00312233
2 0.425 0.65625 0.275 0.5375 0.00349236
0 0.629687 0.03125 0.196875 0.0625 0.00482559
0 0.620313 0.132812 0.165625 0.253125 0.00488281
0 0.0796875 0.3625 0.146875 0.7125 0.00662994
0 0.6125 0.49375 0.225 0.2625 0.0108948
1 0.396875 0.15625 0.18125 0.3 0.0151978
0 0.940625 0.09375 0.11875 0.1875 0.0265808
2 0.595312 0.675 0.228125 0.60625 0.0335999
0 0.48125 0.479688 0.16875 0.440625 0.048584
1 0.259375 0.167187 0.15 0.290625 0.100342
0 0.573438 0.209375 0.140625 0.3875 0.109009
1 0.696875 0.239063 0.21875 0.471875 0.151123
0 0.264062 0.159375 0.140625 0.275 0.621094
0 0.395312 0.151562 0.171875 0.303125 0.633301
0 0.50625 0.33125 0.20625 0.44375 0.705078
0 0.696875 0.2375 0.20625 0.475 0.750488
0 0.39375 0.659375 0.225 0.56875 0.808105
0 0.601562 0.671875 0.215625 0.60625 0.876465
