2 0.9125 0.95625 0.1625 0.0875 0.00103188
0 0.582812 0.160938 0.128125 0.240625 0.00123978
1 0.91875 0.354688 0.1625 0.559375 0.00147438
2 0.123438 0.0203125 0.190625 0.040625 0.00149536
2 0.721875 0.675 0.28125 0.2375 0.00178814
0 0.046875 0.589063 0.08125 0.621875 0.00189114
2 0.957812 0.117188 0.084375 0.234375 0.00201797
0 0.359375 0.5375 0.33125 0.675 0.00214386
0 0.109375 0.589063 0.15 0.571875 0.00237465
0 0.7625 0.671875 0.25625 0.25 0.00278282
0 0.328125 0.473437 0.2 0.434375 0.00313568
1 0.817187 0.025 0.165625 0.04375 0.00383377
2 0.8875 0.828125 0.1625 0.34375 0.00418854
0 0.946875 0.101562 0.10625 0.190625 0.00502014
1 0.264062 0.626562 0.209375 0.496875 0.00503159
0 0.890625 0.779688 0.1625 0.440625 0.00531006
2 0.957812 0.915625 0.071875 0.1625 0.00550079
1 0.075 0.590625 0.10625 0.625 0.00579453
0 0.857813 0.342187 0.246875 0.578125 0.00645447
0 0.435937 0.570312 0.221875 0.503125 0.00887299
0 0.267188 0.626562 0.215625 0.509375 0.0113297
2 0.5375 0.870313 0.13125 0.246875 0.0152817
2 0.607813 0.7875 0.271875 0.40625 0.0774536
2 0.715625 0.782812 0.55625 0.434375 0.963379
