0 0.0609375 0.645312 0.121875 0.521875 0.00113487
2 0.0234375 0.94375 0.046875 0.1125 0.00118637
1 0.146875 0.634375 0.11875 0.51875 0.00119495
2 0.104687 0.801562 0.171875 0.396875 0.00131512
2 0.125 0.01875 0.1875 0.0375 0.00141048
0 0.94375 0.104687 0.1125 0.209375 0.00158501
0 0.589063 0.164062 0.121875 0.265625 0.00161934
2 0.959375 0.115625 0.08125 0.23125 0.00173569
0 0.529688 0.567187 0.196875 0.396875 0.00318718
1 0.948438 0.0984375 0.103125 0.184375 0.0034008
1 0.05625 0.442187 0.1 0.265625 0.00923157
2 0.03125 0.85 0.0625 0.28125 0.0135651
1 0.0703125 0.651563 0.134375 0.578125 0.399902
2 0.0734375 0.676562 0.140625 0.646875 0.795898
