2 0.132812 0.01875 0.196875 0.0375 0.00104332
1 0.14375 0.629687 0.15 0.515625 0.00109386
1 0.832812 0.2625 0.221875 0.4875 0.00115108
1 0.1125 0.25 0.20625 0.5 0.00137138
0 0.0734375 0.490625 0.134375 0.275 0.0014677
1 0.0453125 0.607813 0.084375 0.521875 0.0015173
0 0.520312 0.689062 0.165625 0.253125 0.00154591
1 0.071875 0.485938 0.13125 0.271875 0.00172424
2 0.0671875 0.85625 0.134375 0.23125 0.00278473
0 0.935938 0.1 0.128125 0.18125 0.00420761
2 0.0375 0.864062 0.075 0.171875 0.00484085
0 0.0984375 0.632812 0.178125 0.521875 0.0343933
0 0.542188 0.229687 0.190625 0.409375 0.0558777
2 0.078125 0.660937 0.15 0.559375 0.413086
1 0.0875 0.6625 0.175 0.56875 0.674316
1 0.542188 0.223438 0.196875 0.415625 0.831055
