0 0.73125 0.548437 0.2125 0.303125 0.0015049
0 0.753125 0.23125 0.1125 0.40625 0.00163174
0 0.501562 0.66875 0.209375 0.3375 0.00183201
0 0.159375 0.459375 0.225 0.70625 0.00186348
1 0.871875 0.35625 0.23125 0.60625 0.00187111
0 0.0390625 0.58125 0.065625 0.6 0.00217628
2 0.501562 0.670313 0.228125 0.390625 0.00223732
0 0.714063 0.135937 0.184375 0.265625 0.0026741
0 0.685938 0.0796875 0.178125 0.153125 0.00273323
0 0.515625 0.175 0.1375 0.2875 0.00312042
0 0.946875 0.0828125 0.10625 0.159375 0.00420761
0 0.223438 0.5875 0.265625 0.625 0.00505447
1 0.0703125 0.579687 0.103125 0.628125 0.00538635
0 0.876562 0.357812 0.215625 0.559375 0.00605774
0 0.0703125 0.576563 0.115625 0.665625 0.0143051
1 0.260938 0.15625 0.103125 0.25 0.0157928
0 0.2625 0.157813 0.10625 0.253125 0.0226135
1 0.675 0.3 0.225 0.5375 0.357422
1 0.453125 0.296875 0.20625 0.50625 0.381104
0 0.68125 0.296875 0.21875 0.51875 0.709473
0 0.451562 0.295312 0.203125 0.496875 0.782715
