0 0.0796875 0.13125 0.146875 0.25 0.0010128
2 0.821875 0.715625 0.18125 0.56875 0.00121117
0 0.03125 0.084375 0.0625 0.16875 0.00135517
2 0.157813 0.835938 0.190625 0.284375 0.00138187
0 0.964063 0.0640625 0.071875 0.121875 0.00148106
2 0.959375 0.935938 0.08125 0.128125 0.00164509
0 0.125 0.39375 0.20625 0.28125 0.00170612
2 0.28125 0.907812 0.15 0.171875 0.0017519
2 0.28125 0.80625 0.1625 0.3875 0.00192738
0 0.28125 0.80625 0.15625 0.3875 0.00203896
0 0.4375 0.475 0.1875 0.31875 0.00209045
2 0.525 0.9 0.24375 0.175 0.00258255
0 0.698438 0.617188 0.153125 0.521875 0.00267029
0 0.89375 0.482812 0.15 0.153125 0.00278664
0 0.54375 0.501562 0.20625 0.284375 0.00282288
0 0.0390625 0.61875 0.071875 0.61875 0.00305557
0 0.6375 0.58125 0.15 0.575 0.00325394
0 0.83125 0.63125 0.1875 0.54375 0.00345802
1 0.3375 0.285937 0.2 0.503125 0.00361061
1 0.0828125 0.271875 0.159375 0.5 0.00408554
0 0.367188 0.132812 0.190625 0.240625 0.00462723
0 0.08125 0.371875 0.1625 0.48125 0.00466156
1 0.94375 0.25625 0.10625 0.49375 0.00489426
2 0.798437 0.842188 0.228125 0.265625 0.00527954
0 0.240625 0.635938 0.15 0.528125 0.00536728
0 0.040625 0.314063 0.075 0.546875 0.00550079
0 0.159375 0.4875 0.2125 0.35 0.00733948
0 0.767187 0.36875 0.159375 0.29375 0.00753403
0 0.485938 0.679688 0.165625 0.503125 0.0100632
1 0.69375 0.139062 0.2125 0.265625 0.0107803
0 0.91875 0.534375 0.15 0.23125 0.0113907
0 0.715625 0.307813 0.23125 0.315625 0.0137787
0 0.954687 0.68125 0.084375 0.5375 0.0156097
2 0.970312 0.723437 0.059375 0.540625 0.020813
0 0.9625 0.240625 0.075 0.48125 0.0264893
0 0.426562 0.732813 0.209375 0.471875 0.0354919
0 0.94375 0.0921875 0.1125 0.178125 0.0379028
0 0.785937 0.482812 0.165625 0.334375 0.040741
0 0.103125 0.226562 0.1875 0.384375 0.0438232
0 0.276563 0.540625 0.190625 0.33125 0.0487976
0 0.370313 0.628125 0.246875 0.38125 0.0497742
2 0.93125 0.901563 0.1375 0.190625 0.0623474
2 0.885938 0.839063 0.203125 0.309375 0.0667725
0 0.682813 0.132812 0.209375 0.265625 0.0958862
0 0.303125 0.682813 0.2375 0.559375 0.146484
2 0.9625 0.867188 0.075 0.265625 0.172119
2 0.901563 0.682813 0.196875 0.565625 0.288086
2 0.379687 0.875 0.278125 0.2375 0.643555
0 0.76875 0.645312 0.18125 0.615625 0.666504
0 0.904688 0.704687 0.184375 0.590625 0.775879
2 0.354688 0.73125 0.315625 0.5 0.776855
0 0.692187 0.446875 0.178125 0.48125 0.848633
0 0.34375 0.290625 0.19375 0.48125 0.863281
0 0.129688 0.626562 0.203125 0.621875 0.894043
0 0.557813 0.660937 0.203125 0.578125 0.899902
