2 0.601562 0.9625 0.221875 0.0625 0.00103664
0 0.192188 0.0796875 0.165625 0.153125 0.00107765
0 0.196875 0.61875 0.13125 0.6 0.00108528
0 0.279687 0.145313 0.184375 0.265625 0.00116634
2 0.59375 0.929688 0.25 0.128125 0.00117302
0 0.682813 0.0296875 0.209375 0.059375 0.00131321
0 0.142188 0.179688 0.228125 0.359375 0.00138092
2 0.454688 0.935938 0.215625 0.121875 0.00144005
0 0.390625 0.321875 0.16875 0.34375 0.0015192
0 0.682813 0.0671875 0.203125 0.134375 0.00166512
0 0.304688 0.871875 0.321875 0.21875 0.00172901
2 0.409375 0.957812 0.21875 0.078125 0.00213051
0 0.0390625 0.334375 0.078125 0.66875 0.00213432
0 0.920313 0.6 0.146875 0.4875 0.00271797
0 0.071875 0.125 0.13125 0.2375 0.00277901
0 0.871875 0.226562 0.2125 0.446875 0.00316238
0 0.06875 0.0421875 0.1375 0.084375 0.0032692
2 0.271875 0.959375 0.29375 0.06875 0.00333214
2 0.357812 0.925 0.259375 0.1375 0.00375557
0 0.0765625 0.578125 0.146875 0.69375 0.00382233
0 0.965625 0.198437 0.06875 0.396875 0.00385094
1 0.401563 0.164062 0.178125 0.328125 0.00421906
2 0.9625 0.875 0.075 0.24375 0.00422287
2 0.832812 0.71875 0.334375 0.55 0.00452423
0 0.85625 0.88125 0.2875 0.21875 0.00478745
1 0.226562 0.167187 0.190625 0.328125 0.00479889
0 0.7125 0.123438 0.2 0.240625 0.00539017
0 0.857813 0.485938 0.215625 0.228125 0.00576782
0 0.775 0.832812 0.31875 0.290625 0.007164
0 0.0359375 0.084375 0.071875 0.16875 0.00921631
2 0.846875 0.907812 0.30625 0.178125 0.00967407
0 0.940625 0.260938 0.11875 0.503125 0.0109253
0 0.96875 0.634375 0.0625 0.53125 0.0111313
0 0.942187 0.0859375 0.115625 0.171875 0.0176544
0 0.289062 0.401563 0.240625 0.253125 0.0204315
2 0.307813 0.7625 0.328125 0.475 0.0220184
1 0.321875 0.196875 0.19375 0.375 0.0295715
2 0.175 0.971875 0.18125 0.05625 0.0316467
2 0.171875 0.928125 0.18125 0.125 0.0409851
1 0.659375 0.221875 0.225 0.43125 0.076355
2 0.6875 0.939062 0.275 0.115625 0.174927
0 0.360938 0.670313 0.184375 0.490625 0.227905
0 0.404687 0.1625 0.159375 0.325 0.229492
0 0.207813 0.1625 0.159375 0.3 0.283936
2 0.276563 0.88125 0.390625 0.23125 0.687012
0 0.326562 0.196875 0.178125 0.3875 0.742188
0 0.660937 0.21875 0.209375 0.43125 0.779785
0 0.28125 0.614062 0.23125 0.615625 0.781738
0 0.854688 0.645312 0.265625 0.596875 0.795898
2 0.7625 0.86875 0.45 0.25 0.868652
