0 0.592188 0.165625 0.128125 0.24375 0.00103664
1 0.0375 0.582812 0.0625 0.571875 0.00107098
2 0.126563 0.01875 0.184375 0.0375 0.0010767
0 0.685938 0.607813 0.196875 0.434375 0.00108624
0 0.95 0.090625 0.1 0.1625 0.00111103
1 0.215625 0.65625 0.20625 0.5375 0.00114441
2 0.9625 0.1 0.075 0.19375 0.00116444
0 0.564062 0.617188 0.209375 0.440625 0.00124645
2 0.223438 0.665625 0.165625 0.48125 0.00130558
0 0.834375 0.339063 0.23125 0.559375 0.00154018
1 0.826563 0.021875 0.159375 0.04375 0.00159168
1 0.829687 0.270312 0.215625 0.509375 0.0015974
0 0.96875 0.646875 0.0625 0.24375 0.00165653
0 0.0421875 0.58125 0.078125 0.6125 0.00180531
0 0.940625 0.659375 0.11875 0.28125 0.00230598
1 0.0671875 0.584375 0.096875 0.6 0.00328255
2 0.951563 0.953125 0.090625 0.09375 0.00462341
0 0.4875 0.571875 0.2 0.4375 0.00600433
2 0.970312 0.690625 0.059375 0.34375 0.00608063
2 0.907812 0.79375 0.171875 0.40625 0.856934
