2 0.278125 0.821875 0.13125 0.35625 0.00103569
2 0.957812 0.096875 0.084375 0.19375 0.00108814
0 0.5875 0.165625 0.125 0.25625 0.00115108
1 0.545313 0.779688 0.140625 0.421875 0.00125122
2 0.120312 0.01875 0.184375 0.0375 0.00136757
0 0.946875 0.096875 0.10625 0.175 0.00150871
0 0.409375 0.764063 0.3375 0.471875 0.00155735
2 0.546875 0.69375 0.1375 0.2875 0.00190926
1 0.0765625 0.589063 0.109375 0.609375 0.0025692
1 0.517187 0.685938 0.159375 0.278125 0.00276375
0 0.489062 0.670313 0.209375 0.290625 0.00324059
1 0.378125 0.628125 0.25625 0.24375 0.00395584
0 0.078125 0.585938 0.11875 0.640625 0.00455475
2 0.409375 0.625 0.24375 0.24375 0.0104752
2 0.276563 0.9125 0.121875 0.1625 0.0126572
2 0.240625 0.890625 0.1 0.20625 0.0174866
2 0.33125 0.770312 0.175 0.453125 0.0238953
2 0.510938 0.775 0.190625 0.4375 0.115295
2 0.407813 0.754687 0.384375 0.478125 0.891602
