2 0.254687 0.923437 0.115625 0.140625 0.00101852
0 0.121875 0.271875 0.21875 0.54375 0.00117016
0 0.521875 0.129688 0.15625 0.259375 0.00123692
1 0.120312 0.317187 0.196875 0.528125 0.00129986
2 0.959375 0.1 0.08125 0.2 0.0018425
0 0.16875 0.590625 0.2 0.2375 0.00193691
2 0.125 0.0171875 0.1875 0.034375 0.00210762
1 0.951563 0.096875 0.096875 0.18125 0.00246811
1 0.525 0.14375 0.18125 0.26875 0.00297546
0 0.448438 0.476562 0.271875 0.471875 0.00324059
0 0.948438 0.096875 0.103125 0.18125 0.00344467
0 0.184375 0.729688 0.20625 0.509375 0.00345993
2 0.159375 0.867188 0.18125 0.240625 0.0037899
0 0.523438 0.571875 0.209375 0.425 0.00534058
0 0.426562 0.132812 0.140625 0.228125 0.0749512
1 0.420312 0.1375 0.140625 0.21875 0.257324
2 0.165625 0.732813 0.2125 0.521875 0.909668
