0 0.914062 0.451562 0.171875 0.696875 0.00116348
1 0.839063 0.285937 0.228125 0.521875 0.00117397
0 0.473437 0.465625 0.171875 0.3875 0.00126266
1 0.428125 0.454688 0.24375 0.515625 0.00137615
1 0.948438 0.09375 0.096875 0.175 0.00144577
0 0.946875 0.0953125 0.10625 0.171875 0.00163746
0 0.84375 0.35625 0.2375 0.60625 0.00167179
2 0.126563 0.01875 0.190625 0.0375 0.00193214
1 0.03125 0.571875 0.05625 0.5375 0.0020256
0 0.7375 0.290625 0.15 0.45625 0.00206566
1 0.0671875 0.576563 0.134375 0.609375 0.00213814
1 0.114063 0.7125 0.190625 0.575 0.0024395
2 0.120312 0.940625 0.190625 0.10625 0.00260353
1 0.828125 0.021875 0.15625 0.04375 0.00301552
0 0.0359375 0.567187 0.071875 0.565625 0.00304031
2 0.0421875 0.854688 0.078125 0.290625 0.00456238
2 0.0515625 0.75 0.096875 0.38125 0.0249176
2 0.103125 0.842188 0.19375 0.309375 0.895508
