2 0.71875 0.914062 0.14375 0.159375 0.00126743
0 0.034375 0.578125 0.0625 0.59375 0.00129986
1 0.83125 0.021875 0.1625 0.04375 0.00146866
0 0.573438 0.740625 0.321875 0.44375 0.00148582
0 0.460938 0.667188 0.234375 0.284375 0.00149441
1 0.270312 0.46875 0.259375 0.65 0.00168324
0 0.282813 0.473437 0.215625 0.496875 0.00175762
0 0.139062 0.548437 0.228125 0.734375 0.00192547
2 0.467187 0.959375 0.196875 0.075 0.00198555
2 0.123438 0.01875 0.190625 0.0375 0.00212097
1 0.0734375 0.579687 0.115625 0.615625 0.00229454
0 0.828125 0.345313 0.2375 0.584375 0.00316429
2 0.571875 0.679688 0.30625 0.346875 0.00463104
0 0.075 0.575 0.125 0.64375 0.00596237
2 0.65625 0.8125 0.28125 0.375 0.00676346
2 0.520312 0.625 0.265625 0.20625 0.00915527
2 0.407813 0.779688 0.209375 0.421875 0.571289
2 0.539062 0.760938 0.478125 0.478125 0.925781
