1 0.276563 0.578125 0.209375 0.53125 0.00106144
0 0.56875 0.773438 0.39375 0.446875 0.00107002
1 0.829687 0.021875 0.165625 0.04375 0.00116825
2 0.523438 0.959375 0.209375 0.06875 0.00138378
2 0.123438 0.01875 0.184375 0.0375 0.00140667
2 0.964063 0.096875 0.071875 0.19375 0.00149155
2 0.432813 0.895312 0.128125 0.196875 0.00223732
0 0.948438 0.09375 0.103125 0.175 0.00231552
1 0.075 0.584375 0.1125 0.60625 0.00245476
0 0.278125 0.579687 0.21875 0.546875 0.00344086
0 0.0765625 0.582812 0.121875 0.634375 0.00374413
2 0.529688 0.634375 0.253125 0.2 0.00611115
2 0.698438 0.820312 0.228125 0.359375 0.00625229
2 0.435937 0.790625 0.159375 0.41875 0.0699463
2 0.565625 0.765625 0.45625 0.46875 0.939453
