2 0.954687 0.115625 0.090625 0.23125 0.00116348
0 0.21875 0.53125 0.2 0.33125 0.00120258
1 0.829687 0.0234375 0.165625 0.046875 0.00121117
0 0.8375 0.342187 0.2375 0.571875 0.00156593
0 0.585938 0.159375 0.128125 0.25 0.00178719
2 0.720312 0.903125 0.140625 0.18125 0.00215721
2 0.121875 0.01875 0.1875 0.0375 0.00239563
0 0.94375 0.0984375 0.1125 0.178125 0.003088
2 0.173438 0.870313 0.196875 0.140625 0.0044899
1 0.10625 0.232812 0.19375 0.465625 0.00676727
1 0.532812 0.623438 0.246875 0.209375 0.00943756
2 0.6625 0.8125 0.275 0.375 0.015625
2 0.532812 0.625 0.246875 0.2125 0.0247803
0 0.19375 0.665625 0.26875 0.5625 0.0779419
2 0.432813 0.8125 0.178125 0.375 0.108704
2 0.178125 0.659375 0.275 0.55625 0.248657
1 0.184375 0.659375 0.26875 0.56875 0.777832
2 0.553125 0.757812 0.45625 0.484375 0.964355
