1 0.271875 0.46875 0.2625 0.6125 0.00112724
2 0.13125 0.01875 0.2 0.0375 0.00113392
2 0.0640625 0.76875 0.128125 0.4625 0.00123119
0 0.589063 0.167187 0.134375 0.240625 0.00133514
2 0.453125 0.734375 0.23125 0.41875 0.00168514
0 0.459375 0.665625 0.23125 0.28125 0.00189018
2 0.9625 0.101562 0.075 0.196875 0.00239182
0 0.129688 0.678125 0.171875 0.53125 0.00240326
1 0.951563 0.0984375 0.090625 0.184375 0.00251198
1 0.475 0.628125 0.2375 0.2 0.00270462
0 0.825 0.3375 0.2375 0.5625 0.00276566
2 0.565625 0.676562 0.3 0.334375 0.00296021
1 0.826563 0.0234375 0.159375 0.046875 0.00310135
0 0.028125 0.489062 0.05625 0.484375 0.00325584
1 0.104687 0.334375 0.190625 0.6375 0.0033226
0 0.95 0.0984375 0.1 0.178125 0.00368309
0 0.571875 0.773438 0.34375 0.453125 0.00379562
2 0.123438 0.726562 0.178125 0.496875 0.00452042
0 0.0546875 0.470313 0.103125 0.553125 0.00681686
2 0.653125 0.8125 0.26875 0.375 0.00805664
2 0.473437 0.626562 0.240625 0.203125 0.0142288
0 0.0375 0.6375 0.075 0.475 0.01651
1 0.046875 0.584375 0.08125 0.525 0.0231323
2 0.0390625 0.676562 0.078125 0.540625 0.135254
2 0.3875 0.782812 0.2 0.415625 0.657715
2 0.534375 0.764063 0.4875 0.471875 0.935547
