0 0.4625 0.660937 0.19375 0.284375 0.00102806
0 0.034375 0.576563 0.05625 0.596875 0.00107479
2 0.75 0.871875 0.1 0.24375 0.00115299
2 0.123438 0.01875 0.196875 0.0375 0.00116825
2 0.710938 0.9125 0.128125 0.1625 0.00124645
0 0.90625 0.532812 0.175 0.603125 0.00126457
1 0.8125 0.26875 0.21875 0.5125 0.00187588
1 0.0734375 0.578125 0.109375 0.625 0.0022831
0 0.810938 0.332812 0.221875 0.559375 0.00274086
2 0.559375 0.640625 0.26875 0.24375 0.00380707
1 0.470313 0.617188 0.228125 0.184375 0.00399399
0 0.075 0.575 0.11875 0.6625 0.00735474
2 0.648438 0.8125 0.246875 0.36875 0.008461
2 0.470313 0.61875 0.228125 0.1875 0.0106049
2 0.56875 0.7625 0.35625 0.475 0.838379
2 0.384375 0.776563 0.24375 0.434375 0.875
