0 0.459375 0.682813 0.1125 0.521875 0.00107956
2 0.954687 0.1125 0.090625 0.225 0.00110054
0 0.129688 0.451562 0.234375 0.759375 0.00174809
0 0.0375 0.584375 0.0625 0.6125 0.00180149
2 0.128125 0.01875 0.2 0.0375 0.00184822
1 0.365625 0.685938 0.2125 0.571875 0.00191879
0 0.128125 0.63125 0.1625 0.5875 0.00281143
1 0.0765625 0.584375 0.121875 0.64375 0.00348282
0 0.94375 0.096875 0.1125 0.19375 0.00541306
0 0.75625 0.303125 0.2625 0.59375 0.00632858
1 0.94375 0.0921875 0.10625 0.178125 0.0110626
0 0.078125 0.578125 0.13125 0.69375 0.0164032
0 0.384375 0.7 0.2375 0.5625 0.285645
2 0.385938 0.70625 0.240625 0.58125 0.842773
