2 0.629687 0.959375 0.253125 0.075 0.00102329
2 0.748438 0.778125 0.153125 0.44375 0.00113583
0 0.0359375 0.584375 0.059375 0.61875 0.00124836
0 0.43125 0.471875 0.1875 0.38125 0.00126553
0 0.354688 0.775 0.159375 0.43125 0.00128841
2 0.371875 0.925 0.1625 0.14375 0.00129223
0 0.523438 0.73125 0.159375 0.4625 0.00131798
2 0.0734375 0.898438 0.146875 0.184375 0.00148296
1 0.825 0.26875 0.2375 0.525 0.00190926
0 0.129688 0.570312 0.178125 0.559375 0.00205421
2 0.4875 0.821875 0.1625 0.35625 0.00254631
2 0.123438 0.0171875 0.190625 0.034375 0.00286484
0 0.7 0.7625 0.23125 0.475 0.00307083
0 0.8375 0.346875 0.25 0.59375 0.00389481
2 0.423438 0.873438 0.153125 0.253125 0.00568771
2 0.621875 0.585938 0.25 0.203125 0.0068779
0 0.078125 0.578125 0.13125 0.69375 0.0100861
2 0.525 0.732813 0.1625 0.478125 0.0113983
2 0.621875 0.739062 0.36875 0.503125 0.889648
2 0.282813 0.775 0.246875 0.45 0.937988
