1 0.826563 0.021875 0.165625 0.04375 0.00138283
0 0.609375 0.775 0.38125 0.45 0.00156307
2 0.123438 0.01875 0.184375 0.0375 0.00160885
1 0.539062 0.639063 0.209375 0.234375 0.00184822
2 0.521875 0.926562 0.23125 0.146875 0.00205421
0 0.139062 0.573438 0.221875 0.690625 0.00230408
1 0.0703125 0.595312 0.090625 0.596875 0.00240898
0 0.071875 0.590625 0.10625 0.61875 0.00308228
0 0.53125 0.676562 0.2 0.309375 0.00335503
2 0.476562 0.946875 0.153125 0.09375 0.00354767
2 0.571875 0.642187 0.26875 0.253125 0.00733566
2 0.440625 0.9125 0.11875 0.1625 0.049408
2 0.467187 0.782812 0.184375 0.428125 0.0563354
2 0.58125 0.760938 0.38125 0.478125 0.911133
