0 0.325 0.121875 0.15 0.19375 0.00113678
1 0.301562 0.0734375 0.140625 0.121875 0.00130367
2 0.473437 0.590625 0.221875 0.20625 0.00136757
2 0.5875 0.840625 0.2 0.30625 0.00186729
0 0.845312 0.353125 0.209375 0.55 0.00188637
2 0.120312 0.01875 0.196875 0.0375 0.00225067
1 0.326562 0.117188 0.146875 0.184375 0.00249481
0 0.864062 0.14375 0.153125 0.2875 0.00352287
2 0.9625 0.115625 0.075 0.23125 0.00377655
0 0.11875 0.570312 0.20625 0.684375 0.00678635
0 0.728125 0.126563 0.15625 0.246875 0.00931549
0 0.948438 0.103125 0.103125 0.19375 0.0115585
2 0.61875 0.910937 0.15 0.159375 0.0132065
1 0.717188 0.214062 0.184375 0.403125 0.0280457
0 0.475 0.189063 0.15 0.359375 0.0330505
0 0.760938 0.221875 0.140625 0.4 0.0704956
0 0.653125 0.198437 0.19375 0.384375 0.157349
1 0.645312 0.2 0.178125 0.3625 0.741211
1 0.482812 0.1875 0.159375 0.375 0.749512
1 0.329688 0.290625 0.196875 0.48125 0.907715
2 0.496875 0.740625 0.275 0.50625 0.922852
