2 0.028125 0.946875 0.05625 0.09375 0.0015583
2 0.0484375 0.86875 0.096875 0.2625 0.00176239
0 0.0671875 0.671875 0.134375 0.65625 0.00178337
0 0.034375 0.6875 0.0625 0.50625 0.00182915
0 0.945312 0.090625 0.109375 0.16875 0.00218201
2 0.0328125 0.903125 0.065625 0.18125 0.00626755
0 0.484375 0.126563 0.18125 0.215625 0.00677109
1 0.0515625 0.629687 0.096875 0.678125 0.0262909
1 0.482812 0.289062 0.190625 0.509375 0.622559
2 0.0390625 0.760938 0.078125 0.459375 0.648438
1 0.640625 0.295312 0.1875 0.509375 0.697754
0 0.485938 0.296875 0.190625 0.5125 0.702148
0 0.642187 0.29375 0.184375 0.5 0.76709
