1 0.829687 0.021875 0.165625 0.04375 0.00107384
0 0.946875 0.0984375 0.10625 0.178125 0.00112915
2 0.2 0.7125 0.10625 0.5375 0.00117207
1 0.309375 0.248437 0.2 0.384375 0.00126266
2 0.271875 0.534375 0.21875 0.225 0.00136089
2 0.348437 0.720312 0.128125 0.509375 0.001441
0 0.06875 0.5875 0.1125 0.6375 0.00171375
0 0.692187 0.575 0.196875 0.4625 0.00171852
2 0.125 0.0171875 0.19375 0.034375 0.00194168
1 0.275 0.51875 0.21875 0.19375 0.00197792
0 0.584375 0.153125 0.125 0.25 0.00250626
0 0.840625 0.353125 0.24375 0.5875 0.00307846
0 0.53125 0.570312 0.20625 0.446875 0.0114594
2 0.276563 0.7125 0.265625 0.5625 0.970703
