2 0.11875 0.0171875 0.2 0.034375 0.00101757
2 0.454688 0.917188 0.190625 0.078125 0.00103474
1 0.245312 0.426562 0.190625 0.190625 0.00120068
2 0.965625 0.121875 0.06875 0.24375 0.00133419
1 0.642187 0.675 0.165625 0.5 0.00153923
1 0.567187 0.478125 0.190625 0.23125 0.00156307
1 0.83125 0.0203125 0.16875 0.040625 0.00161266
0 0.0734375 0.590625 0.134375 0.6875 0.00170708
2 0.176563 0.864062 0.171875 0.190625 0.00183868
0 0.948438 0.0984375 0.103125 0.178125 0.00193691
0 0.865625 0.340625 0.2125 0.575 0.00259399
2 0.485938 0.892187 0.215625 0.134375 0.0136337
2 0.575 0.659375 0.2375 0.6 0.222534
1 0.2375 0.657812 0.24375 0.603125 0.610352
2 0.23125 0.657812 0.225 0.609375 0.64502
1 0.564062 0.660937 0.240625 0.609375 0.823242
