1 0.25 0.235938 0.16875 0.396875 0.00108528
0 0.46875 0.470313 0.175 0.371875 0.00112343
2 0.265625 0.028125 0.175 0.05 0.00113392
0 0.946875 0.103125 0.10625 0.20625 0.00153542
1 0.239063 0.173438 0.109375 0.271875 0.00201988
0 0.821875 0.335938 0.23125 0.565625 0.00218773
1 0.825 0.025 0.1625 0.05 0.00225639
2 0.954687 0.115625 0.090625 0.23125 0.00244713
2 0.128125 0.0203125 0.2125 0.040625 0.00255585
2 0.3625 0.878125 0.19375 0.23125 0.0029068
1 0.828125 0.276563 0.2125 0.515625 0.00313377
0 0.240625 0.790625 0.325 0.41875 0.00313568
1 0.948438 0.0984375 0.096875 0.184375 0.00365829
1 0.132812 0.323438 0.215625 0.621875 0.00471497
0 0.446875 0.542188 0.2625 0.603125 0.00611115
2 0.0453125 0.865625 0.090625 0.2625 0.00691223
2 0.0921875 0.815625 0.165625 0.36875 0.0764771
2 0.214062 0.7875 0.378125 0.425 0.849609
