1 0.489062 0.451562 0.346875 0.578125 0.0010252
2 0.129688 0.01875 0.203125 0.0375 0.00152493
2 0.523438 0.820312 0.153125 0.346875 0.00154114
0 0.0359375 0.58125 0.059375 0.6 0.00162506
0 0.135937 0.485938 0.246875 0.784375 0.00228691
0 0.946875 0.0984375 0.10625 0.178125 0.00237465
2 0.470313 0.815625 0.134375 0.325 0.00300598
1 0.0734375 0.582812 0.121875 0.634375 0.00414276
0 0.835938 0.345313 0.246875 0.559375 0.0128632
0 0.2625 0.553125 0.26875 0.65625 0.0129166
0 0.0765625 0.579687 0.128125 0.678125 0.0133209
0 0.528125 0.459375 0.18125 0.49375 0.0246124
0 0.496875 0.226562 0.20625 0.390625 0.279297
1 0.503125 0.221875 0.20625 0.36875 0.326416
1 0.529688 0.465625 0.184375 0.4875 0.863281
