2 0.0859375 0.03125 0.134375 0.0625 0.00100994
0 0.121875 0.559375 0.2 0.5875 0.00118542
1 0.310937 0.139062 0.128125 0.196875 0.00119495
1 0.254687 0.710938 0.146875 0.303125 0.0013895
1 0.482812 0.66875 0.159375 0.2375 0.00150013
1 0.821875 0.021875 0.15625 0.04375 0.00171185
0 0.295312 0.3 0.178125 0.475 0.00175285
1 0.435937 0.129688 0.121875 0.178125 0.00183487
1 0.371875 0.278125 0.1 0.4125 0.00234032
0 0.0359375 0.58125 0.065625 0.6 0.00247574
1 0.0625 0.339063 0.10625 0.634375 0.00256157
0 0.945312 0.0890625 0.109375 0.165625 0.00256538
0 0.0640625 0.340625 0.115625 0.68125 0.00270271
1 0.0640625 0.576563 0.090625 0.609375 0.00391388
2 0.298438 0.298438 0.184375 0.478125 0.00462341
0 0.065625 0.575 0.10625 0.65 0.00605774
0 0.775 0.314063 0.2375 0.571875 0.00681305
1 0.773438 0.314063 0.265625 0.603125 0.00694275
1 0.5625 0.265625 0.0875 0.39375 0.0116425
1 0.29375 0.292188 0.175 0.471875 0.867188
1 0.478125 0.309375 0.21875 0.49375 0.911621
