2 0.421875 0.854688 0.20625 0.290625 0.00108433
0 0.071875 0.120312 0.13125 0.234375 0.00116825
2 0.81875 0.965625 0.2125 0.06875 0.00119877
0 0.0765625 0.56875 0.140625 0.71875 0.00150013
0 0.629687 0.745313 0.128125 0.509375 0.00152111
0 0.678125 0.0390625 0.20625 0.078125 0.0016098
0 0.746875 0.123438 0.20625 0.246875 0.00161648
2 0.610937 0.91875 0.234375 0.1625 0.00167942
0 0.0453125 0.3625 0.084375 0.7125 0.00193501
0 0.435937 0.66875 0.134375 0.5 0.00221634
2 0.778125 0.89375 0.25 0.2125 0.00234985
2 0.923437 0.926562 0.140625 0.140625 0.00250816
2 0.610937 0.934375 0.128125 0.125 0.00253296
2 0.521875 0.964063 0.25625 0.065625 0.0026989
0 0.59375 0.164062 0.20625 0.309375 0.00318146
0 0.06875 0.0421875 0.1375 0.084375 0.00339127
2 0.426562 0.953125 0.153125 0.08125 0.0042572
0 0.8875 0.782812 0.15 0.434375 0.00437164
1 0.3 0.1875 0.2375 0.31875 0.00458527
0 0.407813 0.5 0.184375 0.4125 0.0049057
0 0.86875 0.339063 0.2 0.584375 0.0055809
0 0.103125 0.35 0.1625 0.5875 0.00582123
0 0.676562 0.70625 0.140625 0.5875 0.00628281
0 0.484375 0.571875 0.1875 0.39375 0.00751495
0 0.821875 0.642187 0.225 0.409375 0.00758743
1 0.65625 0.129688 0.2625 0.259375 0.00847626
2 0.901563 0.832812 0.165625 0.334375 0.0116959
0 0.257812 0.325 0.159375 0.55 0.0121078
2 0.3875 0.91875 0.11875 0.15 0.0146179
0 0.0375 0.08125 0.075 0.1625 0.0149689
1 0.707812 0.25625 0.246875 0.38125 0.0257874
0 0.945312 0.1125 0.109375 0.225 0.0307922
0 0.742188 0.617188 0.221875 0.434375 0.0333557
0 0.670313 0.36875 0.240625 0.3375 0.0362854
2 0.4875 0.9 0.2875 0.2 0.0427551
0 0.573438 0.490625 0.203125 0.35 0.0661011
0 0.523438 0.492188 0.190625 0.240625 0.0840454
0 0.6625 0.125 0.25 0.25 0.117493
0 0.776563 0.751562 0.265625 0.496875 0.159424
0 0.507812 0.717188 0.265625 0.559375 0.369873
0 0.692187 0.245312 0.265625 0.346875 0.374512
0 0.303125 0.209375 0.21875 0.325 0.427734
2 0.50625 0.729688 0.2875 0.540625 0.752441
0 0.648438 0.5625 0.184375 0.58125 0.809082
2 0.776563 0.74375 0.265625 0.5125 0.820312
0 0.3375 0.535937 0.2125 0.615625 0.888672
