2 0.954687 0.120312 0.090625 0.240625 0.00100136
1 0.825 0.021875 0.1625 0.04375 0.00122738
0 0.825 0.335938 0.2375 0.571875 0.00124264
0 0.132812 0.44375 0.165625 0.575 0.00134277
2 0.31875 0.801562 0.2375 0.346875 0.00146198
0 0.753125 0.270312 0.24375 0.484375 0.00153637
0 0.321875 0.485938 0.19375 0.390625 0.00154781
2 0.175 0.890625 0.175 0.15625 0.00186634
0 0.270312 0.434375 0.190625 0.23125 0.00207901
0 0.0359375 0.371875 0.065625 0.61875 0.00239372
2 0.239063 0.882812 0.171875 0.171875 0.00282288
2 0.296875 0.642187 0.2875 0.590625 0.00917816
0 0.364062 0.645312 0.146875 0.484375 0.017807
0 0.0765625 0.371875 0.146875 0.68125 0.0279236
1 0.359375 0.665625 0.15625 0.48125 0.0947266
1 0.278125 0.645312 0.2625 0.596875 0.558594
0 0.282813 0.646875 0.259375 0.61875 0.729004
