0 0.689062 0.56875 0.196875 0.45 0.0010643
0 0.575 0.420312 0.1875 0.384375 0.00110054
2 0.0265625 0.798437 0.053125 0.346875 0.00118065
0 0.525 0.565625 0.2125 0.41875 0.00179672
2 0.95625 0.115625 0.0875 0.23125 0.00190639
1 0.95 0.1 0.09375 0.1875 0.00196457
2 0.040625 0.94375 0.08125 0.1125 0.00206566
2 0.123438 0.01875 0.184375 0.0375 0.00245476
1 0.114063 0.35 0.196875 0.6125 0.00271988
0 0.475 0.473437 0.1875 0.403125 0.00325966
2 0.04375 0.871875 0.0875 0.24375 0.0278778
2 0.0828125 0.854688 0.165625 0.284375 0.0706787
2 0.176563 0.815625 0.340625 0.3625 0.890137
