2 0.9625 0.0984375 0.075 0.190625 0.00100708
0 0.123438 0.448438 0.215625 0.696875 0.00101757
2 0.559375 0.770312 0.13125 0.434375 0.00106525
1 0.634375 0.114063 0.125 0.215625 0.00106907
0 0.70625 0.385938 0.1875 0.240625 0.00107288
1 0.0734375 0.575 0.115625 0.64375 0.00110245
2 0.648438 0.959375 0.153125 0.075 0.00118256
0 0.828125 0.234375 0.1125 0.3875 0.00119781
0 0.421875 0.0359375 0.19375 0.065625 0.00120068
0 0.357812 0.0703125 0.153125 0.121875 0.00132179
0 0.673437 0.084375 0.171875 0.16875 0.00151634
0 0.634375 0.120312 0.13125 0.221875 0.00190926
0 0.425 0.221875 0.13125 0.39375 0.00193691
0 0.567187 0.123438 0.121875 0.228125 0.0020752
1 0.703125 0.367188 0.175 0.265625 0.00209808
1 0.829687 0.254687 0.171875 0.434375 0.00221825
0 0.80625 0.334375 0.125 0.31875 0.00306511
2 0.382812 0.7625 0.134375 0.45625 0.00333405
1 0.776563 0.339063 0.146875 0.296875 0.00350952
0 0.410937 0.0734375 0.165625 0.140625 0.0036869
1 0.420312 0.223438 0.128125 0.409375 0.00399399
0 0.945312 0.0890625 0.109375 0.171875 0.00443268
2 0.614062 0.91875 0.190625 0.1625 0.00503922
1 0.379687 0.117188 0.140625 0.209375 0.00569153
0 0.0765625 0.571875 0.128125 0.69375 0.00582886
2 0.6625 0.870313 0.1125 0.253125 0.00665283
0 0.3375 0.3625 0.1875 0.5125 0.00917816
0 0.379687 0.121875 0.140625 0.2125 0.0166779
0 0.679688 0.25 0.196875 0.49375 0.0745239
0 0.510938 0.248437 0.153125 0.465625 0.213745
1 0.509375 0.251563 0.16875 0.459375 0.780762
1 0.68125 0.254687 0.2 0.478125 0.875488
1 0.340625 0.357812 0.19375 0.534375 0.904297
2 0.467187 0.7625 0.290625 0.46875 0.931641
