2 0.126563 0.0171875 0.209375 0.034375 0.00104618
1 0.075 0.578125 0.1125 0.61875 0.00120449
0 0.9625 0.0625 0.075 0.11875 0.00135899
0 0.673437 0.159375 0.184375 0.275 0.00157547
0 0.9625 0.1875 0.075 0.375 0.00165081
2 0.828125 0.878125 0.14375 0.24375 0.00197029
2 0.504687 0.928125 0.178125 0.14375 0.00208282
0 0.24375 0.554688 0.275 0.690625 0.00312042
0 0.625 0.395312 0.2125 0.190625 0.00334358
0 0.0765625 0.573438 0.121875 0.653125 0.0036068
2 0.535937 0.85 0.153125 0.3 0.00370598
0 0.94375 0.29375 0.1125 0.5875 0.00412369
2 0.8875 0.853125 0.18125 0.29375 0.00655365
2 0.648438 0.903125 0.246875 0.19375 0.00720978
2 0.765625 0.910937 0.21875 0.178125 0.00761032
0 0.91875 0.632812 0.15625 0.553125 0.00774002
0 0.721875 0.421875 0.1875 0.4125 0.00845337
0 0.68125 0.371875 0.1875 0.25625 0.0117874
1 0.575 0.151562 0.175 0.296875 0.0138092
1 0.854688 0.66875 0.240625 0.5875 0.015625
0 0.735937 0.628125 0.128125 0.575 0.0185547
0 0.546875 0.646875 0.15625 0.56875 0.0188446
0 0.940625 0.09375 0.11875 0.18125 0.0243683
2 0.828125 0.696875 0.2375 0.60625 0.0511169
0 0.617188 0.478125 0.246875 0.29375 0.0641479
0 0.79375 0.534375 0.16875 0.46875 0.180664
1 0.38125 0.139062 0.15625 0.246875 0.332764
0 0.578125 0.15 0.1625 0.29375 0.482422
2 0.607813 0.667188 0.290625 0.665625 0.583008
0 0.384375 0.129688 0.15 0.253125 0.584961
0 0.732813 0.292188 0.215625 0.328125 0.690918
0 0.60625 0.667188 0.2875 0.665625 0.823242
0 0.832812 0.657812 0.240625 0.684375 0.856934
