2 0.432813 0.954687 0.234375 0.078125 0.00100708
0 0.46875 0.575 0.175 0.55 0.00115204
0 0.628125 0.0703125 0.19375 0.140625 0.00116444
2 0.925 0.710938 0.1375 0.509375 0.00143623
2 0.0828125 0.934375 0.165625 0.11875 0.0016489
0 0.598437 0.121875 0.146875 0.24375 0.00171471
0 0.36875 0.567187 0.24375 0.440625 0.00195503
0 0.0390625 0.367188 0.078125 0.653125 0.00219917
2 0.4875 0.773438 0.16875 0.453125 0.00242424
0 0.6375 0.4625 0.19375 0.25625 0.00246048
2 0.320312 0.921875 0.284375 0.15625 0.00250053
0 0.621875 0.584375 0.2125 0.2625 0.00268555
2 0.825 0.8875 0.2375 0.225 0.0026989
2 0.3125 0.964063 0.225 0.059375 0.00279999
2 0.084375 0.854688 0.16875 0.290625 0.00283813
0 0.220313 0.228125 0.190625 0.45 0.00293159
0 0.665625 0.129688 0.2 0.259375 0.00300789
1 0.226562 0.132812 0.171875 0.265625 0.00309563
0 0.0765625 0.575 0.146875 0.71875 0.00347137
2 0.898438 0.84375 0.178125 0.3125 0.00383759
2 0.620313 0.901563 0.278125 0.190625 0.00417328
0 0.034375 0.059375 0.06875 0.11875 0.0048027
0 0.960938 0.676562 0.071875 0.446875 0.00486755
0 0.5125 0.482812 0.16875 0.353125 0.00511932
0 0.665625 0.532812 0.175 0.240625 0.00516129
0 0.0640625 0.0734375 0.121875 0.146875 0.00538254
0 0.1375 0.335938 0.19375 0.578125 0.0055542
0 0.4875 0.767187 0.175 0.465625 0.00558853
0 0.940625 0.09375 0.11875 0.175 0.00573349
0 0.184375 0.684375 0.15625 0.53125 0.00686646
0 0.784375 0.584375 0.2 0.41875 0.00696945
0 0.74375 0.720312 0.1375 0.546875 0.00733566
2 0.182812 0.728125 0.134375 0.53125 0.00737762
1 0.814062 0.457812 0.246875 0.271875 0.00814819
0 0.265625 0.0734375 0.19375 0.146875 0.00843811
0 0.964063 0.28125 0.065625 0.5625 0.0111313
0 0.725 0.476562 0.1625 0.234375 0.0119858
0 0.28125 0.532812 0.19375 0.215625 0.0182953
1 0.410937 0.478125 0.178125 0.4625 0.0271759
2 0.460938 0.907812 0.265625 0.184375 0.0311127
0 0.389062 0.74375 0.234375 0.5125 0.0313721
2 0.3875 0.745313 0.24375 0.509375 0.0395508
0 0.534375 0.682813 0.125 0.478125 0.044281
1 0.403125 0.170312 0.1875 0.315625 0.0498047
0 0.914062 0.678125 0.159375 0.46875 0.0721436
0 0.282813 0.69375 0.309375 0.5125 0.0796509
0 0.228125 0.128125 0.15625 0.24375 0.108154
2 0.609375 0.721875 0.24375 0.55625 0.360596
0 0.409375 0.167187 0.18125 0.303125 0.555664
2 0.828125 0.704687 0.28125 0.590625 0.620117
0 0.825 0.70625 0.2625 0.5875 0.696289
0 0.817187 0.459375 0.240625 0.275 0.74707
0 0.607813 0.721875 0.240625 0.55625 0.771973
0 0.426562 0.473437 0.184375 0.446875 0.836914
2 0.289062 0.717188 0.334375 0.546875 0.838867
0 0.6375 0.267188 0.19375 0.503125 0.853027
