0 0.040625 0.58125 0.0625 0.6 0.00107193
0 0.134375 0.640625 0.18125 0.6 0.00116253
1 0.925 0.348437 0.15 0.553125 0.00148106
1 0.260938 0.18125 0.353125 0.3625 0.00148964
0 0.829687 0.025 0.153125 0.05 0.00162029
0 0.078125 0.034375 0.1375 0.06875 0.00168133
2 0.0625 0.071875 0.1125 0.14375 0.00183868
1 0.828125 0.021875 0.1625 0.04375 0.00199699
0 0.0640625 0.071875 0.121875 0.14375 0.00203514
1 0.671875 0.14375 0.19375 0.2875 0.00212288
0 0.0296875 0.0765625 0.059375 0.153125 0.00299072
0 0.7 0.08125 0.175 0.1375 0.00313568
0 0.914062 0.570312 0.165625 0.596875 0.00314522
0 0.751562 0.245312 0.228125 0.465625 0.00359535
1 0.557813 0.15625 0.178125 0.28125 0.00437164
1 0.0734375 0.585938 0.090625 0.628125 0.00472641
0 0.865625 0.33125 0.21875 0.58125 0.00607681
0 0.075 0.584375 0.10625 0.66875 0.00703812
0 0.678125 0.13125 0.16875 0.2625 0.00845337
0 0.946875 0.101562 0.10625 0.184375 0.00922394
0 0.560938 0.146875 0.159375 0.25625 0.0172729
0 0.273438 0.175 0.190625 0.3125 0.040802
1 0.575 0.664062 0.23125 0.515625 0.572266
2 0.571875 0.6625 0.225 0.525 0.80127
1 0.270312 0.175 0.184375 0.3125 0.868652
