1 0.685938 0.18125 0.196875 0.325 0.00105953
2 0.121875 0.01875 0.20625 0.0375 0.00106335
2 0.964063 0.1 0.071875 0.19375 0.00141335
1 0.078125 0.576563 0.125 0.621875 0.0015316
0 0.040625 0.573438 0.075 0.646875 0.00171185
1 0.664062 0.423438 0.178125 0.196875 0.0021801
0 0.95 0.0953125 0.1 0.178125 0.00357056
0 0.08125 0.571875 0.13125 0.65625 0.0045929
2 0.365625 0.632812 0.225 0.590625 0.00821686
1 0.359375 0.415625 0.18125 0.175 0.0124435
1 0.373437 0.632812 0.221875 0.590625 0.939453
1 0.667188 0.623438 0.203125 0.578125 0.958984
