1 0.0421875 0.498437 0.078125 0.203125 0.00103951
0 0.582812 0.154687 0.128125 0.259375 0.00111389
1 0.848437 0.278125 0.209375 0.50625 0.00115776
1 0.826563 0.021875 0.165625 0.04375 0.00122833
0 0.471875 0.460938 0.175 0.409375 0.00150776
2 0.075 0.496875 0.13125 0.19375 0.00170517
2 0.04375 0.648438 0.08125 0.490625 0.00258636
2 0.125 0.01875 0.19375 0.0375 0.00263977
0 0.945312 0.09375 0.109375 0.16875 0.00268936
1 0.0796875 0.515625 0.153125 0.23125 0.00354195
2 0.05 0.90625 0.1 0.175 0.00415802
1 0.090625 0.240625 0.15625 0.44375 0.00639725
1 0.0890625 0.690625 0.171875 0.53125 0.0220032
2 0.078125 0.875 0.13125 0.24375 0.124939
2 0.090625 0.7 0.175 0.5875 0.866699
