0 0.040625 0.232812 0.08125 0.434375 0.00100803
0 0.678125 0.385938 0.125 0.371875 0.00103664
1 0.065625 0.332812 0.1125 0.534375 0.00126553
2 0.0953125 0.6625 0.134375 0.58125 0.00127602
0 0.0671875 0.325 0.121875 0.5625 0.0015831
0 0.64375 0.0375 0.20625 0.075 0.00176811
0 0.729688 0.428125 0.203125 0.39375 0.00192547
0 0.160938 0.626562 0.178125 0.571875 0.00206757
0 0.809375 0.532812 0.16875 0.503125 0.0021801
1 0.74375 0.292188 0.2 0.303125 0.00219154
0 0.664062 0.0765625 0.221875 0.153125 0.00226974
0 0.685938 0.571875 0.196875 0.61875 0.00337601
0 0.959375 0.126563 0.08125 0.253125 0.00384903
0 0.0328125 0.4375 0.059375 0.3375 0.0046196
2 0.0640625 0.8625 0.103125 0.175 0.00585556
1 0.645312 0.135937 0.209375 0.271875 0.00871277
0 0.9375 0.29375 0.125 0.5875 0.00939178
2 0.0390625 0.820312 0.078125 0.234375 0.0108948
0 0.0578125 0.485938 0.109375 0.403125 0.0120087
0 0.798437 0.323438 0.196875 0.428125 0.01548
0 0.940625 0.0734375 0.11875 0.146875 0.0175018
1 0.510938 0.617188 0.209375 0.559375 0.0199127
0 0.58125 0.282813 0.175 0.240625 0.0551147
0 0.642187 0.15625 0.203125 0.3125 0.358154
1 0.0671875 0.6375 0.128125 0.5875 0.406006
0 0.06875 0.635938 0.1375 0.609375 0.471191
0 0.579687 0.429688 0.178125 0.440625 0.478027
0 0.748438 0.285937 0.184375 0.296875 0.620605
0 0.754687 0.635938 0.221875 0.634375 0.916504
0 0.520312 0.603125 0.215625 0.6 0.921387
