2 0.242188 0.9125 0.140625 0.15 0.00124931
2 0.0484375 0.951563 0.084375 0.078125 0.00126362
2 0.123438 0.0171875 0.196875 0.034375 0.0017271
0 0.285937 0.679688 0.228125 0.640625 0.00197601
0 0.03125 0.435937 0.05625 0.609375 0.00217247
0 0.8125 0.278125 0.2125 0.53125 0.00227547
1 0.282813 0.439063 0.171875 0.178125 0.00245094
2 0.389062 0.921875 0.190625 0.1125 0.00254822
1 0.0609375 0.367188 0.109375 0.615625 0.00261879
1 0.825 0.0203125 0.1625 0.040625 0.00314713
1 0.757812 0.267188 0.240625 0.534375 0.00331879
1 0.95 0.0984375 0.1 0.184375 0.00344849
2 0.95625 0.115625 0.0875 0.23125 0.00403214
0 0.948438 0.0984375 0.103125 0.178125 0.00416946
0 0.0625 0.36875 0.11875 0.65625 0.00553894
0 0.7375 0.26875 0.1625 0.5375 0.00751495
2 0.0296875 0.9125 0.059375 0.1375 0.0137482
2 0.273438 0.6875 0.246875 0.625 0.0213928
2 0.317187 0.9125 0.253125 0.15625 0.130005
0 0.05 0.5875 0.1 0.65625 0.177734
1 0.0484375 0.590625 0.096875 0.63125 0.231445
2 0.0375 0.703125 0.075 0.59375 0.477783
1 0.276563 0.679688 0.228125 0.640625 0.883789
