1 0.110937 0.34375 0.190625 0.61875 0.00106621
0 0.804688 0.153125 0.190625 0.30625 0.00124168
1 0.0703125 0.573438 0.109375 0.621875 0.00143433
2 0.13125 0.01875 0.2125 0.0375 0.0018816
0 0.842188 0.346875 0.246875 0.60625 0.0019331
0 0.0734375 0.570312 0.121875 0.659375 0.00343513
1 0.75 0.265625 0.25625 0.53125 0.00614548
1 0.945312 0.1 0.109375 0.1875 0.00914764
0 0.746875 0.254687 0.23125 0.503125 0.00971985
0 0.940625 0.103125 0.11875 0.1875 0.0177002
1 0.379687 0.50625 0.253125 0.51875 0.90918
