2 0.135937 0.68125 0.134375 0.5875 0.00110054
0 0.821875 0.335938 0.2375 0.584375 0.00125504
1 0.751562 0.279687 0.271875 0.553125 0.00137615
0 0.071875 0.375 0.13125 0.59375 0.0013876
2 0.296875 0.73125 0.11875 0.4875 0.00139332
1 0.107813 0.326562 0.184375 0.515625 0.00139904
0 0.725 0.24375 0.175 0.4625 0.001647
1 0.83125 0.021875 0.16875 0.04375 0.00165367
1 0.946875 0.0921875 0.10625 0.165625 0.0017519
0 0.528125 0.559375 0.21875 0.4375 0.00180626
0 0.94375 0.090625 0.1125 0.16875 0.00208092
0 0.123438 0.640625 0.128125 0.525 0.00242615
2 0.123438 0.01875 0.196875 0.0375 0.00259209
2 0.176563 0.904688 0.128125 0.178125 0.00303841
2 0.273438 0.907812 0.153125 0.171875 0.00335503
0 0.0796875 0.61875 0.128125 0.59375 0.00370598
0 0.471875 0.475 0.2 0.40625 0.00901794
0 0.210938 0.704687 0.240625 0.553125 0.0599365
2 0.2125 0.701563 0.2625 0.559375 0.853027
