0 0.834375 0.335938 0.23125 0.565625 0.00115204
1 0.0375 0.579687 0.0625 0.559375 0.00115299
0 0.6875 0.565625 0.1875 0.45625 0.00118542
1 0.8375 0.276563 0.2125 0.490625 0.00122643
1 0.83125 0.0203125 0.1625 0.040625 0.00123405
0 0.1125 0.5875 0.15625 0.55 0.00129128
2 0.957812 0.115625 0.084375 0.23125 0.00143528
1 0.95 0.0953125 0.09375 0.178125 0.00150681
0 0.0453125 0.578125 0.078125 0.6 0.00168324
1 0.73125 0.26875 0.26875 0.525 0.00168705
0 0.948438 0.0953125 0.103125 0.171875 0.00168705
1 0.123438 0.585938 0.184375 0.628125 0.0019722
0 0.56875 0.567187 0.19375 0.434375 0.00216484
2 0.946875 0.945312 0.1 0.109375 0.00233078
0 0.721875 0.240625 0.16875 0.44375 0.00325966
2 0.129688 0.0171875 0.203125 0.034375 0.00431061
1 0.0734375 0.58125 0.096875 0.575 0.00458145
1 0.453125 0.529688 0.275 0.578125 0.0049057
0 0.478125 0.5625 0.21875 0.45625 0.00497055
0 0.510938 0.678125 0.234375 0.2625 0.00802612
2 0.492188 0.679688 0.221875 0.234375 0.0252075
2 0.901563 0.925 0.184375 0.15 0.766113
