2 0.0453125 0.864062 0.090625 0.221875 0.0012722
0 0.820312 0.335938 0.234375 0.596875 0.00129223
0 0.207813 0.634375 0.140625 0.61875 0.00139141
0 0.0390625 0.382812 0.078125 0.371875 0.0014658
0 0.0765625 0.257812 0.153125 0.459375 0.00151157
2 0.0359375 0.709375 0.071875 0.5625 0.00156021
0 0.742188 0.271875 0.253125 0.51875 0.00200462
0 0.514063 0.675 0.246875 0.30625 0.00214767
1 0.826563 0.021875 0.146875 0.04375 0.00235367
0 0.479688 0.479688 0.178125 0.353125 0.00260735
2 0.16875 0.83125 0.15625 0.2625 0.00278091
1 0.745313 0.276563 0.278125 0.546875 0.00323296
0 0.028125 0.485938 0.05 0.378125 0.00547028
0 0.946875 0.104687 0.10625 0.209375 0.00736618
0 0.0828125 0.435937 0.159375 0.228125 0.00951385
2 0.953125 0.110937 0.09375 0.215625 0.00959015
1 0.10625 0.220313 0.19375 0.440625 0.0154037
1 0.946875 0.101562 0.1 0.190625 0.0169373
0 0.0375 0.63125 0.075 0.63125 0.0217133
2 0.09375 0.835938 0.1875 0.284375 0.0343628
0 0.115625 0.640625 0.2125 0.6 0.373291
1 0.117188 0.646875 0.234375 0.64375 0.750488
