0 0.832812 0.3375 0.234375 0.5625 0.00105572
1 0.0390625 0.5 0.071875 0.23125 0.00111675
1 0.4375 0.475 0.225 0.4375 0.00122166
1 0.840625 0.28125 0.2125 0.51875 0.00125313
1 0.0984375 0.2375 0.165625 0.45 0.00156975
2 0.126563 0.01875 0.184375 0.0375 0.00211525
1 0.148438 0.639063 0.121875 0.521875 0.00266457
0 0.723437 0.265625 0.165625 0.48125 0.00278282
2 0.9625 0.096875 0.075 0.1875 0.00294495
1 0.739062 0.279687 0.253125 0.546875 0.00331688
2 0.465625 0.810938 0.18125 0.378125 0.00382614
2 0.0578125 0.551562 0.109375 0.321875 0.00387764
0 0.946875 0.0984375 0.10625 0.196875 0.00435257
1 0.946875 0.0921875 0.1 0.178125 0.00821686
2 0.0671875 0.86875 0.128125 0.225 0.0480652
1 0.0671875 0.6625 0.128125 0.55 0.139526
2 0.075 0.682813 0.14375 0.596875 0.790039
