0 0.125 0.476562 0.1875 0.371875 0.00108147
2 0.23125 0.8875 0.20625 0.21875 0.00111103
0 0.084375 0.596875 0.15625 0.375 0.00141716
0 0.646875 0.371875 0.13125 0.46875 0.00156307
0 0.245312 0.682813 0.153125 0.503125 0.00157928
0 0.040625 0.36875 0.075 0.65 0.00161457
0 0.028125 0.585938 0.05625 0.484375 0.00175762
2 0.523438 0.903125 0.253125 0.19375 0.00186062
0 0.614062 0.240625 0.190625 0.31875 0.00198364
2 0.365625 0.8625 0.11875 0.275 0.0020256
2 0.0828125 0.923437 0.153125 0.146875 0.00262451
0 0.223438 0.571875 0.134375 0.30625 0.00269508
2 0.0421875 0.90625 0.084375 0.1875 0.00337219
0 0.845312 0.340625 0.234375 0.58125 0.00370598
2 0.134375 0.95 0.2375 0.0875 0.00558472
0 0.101562 0.339063 0.178125 0.546875 0.00683975
0 0.426562 0.729688 0.134375 0.509375 0.00798798
0 0.570312 0.64375 0.190625 0.5625 0.00817108
0 0.157813 0.58125 0.184375 0.25 0.00922394
0 0.94375 0.09375 0.1125 0.18125 0.00939178
2 0.340625 0.9 0.225 0.2 0.0110016
0 0.532812 0.529688 0.190625 0.228125 0.0128403
0 0.36875 0.723437 0.15625 0.521875 0.0129929
0 0.0375 0.767187 0.075 0.453125 0.0614014
2 0.0328125 0.764063 0.065625 0.471875 0.0678711
0 0.320312 0.485938 0.221875 0.221875 0.0865479
2 0.3 0.703125 0.2375 0.59375 0.158813
2 0.153125 0.9125 0.2625 0.175 0.215942
1 0.5875 0.35 0.2375 0.5 0.319092
0 0.509375 0.735937 0.24375 0.515625 0.331787
0 0.125 0.728125 0.2375 0.4875 0.342773
0 0.582812 0.348437 0.228125 0.490625 0.731445
2 0.125 0.7375 0.2375 0.525 0.742676
2 0.504687 0.734375 0.259375 0.53125 0.757812
0 0.304688 0.690625 0.240625 0.6125 0.765137
