0 0.875 0.053125 0.15 0.10625 0.00112724
2 0.046875 0.954687 0.09375 0.090625 0.00113869
2 0.123438 0.0171875 0.196875 0.034375 0.00118828
2 0.090625 0.671875 0.18125 0.5125 0.00161648
1 0.0671875 0.323438 0.128125 0.509375 0.00177479
1 0.735937 0.26875 0.165625 0.5 0.0021019
0 0.0359375 0.675 0.071875 0.49375 0.002388
1 0.83125 0.346875 0.2375 0.60625 0.00432205
1 0.109375 0.2375 0.19375 0.475 0.00635529
0 0.94375 0.0953125 0.1125 0.184375 0.00669479
0 0.071875 0.36875 0.14375 0.475 0.00677872
1 0.823438 0.025 0.146875 0.04375 0.00846863
0 0.134375 0.789062 0.2625 0.415625 0.00866699
0 0.739062 0.271875 0.171875 0.51875 0.00966644
0 0.03125 0.51875 0.05625 0.45625 0.00996399
0 0.48125 0.5625 0.225 0.475 0.0118027
2 0.953125 0.090625 0.09375 0.16875 0.0232849
2 0.0421875 0.854688 0.084375 0.290625 0.0242462
1 0.94375 0.0875 0.1125 0.16875 0.0586548
1 0.121875 0.557813 0.21875 0.415625 0.356201
0 0.11875 0.545313 0.2125 0.409375 0.592285
2 0.164062 0.804688 0.328125 0.378125 0.84375
