1 0.3125 0.185937 0.14375 0.315625 0.00100517
0 0.173438 0.075 0.159375 0.14375 0.00107193
0 0.88125 0.128125 0.19375 0.25625 0.00117588
0 0.276563 0.0328125 0.184375 0.065625 0.00118351
1 0.464063 0.423438 0.153125 0.571875 0.00123596
2 0.323438 0.275 0.321875 0.55 0.00125122
0 0.810938 0.375 0.203125 0.3875 0.00125313
1 0.0671875 0.575 0.103125 0.64375 0.0012598
0 0.075 0.246875 0.1375 0.49375 0.00135994
0 0.0359375 0.578125 0.059375 0.6125 0.00163746
0 0.965625 0.175 0.06875 0.35 0.00197601
0 0.0390625 0.36875 0.071875 0.6625 0.00201607
0 0.926562 0.320312 0.146875 0.546875 0.00224686
0 0.265625 0.065625 0.19375 0.125 0.00262642
0 0.460938 0.479688 0.153125 0.596875 0.00365257
1 0.259375 0.115625 0.175 0.2 0.00408554
1 0.423438 0.128125 0.178125 0.21875 0.00409317
0 0.765625 0.3875 0.18125 0.2125 0.00430298
0 0.510938 0.526563 0.128125 0.546875 0.00446701
0 0.423438 0.1375 0.178125 0.23125 0.00477219
1 0.504687 0.232812 0.128125 0.396875 0.00503922
0 0.0703125 0.573438 0.115625 0.696875 0.00515747
0 0.317187 0.123438 0.140625 0.209375 0.0059967
1 0.321875 0.421875 0.15625 0.325 0.00629044
0 0.320312 0.41875 0.159375 0.325 0.00860596
0 0.201562 0.21875 0.134375 0.43125 0.00898743
1 0.226562 0.173438 0.159375 0.303125 0.00917053
0 0.504687 0.232812 0.134375 0.396875 0.00947571
0 0.115625 0.360938 0.19375 0.653125 0.0116806
0 0.0359375 0.0609375 0.071875 0.121875 0.012146
1 0.38125 0.215625 0.10625 0.38125 0.0197906
0 0.375 0.173438 0.1125 0.284375 0.0292053
0 0.0625 0.0875 0.11875 0.16875 0.0369568
0 0.94375 0.1 0.1125 0.19375 0.046814
0 0.228125 0.129688 0.15 0.234375 0.153564
0 0.28125 0.279687 0.19375 0.509375 0.267334
0 0.45 0.26875 0.2 0.475 0.312988
0 0.401563 0.595312 0.228125 0.584375 0.349121
1 0.767187 0.548437 0.209375 0.534375 0.396973
1 0.446875 0.25 0.2 0.45 0.516113
1 0.278125 0.273438 0.19375 0.496875 0.701172
1 0.4 0.607813 0.225 0.571875 0.759277
0 0.764063 0.551562 0.196875 0.534375 0.903809
