0 0.460938 0.279687 0.121875 0.440625 0.00105762
0 0.601562 0.632812 0.215625 0.303125 0.00110912
0 0.421875 0.525 0.19375 0.4 0.00123405
0 0.378125 0.175 0.19375 0.14375 0.00154305
0 0.0359375 0.576563 0.059375 0.621875 0.00154781
0 0.107813 0.357812 0.165625 0.546875 0.00171089
0 0.423438 0.228125 0.134375 0.29375 0.00185204
0 0.04375 0.370313 0.08125 0.703125 0.00216484
0 0.617188 0.273438 0.221875 0.378125 0.00237083
2 0.245312 0.965625 0.121875 0.05625 0.00273895
2 0.240625 0.925 0.1125 0.1375 0.00296211
0 0.55625 0.465625 0.15625 0.49375 0.00307465
2 0.325 0.917188 0.24375 0.159375 0.0032177
2 0.235938 0.860937 0.128125 0.271875 0.00325012
0 0.539062 0.059375 0.159375 0.11875 0.0033989
0 0.317187 0.189063 0.178125 0.196875 0.00369263
0 0.915625 0.423438 0.14375 0.628125 0.0039711
0 0.695312 0.123438 0.234375 0.234375 0.0048027
2 0.5625 0.882812 0.18125 0.228125 0.00480652
0 0.540625 0.215625 0.15625 0.41875 0.0050354
0 0.785937 0.282813 0.153125 0.203125 0.00526428
0 0.942187 0.292188 0.115625 0.584375 0.00599289
1 0.407813 0.373437 0.196875 0.478125 0.00638962
0 0.58125 0.03125 0.19375 0.0625 0.00766373
2 0.609375 0.125 0.2375 0.25 0.00767517
0 0.898438 0.0640625 0.171875 0.121875 0.00782776
0 0.075 0.570312 0.13125 0.715625 0.0092392
2 0.504687 0.928125 0.303125 0.1375 0.0128403
2 0.564062 0.957812 0.215625 0.078125 0.0153961
1 0.610937 0.4625 0.221875 0.54375 0.031189
0 0.332812 0.732813 0.271875 0.396875 0.03125
1 0.6 0.13125 0.225 0.2625 0.0345459
2 0.435937 0.870313 0.428125 0.246875 0.0814819
1 0.329688 0.365625 0.228125 0.50625 0.103088
0 0.9375 0.090625 0.125 0.18125 0.13269
1 0.792188 0.46875 0.196875 0.5625 0.182495
0 0.601562 0.13125 0.215625 0.2625 0.591797
0 0.409375 0.367188 0.15625 0.471875 0.700684
0 0.334375 0.3625 0.2125 0.5 0.73291
0 0.621875 0.460938 0.20625 0.565625 0.800781
0 0.792188 0.467187 0.190625 0.546875 0.804688
2 0.35 0.770312 0.3125 0.446875 0.807129
