0 0.120312 0.210938 0.209375 0.421875 0.00100803
1 0.3875 0.129688 0.15 0.234375 0.00107956
2 0.978125 0.882812 0.04375 0.221875 0.00108719
2 0.0875 0.814062 0.175 0.334375 0.0011692
1 0.698438 0.251563 0.234375 0.459375 0.00135803
2 0.282813 0.867188 0.203125 0.165625 0.00142384
2 0.94375 0.9125 0.1125 0.175 0.00147533
0 0.046875 0.623438 0.075 0.565625 0.00154877
2 0.125 0.01875 0.2 0.0375 0.0017767
0 0.734375 0.30625 0.23125 0.575 0.00185871
1 0.342187 0.415625 0.178125 0.19375 0.00307846
0 0.945312 0.103125 0.109375 0.2 0.00659561
1 0.946875 0.0984375 0.10625 0.184375 0.0111923
2 0.3875 0.845312 0.225 0.228125 0.0189667
1 0.114063 0.23125 0.203125 0.4625 0.0339661
0 0.125 0.664062 0.19375 0.621875 0.321777
2 0.11875 0.657812 0.19375 0.609375 0.334473
1 0.11875 0.65 0.1875 0.59375 0.598145
1 0.35625 0.623438 0.20625 0.609375 0.918457
