1 0.314063 0.660937 0.165625 0.584375 0.00109386
2 0.5625 0.964063 0.1875 0.059375 0.00111008
0 0.946875 0.439063 0.09375 0.165625 0.00111389
0 0.954687 0.532812 0.090625 0.315625 0.00156784
2 0.36875 0.86875 0.2 0.15 0.00177288
2 0.703125 0.653125 0.275 0.60625 0.00180912
0 0.0453125 0.571875 0.084375 0.675 0.00184727
0 0.698438 0.071875 0.215625 0.125 0.00201988
2 0.925 0.890625 0.13125 0.15625 0.00240898
0 0.0359375 0.373437 0.065625 0.615625 0.00257492
2 0.63125 0.89375 0.23125 0.175 0.0037632
0 0.7625 0.525 0.14375 0.475 0.00481033
0 0.509375 0.132812 0.15625 0.240625 0.00484848
0 0.565625 0.8375 0.20625 0.3125 0.00577927
0 0.967188 0.178125 0.065625 0.35625 0.00577927
0 0.6375 0.2375 0.14375 0.3125 0.00621796
2 0.526563 0.739062 0.240625 0.521875 0.00830078
0 0.93125 0.264062 0.1375 0.484375 0.00842285
0 0.575 0.632812 0.125 0.596875 0.00928497
2 0.898438 0.675 0.196875 0.625 0.0109482
0 0.6875 0.176563 0.20625 0.240625 0.0133286
2 0.957812 0.871875 0.078125 0.20625 0.0135422
0 0.945312 0.090625 0.109375 0.175 0.0140839
0 0.920313 0.475 0.146875 0.19375 0.0162964
0 0.1125 0.532812 0.175 0.634375 0.0250244
0 0.08125 0.371875 0.15625 0.68125 0.029892
1 0.690625 0.28125 0.21875 0.31875 0.0350037
1 0.473437 0.221875 0.184375 0.40625 0.0876465
0 0.367188 0.470313 0.215625 0.303125 0.0932617
0 0.71875 0.417188 0.16875 0.434375 0.119324
0 0.515625 0.529688 0.15625 0.390625 0.199707
2 0.545313 0.86875 0.234375 0.2375 0.287842
0 0.690625 0.292188 0.2 0.321875 0.532227
0 0.479688 0.657812 0.196875 0.590625 0.635742
0 0.473437 0.23125 0.203125 0.41875 0.819824
0 0.907812 0.676562 0.184375 0.609375 0.891602
0 0.66875 0.657812 0.225 0.634375 0.89502
0 0.348437 0.629687 0.215625 0.634375 0.92334
