1 0.809375 0.267188 0.2125 0.484375 0.00126934
1 0.826563 0.0234375 0.159375 0.046875 0.00134468
0 0.68125 0.66875 0.15 0.3375 0.00141525
0 0.80625 0.332812 0.2125 0.540625 0.00168705
0 0.476562 0.471875 0.196875 0.4 0.00189114
2 0.953125 0.117188 0.09375 0.228125 0.00229073
2 0.110937 0.875 0.190625 0.1625 0.00258636
2 0.0953125 0.801562 0.190625 0.290625 0.00326347
0 0.945312 0.103125 0.109375 0.1875 0.004776
1 0.084375 0.507812 0.1625 0.296875 0.00479126
1 0.940625 0.103125 0.11875 0.1875 0.00537872
1 0.03125 0.495313 0.0625 0.315625 0.00568771
1 0.101562 0.232812 0.178125 0.434375 0.032135
1 0.0453125 0.664062 0.084375 0.559375 0.0988159
2 0.107813 0.657812 0.215625 0.584375 0.408691
1 0.107813 0.657812 0.215625 0.571875 0.83252
