1 0.304688 0.5 0.190625 0.2875 0.00119305
0 0.034375 0.579687 0.05625 0.615625 0.00123596
1 0.071875 0.578125 0.11875 0.6375 0.00131035
2 0.325 0.86875 0.16875 0.175 0.0013113
1 0.31875 0.217187 0.2125 0.371875 0.0013361
0 0.317187 0.21875 0.196875 0.31875 0.00172997
2 0.9625 0.104687 0.075 0.203125 0.00197792
1 0.435937 0.49375 0.159375 0.2375 0.00197983
2 0.121875 0.01875 0.19375 0.0375 0.00211716
0 0.335938 0.66875 0.221875 0.5375 0.00222206
0 0.123438 0.584375 0.165625 0.55625 0.00243568
1 0.829687 0.021875 0.165625 0.04375 0.00288773
1 0.951563 0.0984375 0.090625 0.178125 0.0041008
1 0.103125 0.33125 0.1875 0.6375 0.00419998
0 0.904688 0.548437 0.184375 0.634375 0.00495911
0 0.95 0.0984375 0.1 0.178125 0.00550461
0 0.78125 0.270312 0.24375 0.496875 0.00718307
0 0.075 0.575 0.125 0.6875 0.0082016
1 0.546875 0.685938 0.2375 0.534375 0.0839233
1 0.326562 0.657812 0.228125 0.540625 0.0913086
2 0.323438 0.657812 0.215625 0.584375 0.87793
2 0.55 0.692187 0.24375 0.553125 0.882324
