1 0.5 0.504687 0.1875 0.246875 0.00165367
1 0.825 0.270312 0.225 0.509375 0.00191402
2 0.0765625 0.853125 0.153125 0.2875 0.00198174
0 0.075 0.034375 0.13125 0.06875 0.00211525
2 0.957812 0.115625 0.084375 0.23125 0.002285
0 0.03125 0.078125 0.0625 0.15625 0.00265312
1 0.951563 0.0984375 0.090625 0.184375 0.00286674
0 0.0625 0.071875 0.11875 0.14375 0.002882
2 0.0625 0.071875 0.1125 0.14375 0.0030365
0 0.821875 0.332812 0.23125 0.565625 0.00325394
0 0.95 0.0984375 0.1 0.184375 0.00364304
2 0.215625 0.926562 0.1875 0.115625 0.00586319
0 0.23125 0.15625 0.1375 0.2875 0.017334
1 0.528125 0.6625 0.21875 0.5375 0.19104
1 0.23125 0.1625 0.1375 0.2875 0.537109
1 0.220313 0.651563 0.240625 0.596875 0.675293
2 0.220313 0.667188 0.234375 0.628125 0.72998
2 0.520312 0.671875 0.209375 0.575 0.874023
