2 0.404687 0.775 0.140625 0.45 0.00129795
2 0.310937 0.917188 0.203125 0.153125 0.00133991
0 0.728125 0.242188 0.175 0.465625 0.00151634
1 0.953125 0.09375 0.0875 0.175 0.00165653
2 0.471875 0.798437 0.16875 0.403125 0.00170422
1 0.821875 0.021875 0.1625 0.04375 0.00182152
1 0.121875 0.339063 0.2 0.590625 0.00182438
0 0.951563 0.09375 0.096875 0.175 0.00210381
2 0.353125 0.775 0.13125 0.425 0.00215149
1 0.809375 0.267188 0.23125 0.509375 0.00227356
0 0.470313 0.473437 0.184375 0.409375 0.00294685
2 0.129688 0.01875 0.196875 0.0375 0.00328255
2 0.9625 0.0984375 0.075 0.190625 0.00329781
0 0.58125 0.159375 0.13125 0.25625 0.00337219
2 0.0390625 0.910937 0.078125 0.178125 0.00416565
2 0.0890625 0.859375 0.115625 0.2625 0.0180817
2 0.123438 0.789062 0.184375 0.390625 0.0339966
2 0.220313 0.779688 0.365625 0.434375 0.91748
