2 0.504687 0.873438 0.140625 0.246875 0.00102711
2 0.7125 0.90625 0.2375 0.1875 0.00106049
0 0.885938 0.223438 0.184375 0.434375 0.00110912
0 0.875 0.392188 0.1875 0.284375 0.00130081
2 0.7125 0.960938 0.18125 0.065625 0.00141048
2 0.659375 0.570312 0.2375 0.459375 0.00165367
0 0.967188 0.539062 0.059375 0.390625 0.00180244
0 0.635938 0.734375 0.165625 0.50625 0.00190926
0 0.6 0.0640625 0.175 0.128125 0.0019989
0 0.225 0.1125 0.1375 0.18125 0.00203514
1 0.228125 0.08125 0.15 0.14375 0.00209045
2 0.9125 0.946875 0.175 0.10625 0.00244713
2 0.58125 0.725 0.13125 0.525 0.00258446
0 0.571875 0.509375 0.18125 0.41875 0.00315666
0 0.914062 0.5375 0.165625 0.3375 0.0038662
0 0.967188 0.2 0.059375 0.4 0.00410843
0 0.864062 0.078125 0.171875 0.15625 0.00432205
0 0.548437 0.385938 0.203125 0.215625 0.00439072
0 0.0734375 0.571875 0.121875 0.7 0.0051384
2 0.965625 0.878125 0.06875 0.24375 0.00553513
0 0.65625 0.557813 0.225 0.471875 0.00608444
0 0.170312 0.442187 0.271875 0.840625 0.00761795
0 0.9375 0.253125 0.125 0.50625 0.00789642
0 0.671875 0.034375 0.2125 0.06875 0.00887299
2 0.765625 0.476562 0.21875 0.303125 0.00901794
0 0.496875 0.5 0.23125 0.2875 0.0120926
2 0.884375 0.909375 0.20625 0.18125 0.0225525
0 0.682813 0.0734375 0.215625 0.146875 0.0234833
1 0.760938 0.2375 0.228125 0.3875 0.0295563
1 0.629687 0.178125 0.215625 0.35 0.0474854
0 0.96875 0.717188 0.0625 0.565625 0.0582581
0 0.7375 0.36875 0.2 0.40625 0.060791
2 0.75 0.610937 0.225 0.471875 0.0645142
0 0.715625 0.723437 0.21875 0.528125 0.0742798
0 0.846875 0.4875 0.23125 0.2625 0.0880737
0 0.728125 0.120312 0.20625 0.240625 0.090332
0 0.939062 0.0890625 0.121875 0.178125 0.117981
0 0.770312 0.476562 0.203125 0.290625 0.138062
0 0.771875 0.63125 0.16875 0.575 0.352783
0 0.89375 0.690625 0.20625 0.61875 0.572266
0 0.765625 0.2375 0.21875 0.3875 0.601562
0 0.620313 0.184375 0.184375 0.3375 0.631836
0 0.490625 0.684375 0.2625 0.63125 0.648438
0 0.6125 0.426562 0.1875 0.365625 0.692871
2 0.49375 0.682813 0.25625 0.634375 0.731445
2 0.890625 0.692187 0.21875 0.615625 0.782715
2 0.6875 0.728125 0.2625 0.5375 0.823242
