2 0.171875 0.7 0.2625 0.23125 0.00103664
0 0.476562 0.46875 0.184375 0.40625 0.00125694
1 0.825 0.0234375 0.1625 0.046875 0.00157642
2 0.128125 0.01875 0.19375 0.0375 0.00200844
2 0.9625 0.096875 0.075 0.19375 0.00220108
1 0.948438 0.0953125 0.096875 0.178125 0.00293922
2 0.046875 0.914062 0.09375 0.171875 0.00352287
0 0.946875 0.0953125 0.10625 0.178125 0.00364876
2 0.307813 0.95625 0.196875 0.0875 0.00455093
1 0.114063 0.321875 0.196875 0.60625 0.00512314
2 0.0875 0.85625 0.11875 0.26875 0.0306396
2 0.20625 0.796875 0.34375 0.39375 0.86084
