0 0.485938 0.670313 0.203125 0.253125 0.00107479
2 0.957812 0.114063 0.084375 0.228125 0.00110531
2 0.123438 0.01875 0.184375 0.0375 0.00134373
1 0.06875 0.579687 0.09375 0.609375 0.0017519
2 0.515625 0.646875 0.275 0.50625 0.00192642
1 0.521875 0.610937 0.21875 0.396875 0.00204849
0 0.071875 0.579687 0.10625 0.640625 0.00237656
2 0.476562 0.814062 0.171875 0.371875 0.00294495
1 0.732813 0.235938 0.128125 0.415625 0.00325394
1 0.95 0.096875 0.09375 0.1875 0.00561523
0 0.948438 0.0984375 0.103125 0.184375 0.00735474
0 0.525 0.6125 0.21875 0.4125 0.0075798
1 0.785937 0.267188 0.228125 0.503125 0.0138016
1 0.55625 0.239063 0.2 0.446875 0.929199
