0 0.0859375 0.754687 0.159375 0.390625 0.00119019
2 0.257812 0.91875 0.203125 0.15625 0.00124836
2 0.957812 0.11875 0.084375 0.2375 0.0013361
1 0.120312 0.33125 0.203125 0.58125 0.00136757
1 0.582812 0.164062 0.128125 0.246875 0.00138664
2 0.121875 0.648438 0.19375 0.209375 0.00139713
2 0.0421875 0.903125 0.084375 0.19375 0.00197029
0 0.948438 0.09375 0.103125 0.175 0.00208282
1 0.95 0.09375 0.09375 0.175 0.00212479
2 0.125 0.01875 0.19375 0.0375 0.00279236
0 0.471875 0.473437 0.18125 0.409375 0.0028038
0 0.584375 0.1625 0.13125 0.25625 0.00289917
1 0.821875 0.0234375 0.15625 0.046875 0.00310516
2 0.0859375 0.754687 0.159375 0.384375 0.00554276
2 0.0375 0.776563 0.075 0.403125 0.024231
1 0.0953125 0.775 0.184375 0.41875 0.0414429
2 0.175 0.784375 0.33125 0.43125 0.814453
