0 0.476562 0.464063 0.171875 0.390625 0.00103855
1 0.845312 0.271875 0.209375 0.4875 0.00104141
2 0.125 0.01875 0.18125 0.0375 0.00154591
0 0.134375 0.675 0.18125 0.5625 0.00211906
0 0.948438 0.103125 0.103125 0.20625 0.00211906
0 0.5125 0.667188 0.225 0.290625 0.0025425
2 0.95625 0.1125 0.0875 0.225 0.00277138
1 0.829687 0.0234375 0.146875 0.046875 0.00338173
2 0.4875 0.678125 0.225 0.2375 0.00468826
1 0.951563 0.096875 0.090625 0.18125 0.00481415
1 0.096875 0.239063 0.16875 0.453125 0.00928497
2 0.117188 0.878125 0.190625 0.1625 0.0406189
2 0.10625 0.660937 0.18125 0.590625 0.107605
1 0.107813 0.653125 0.178125 0.6 0.80957
