0 0.885938 0.06875 0.196875 0.125 0.00101089
2 0.11875 0.01875 0.175 0.0375 0.00126457
0 0.967188 0.06875 0.065625 0.1375 0.00154781
0 0.04375 0.582812 0.08125 0.615625 0.00156879
0 0.940625 0.2375 0.11875 0.3875 0.00170708
1 0.0703125 0.585938 0.103125 0.603125 0.00251389
0 0.834375 0.340625 0.16875 0.19375 0.00394821
0 0.482812 0.56875 0.228125 0.45625 0.00823212
0 0.96875 0.273438 0.0625 0.509375 0.0184479
0 0.946875 0.0984375 0.10625 0.196875 0.0455933
0 0.839063 0.529688 0.209375 0.590625 0.890137
