1 0.835938 0.275 0.221875 0.5 0.00102329
1 0.520312 0.639063 0.196875 0.334375 0.00105095
2 0.471875 0.934375 0.14375 0.11875 0.00120926
1 0.83125 0.021875 0.1625 0.04375 0.0014286
1 0.253125 0.196875 0.35625 0.39375 0.00152683
2 0.9625 0.0984375 0.075 0.196875 0.00216103
1 0.06875 0.582812 0.1 0.634375 0.0023098
1 0.951563 0.0984375 0.090625 0.184375 0.00251007
2 0.475 0.815625 0.1375 0.31875 0.00263596
0 0.948438 0.0984375 0.103125 0.184375 0.00358391
0 0.510938 0.667188 0.184375 0.284375 0.00491714
2 0.492188 0.679688 0.190625 0.228125 0.00769043
0 0.245312 0.1875 0.171875 0.33125 0.0203247
1 0.248437 0.190625 0.171875 0.33125 0.909668
