1 0.576563 0.171875 0.121875 0.23125 0.00131989
0 0.967188 0.525 0.065625 0.35 0.00140572
0 0.476562 0.4625 0.171875 0.39375 0.00184155
2 0.120312 0.01875 0.178125 0.0375 0.00190353
2 0.951563 0.703125 0.090625 0.2875 0.00197029
1 0.0703125 0.584375 0.096875 0.59375 0.00260925
2 0.946875 0.957812 0.1 0.084375 0.00293541
0 0.579687 0.171875 0.121875 0.2375 0.00332642
0 0.851562 0.36875 0.240625 0.59375 0.00430298
0 0.940625 0.096875 0.11875 0.18125 0.00576019
0 0.529688 0.570312 0.196875 0.421875 0.00830841
2 0.921875 0.79375 0.14375 0.4 0.924316
