0 0.0421875 0.582812 0.078125 0.621875 0.00105667
0 0.882812 0.164062 0.190625 0.328125 0.00133896
0 0.451562 0.470313 0.271875 0.484375 0.00145912
0 0.935938 0.245312 0.128125 0.384375 0.00157166
0 0.967188 0.065625 0.065625 0.13125 0.00236893
1 0.0703125 0.585938 0.103125 0.628125 0.0024147
2 0.123438 0.01875 0.184375 0.0375 0.00250816
0 0.832812 0.342187 0.165625 0.190625 0.002985
0 0.889063 0.0796875 0.215625 0.153125 0.00340462
0 0.523438 0.564062 0.221875 0.421875 0.00525665
0 0.967188 0.279687 0.059375 0.515625 0.0143661
0 0.940625 0.1 0.11875 0.2 0.0386353
0 0.839063 0.529688 0.209375 0.584375 0.88623
