0 0.1125 0.5875 0.15625 0.6 0.00104427
1 0.485938 0.6375 0.221875 0.33125 0.00109577
2 0.0296875 0.907812 0.059375 0.171875 0.00113106
1 0.215625 0.628125 0.14375 0.4875 0.00114441
0 0.0421875 0.579687 0.078125 0.659375 0.00115967
2 0.967188 0.09375 0.065625 0.1875 0.0011692
1 0.826563 0.021875 0.159375 0.04375 0.0012331
1 0.657812 0.221875 0.221875 0.4125 0.00163078
0 0.50625 0.673437 0.21875 0.259375 0.00191116
1 0.0734375 0.58125 0.115625 0.6625 0.00265312
0 0.6625 0.167187 0.1625 0.321875 0.00281525
2 0.471875 0.821875 0.14375 0.34375 0.00492477
2 0.490625 0.68125 0.2 0.225 0.00574112
0 0.439063 0.184375 0.140625 0.325 0.0735474
0 0.295312 0.176563 0.134375 0.296875 0.144897
0 0.585938 0.153125 0.128125 0.2625 0.233276
1 0.590625 0.15 0.13125 0.2875 0.308105
1 0.434375 0.184375 0.15625 0.325 0.580078
1 0.296875 0.176563 0.1375 0.284375 0.730957
