1 0.353125 0.179688 0.20625 0.340625 0.00108051
2 0.909375 0.926562 0.14375 0.134375 0.00133038
2 0.509375 0.7125 0.15625 0.55625 0.0013485
0 0.965625 0.721875 0.06875 0.55625 0.00138092
0 0.670313 0.03125 0.196875 0.0625 0.00144482
2 0.578125 0.948438 0.1375 0.090625 0.00156116
2 0.721875 0.882812 0.10625 0.234375 0.00156784
0 0.675 0.0796875 0.18125 0.159375 0.00156879
2 0.0796875 0.909375 0.140625 0.175 0.00164127
2 0.803125 0.451562 0.20625 0.259375 0.0016489
0 0.028125 0.0796875 0.05625 0.159375 0.00179768
2 0.465625 0.820312 0.19375 0.309375 0.00248528
0 0.532812 0.640625 0.146875 0.55625 0.00271797
0 0.426562 0.5875 0.184375 0.49375 0.00286865
0 0.859375 0.526563 0.20625 0.428125 0.00323868
2 0.63125 0.46875 0.2125 0.2375 0.0042572
0 0.332812 0.084375 0.165625 0.1625 0.00475311
0 0.0671875 0.459375 0.128125 0.54375 0.00534821
2 0.535937 0.910937 0.115625 0.165625 0.00550842
2 0.778125 0.95625 0.2 0.075 0.00556564
0 0.729688 0.679688 0.109375 0.578125 0.00574493
0 0.729688 0.4 0.190625 0.25 0.00597382
1 0.665625 0.198437 0.2 0.384375 0.00625992
2 0.6375 0.909375 0.2 0.175 0.0071373
0 0.03125 0.598437 0.0625 0.359375 0.00830841
0 0.940625 0.0921875 0.11875 0.178125 0.00852203
2 0.676562 0.954687 0.159375 0.084375 0.00881958
2 0.721875 0.942187 0.14375 0.115625 0.0142975
2 0.835938 0.921875 0.234375 0.15625 0.014473
0 0.0421875 0.695312 0.084375 0.434375 0.0228424
0 0.38125 0.475 0.2 0.35 0.0228577
2 0.0390625 0.696875 0.078125 0.45 0.025116
2 0.425 0.685938 0.2125 0.553125 0.0264587
0 0.928125 0.696875 0.13125 0.59375 0.0362854
0 0.482812 0.273438 0.159375 0.421875 0.0417786
0 0.0921875 0.720312 0.184375 0.409375 0.0593262
0 0.564062 0.440625 0.184375 0.2875 0.0652466
0 0.33125 0.171875 0.15 0.3 0.0800781
1 0.360938 0.671875 0.190625 0.55625 0.108093
0 0.473437 0.682813 0.165625 0.571875 0.173706
0 0.634375 0.4625 0.20625 0.23125 0.253174
2 0.834375 0.703125 0.26875 0.59375 0.432373
0 0.820312 0.45625 0.209375 0.25 0.436768
0 0.371875 0.292188 0.19375 0.453125 0.544922
0 0.548437 0.315625 0.171875 0.43125 0.561035
0 0.617188 0.689062 0.240625 0.621875 0.666992
0 0.678125 0.217187 0.175 0.409375 0.703613
2 0.090625 0.753125 0.175 0.46875 0.748535
2 0.620313 0.6875 0.246875 0.625 0.752441
0 0.375 0.671875 0.19375 0.55625 0.842285
0 0.83125 0.678125 0.25625 0.64375 0.85498
