2 0.126563 0.01875 0.203125 0.0375 0.00120926
0 0.825 0.328125 0.21875 0.51875 0.00127411
2 0.0625 0.614062 0.09375 0.659375 0.00140667
1 0.482812 0.579687 0.190625 0.390625 0.00178719
0 0.726562 0.571875 0.190625 0.3875 0.00180054
1 0.790625 0.2625 0.25625 0.525 0.00196648
0 0.059375 0.657812 0.11875 0.684375 0.00208664
1 0.684375 0.145313 0.15 0.290625 0.00209999
1 0.496875 0.178125 0.13125 0.325 0.00297928
1 0.0703125 0.5875 0.103125 0.6375 0.00298691
0 0.684375 0.151562 0.1625 0.303125 0.00302505
0 0.520312 0.615625 0.196875 0.39375 0.00376129
2 0.028125 0.935938 0.05625 0.128125 0.0105286
2 0.0390625 0.778125 0.065625 0.40625 0.0196991
0 0.3875 0.178125 0.16875 0.3375 0.023468
0 0.559375 0.189063 0.16875 0.359375 0.0742798
2 0.03125 0.871875 0.0625 0.23125 0.740723
1 0.553125 0.192188 0.175 0.346875 0.872559
1 0.38125 0.18125 0.175 0.33125 0.872559
