1 0.954687 0.0953125 0.084375 0.178125 0.00163269
1 0.58125 0.165625 0.13125 0.24375 0.00165367
1 0.065625 0.56875 0.1 0.63125 0.00183296
2 0.335938 0.440625 0.246875 0.51875 0.0018549
0 0.821875 0.267188 0.21875 0.503125 0.00282478
2 0.9625 0.096875 0.075 0.19375 0.00284386
0 0.951563 0.0953125 0.096875 0.178125 0.00288963
0 0.0421875 0.56875 0.078125 0.65 0.00481415
0 0.582812 0.164062 0.128125 0.253125 0.00737762
0 0.342187 0.423438 0.228125 0.528125 0.00791931
0 0.09375 0.457812 0.1875 0.771875 0.00971222
1 0.334375 0.415625 0.24375 0.54375 0.871582
