0 0.025 0.0765625 0.05 0.153125 0.0011425
2 0.065625 0.0640625 0.1125 0.128125 0.0011816
0 0.525 0.567187 0.19375 0.409375 0.00121784
1 0.109375 0.559375 0.20625 0.675 0.00131321
2 0.090625 0.03125 0.1375 0.0625 0.00141525
1 0.825 0.021875 0.15625 0.04375 0.00179005
0 0.684375 0.140625 0.16875 0.275 0.00182343
0 0.73125 0.271875 0.15 0.4375 0.00187302
2 0.957812 0.103125 0.084375 0.19375 0.00201607
0 0.109375 0.46875 0.2125 0.65625 0.0020237
0 0.579687 0.167187 0.109375 0.221875 0.00216293
0 0.946875 0.103125 0.10625 0.20625 0.00254631
0 0.8125 0.34375 0.23125 0.56875 0.00296021
1 0.765625 0.29375 0.275 0.54375 0.00304031
0 0.0703125 0.571875 0.115625 0.63125 0.00335121
1 0.06875 0.573438 0.1 0.603125 0.00374794
1 0.948438 0.1 0.096875 0.1875 0.00712967
1 0.30625 0.2375 0.175 0.43125 0.892578
