0 0.589063 0.6125 0.171875 0.53125 0.00102329
0 0.88125 0.0609375 0.16875 0.121875 0.00114632
2 0.426562 0.61875 0.296875 0.6 0.00160599
0 0.075 0.365625 0.14375 0.64375 0.0016346
0 0.357812 0.415625 0.178125 0.19375 0.00194073
0 0.585938 0.167187 0.134375 0.253125 0.00199127
0 0.842188 0.340625 0.240625 0.58125 0.00211143
0 0.551562 0.420312 0.184375 0.203125 0.00226021
1 0.7 0.23125 0.2625 0.4375 0.00360489
1 0.821875 0.021875 0.16875 0.04375 0.00518417
0 0.0421875 0.573438 0.078125 0.671875 0.00521469
0 0.701563 0.23125 0.240625 0.4125 0.00654602
1 0.946875 0.101562 0.10625 0.190625 0.0245972
0 0.94375 0.103125 0.1125 0.19375 0.0322876
0 0.123438 0.571875 0.209375 0.66875 0.044281
1 0.378125 0.614062 0.19375 0.571875 0.533203
0 0.38125 0.614062 0.1875 0.584375 0.588379
1 0.560938 0.609375 0.203125 0.5375 0.859375
