2 0.846875 0.909375 0.175 0.16875 0.00105381
1 0.16875 0.0171875 0.20625 0.034375 0.00118637
0 0.6375 0.657812 0.19375 0.371875 0.00127316
1 0.482812 0.617188 0.209375 0.403125 0.00135517
1 0.06875 0.592188 0.0875 0.578125 0.00171661
2 0.95625 0.0921875 0.0875 0.184375 0.00221443
0 0.465625 0.55 0.275 0.6375 0.00240898
1 0.109375 0.623438 0.13125 0.534375 0.00247383
0 0.478125 0.46875 0.1875 0.39375 0.0025444
0 0.820312 0.334375 0.228125 0.54375 0.00266266
1 0.828125 0.264062 0.2125 0.496875 0.00313377
0 0.479688 0.657812 0.190625 0.309375 0.00318909
2 0.132812 0.01875 0.196875 0.0375 0.00331116
0 0.734375 0.26875 0.175 0.5 0.00339317
1 0.835938 0.021875 0.153125 0.04375 0.00350571
0 0.525 0.573438 0.19375 0.440625 0.00898743
1 0.945312 0.0921875 0.103125 0.178125 0.0107498
0 0.94375 0.0921875 0.1125 0.178125 0.0110397
2 0.904688 0.889063 0.190625 0.215625 0.864746
