2 0.123438 0.01875 0.190625 0.0375 0.0011301
0 0.820312 0.148438 0.190625 0.290625 0.00146675
0 0.0375 0.582812 0.0625 0.584375 0.00159073
1 0.776563 0.185937 0.228125 0.353125 0.00181389
0 0.203125 0.665625 0.25 0.5125 0.00181866
2 0.578125 0.75 0.225 0.38125 0.00258064
0 0.775 0.229687 0.1625 0.378125 0.00274658
0 0.13125 0.479688 0.23125 0.740625 0.00284195
1 0.585938 0.245312 0.153125 0.215625 0.0044632
0 0.425 0.385938 0.20625 0.534375 0.00504684
1 0.0765625 0.584375 0.121875 0.6125 0.00520706
1 0.865625 0.359375 0.24375 0.6375 0.00534821
0 0.598437 0.40625 0.196875 0.48125 0.00667953
0 0.903125 0.55625 0.19375 0.65 0.00778198
0 0.078125 0.58125 0.125 0.6375 0.0116959
0 0.867188 0.357812 0.228125 0.609375 0.0124588
0 0.948438 0.103125 0.103125 0.19375 0.0254517
1 0.95 0.101562 0.1 0.196875 0.027832
1 0.59375 0.4 0.2 0.5125 0.853516
1 0.425 0.38125 0.2 0.5375 0.903809
