2 0.959375 0.09375 0.08125 0.1875 0.00100517
1 0.103125 0.328125 0.16875 0.55625 0.00109482
0 0.040625 0.579687 0.075 0.653125 0.00198174
1 0.078125 0.58125 0.11875 0.63125 0.00240135
2 0.125 0.0171875 0.20625 0.034375 0.00248528
1 0.360938 0.4125 0.203125 0.19375 0.00261879
0 0.946875 0.090625 0.10625 0.16875 0.00287437
0 0.76875 0.3125 0.2375 0.56875 0.00537491
0 0.0796875 0.576563 0.128125 0.671875 0.00688553
2 0.389062 0.620313 0.240625 0.603125 0.00783539
1 0.379687 0.6125 0.240625 0.6 0.893555
