1 0.723437 0.242188 0.146875 0.421875 0.0011425
2 0.128125 0.01875 0.20625 0.0375 0.00117588
2 0.470313 0.825 0.134375 0.2875 0.00122261
2 0.9625 0.1 0.075 0.2 0.00132084
0 0.835938 0.345313 0.253125 0.596875 0.00152397
1 0.951563 0.0984375 0.090625 0.184375 0.00184059
1 0.078125 0.5875 0.10625 0.59375 0.00228691
0 0.725 0.24375 0.15625 0.43125 0.00262642
1 0.135937 0.585938 0.221875 0.665625 0.00265503
1 0.820312 0.278125 0.234375 0.53125 0.00293922
0 0.95 0.096875 0.1 0.18125 0.00296211
0 0.078125 0.585938 0.11875 0.615625 0.00336647
1 0.471875 0.442187 0.2125 0.540625 0.951172
