0 0.034375 0.58125 0.05625 0.58125 0.00103664
1 0.828125 0.275 0.20625 0.5125 0.00133133
1 0.828125 0.021875 0.1625 0.04375 0.00149441
0 0.132812 0.576563 0.221875 0.696875 0.00152779
2 0.960938 0.0953125 0.078125 0.184375 0.00165272
1 0.498437 0.503125 0.196875 0.26875 0.00167274
1 0.60625 0.589063 0.10625 0.421875 0.00170135
2 0.123438 0.01875 0.190625 0.0375 0.00208473
1 0.071875 0.58125 0.1 0.6 0.00280952
0 0.81875 0.3375 0.2125 0.58125 0.00403976
0 0.0734375 0.579687 0.115625 0.628125 0.00486374
0 0.948438 0.0921875 0.103125 0.171875 0.00543213
2 0.509375 0.648438 0.24375 0.578125 0.775391
1 0.515625 0.646875 0.2375 0.55625 0.785156
