2 0.476562 0.826563 0.153125 0.346875 0.00106716
0 0.475 0.464063 0.1625 0.359375 0.00111389
1 0.103125 0.65 0.20625 0.65 0.00139141
0 0.5875 0.159375 0.125 0.25 0.00146008
1 0.826563 0.021875 0.159375 0.04375 0.0014782
2 0.129688 0.01875 0.196875 0.0375 0.00195694
2 0.95625 0.1125 0.0875 0.225 0.00198174
1 0.1375 0.671875 0.14375 0.5375 0.00311279
2 0.0375 0.865625 0.075 0.18125 0.00345802
2 0.0546875 0.5 0.103125 0.3375 0.00415421
0 0.525 0.6125 0.2 0.43125 0.00417328
1 0.734375 0.242188 0.14375 0.434375 0.00460815
2 0.101562 0.873438 0.146875 0.159375 0.00481033
1 0.0515625 0.446875 0.084375 0.29375 0.00484848
0 0.942187 0.101562 0.115625 0.203125 0.0067482
0 0.735937 0.245312 0.153125 0.434375 0.00677109
2 0.0953125 0.66875 0.159375 0.5625 0.00965881
2 0.065625 0.815625 0.13125 0.26875 0.0129089
1 0.94375 0.0953125 0.10625 0.184375 0.0146637
1 0.06875 0.651563 0.1375 0.584375 0.877441
