0 0.117188 0.25625 0.209375 0.5125 0.00109577
2 0.226562 0.914062 0.159375 0.146875 0.00114155
2 0.525 0.753125 0.3125 0.49375 0.00145149
0 0.0703125 0.584375 0.121875 0.65625 0.00155544
0 0.579687 0.148438 0.121875 0.246875 0.00203133
1 0.254687 0.428125 0.203125 0.19375 0.00240707
2 0.123438 0.0171875 0.203125 0.034375 0.00266647
1 0.114063 0.348437 0.171875 0.403125 0.00287628
2 0.217187 0.965625 0.153125 0.05625 0.003479
2 0.192188 0.940625 0.115625 0.10625 0.00413132
1 0.257812 0.646875 0.246875 0.60625 0.620605
2 0.25625 0.670313 0.2375 0.659375 0.880859
