2 0.489062 0.671875 0.196875 0.25 0.00103092
1 0.432813 0.0453125 0.171875 0.084375 0.00111103
0 0.04375 0.576563 0.075 0.628125 0.00115299
1 0.475 0.478125 0.225 0.4625 0.00119495
1 0.695312 0.171875 0.221875 0.3375 0.0012722
1 0.425 0.207813 0.16875 0.359375 0.00135803
1 0.0703125 0.576563 0.103125 0.621875 0.00143147
2 0.9625 0.1 0.075 0.2 0.00156593
0 0.267188 0.2375 0.190625 0.43125 0.00165176
0 0.525 0.615625 0.225 0.39375 0.00184155
0 0.478125 0.470313 0.16875 0.359375 0.00188828
1 0.83125 0.021875 0.1625 0.04375 0.00190163
1 0.223438 0.66875 0.215625 0.525 0.00195312
0 0.332812 0.135937 0.134375 0.246875 0.00202179
2 0.0671875 0.071875 0.115625 0.14375 0.00216103
0 0.714063 0.235938 0.171875 0.440625 0.00292778
1 0.373437 0.148438 0.096875 0.246875 0.00303268
0 0.578125 0.159375 0.125 0.24375 0.00310707
1 0.334375 0.132812 0.13125 0.240625 0.0036869
1 0.95 0.1 0.09375 0.1875 0.00376701
1 0.742188 0.267188 0.265625 0.509375 0.00414276
0 0.946875 0.1 0.10625 0.1875 0.00585175
0 0.40625 0.1375 0.15625 0.25 0.00750351
1 0.4125 0.11875 0.1375 0.2125 0.0224152
1 0.279687 0.239063 0.203125 0.453125 0.916016
