0 0.946875 0.096875 0.10625 0.175 0.00100708
0 0.0640625 0.0703125 0.115625 0.140625 0.00101185
0 0.0734375 0.0375 0.128125 0.06875 0.00117111
0 0.028125 0.0765625 0.05625 0.153125 0.00117683
0 0.6875 0.60625 0.1875 0.4125 0.0012207
0 0.48125 0.46875 0.2 0.425 0.00134945
1 0.484375 0.53125 0.24375 0.5625 0.00138187
2 0.0640625 0.071875 0.109375 0.14375 0.00140572
0 0.823438 0.332812 0.240625 0.584375 0.0015583
1 0.823438 0.0203125 0.159375 0.040625 0.00157833
1 0.071875 0.582812 0.10625 0.634375 0.00219154
0 0.528125 0.570312 0.19375 0.403125 0.00239563
0 0.729688 0.265625 0.171875 0.49375 0.00253677
0 0.260938 0.217187 0.203125 0.403125 0.0211487
1 0.260938 0.215625 0.190625 0.39375 0.901367
