1 0.21875 0.670313 0.21875 0.521875 0.00106049
1 0.426562 0.207813 0.171875 0.353125 0.00108242
0 0.04375 0.576563 0.075 0.628125 0.00112534
0 0.817187 0.34375 0.240625 0.5625 0.00115013
1 0.428125 0.046875 0.16875 0.0875 0.00122833
0 0.0265625 0.078125 0.053125 0.15625 0.00123501
1 0.071875 0.575 0.10625 0.625 0.00127506
0 0.692187 0.146875 0.178125 0.275 0.00129509
0 0.503125 0.4625 0.20625 0.4125 0.00138664
1 0.83125 0.021875 0.1625 0.04375 0.00158787
0 0.576563 0.15625 0.128125 0.24375 0.00160789
0 0.267188 0.23125 0.190625 0.425 0.00161076
0 0.526563 0.615625 0.221875 0.38125 0.00171947
0 0.332812 0.1375 0.134375 0.25 0.00179577
2 0.0671875 0.071875 0.115625 0.14375 0.00198555
2 0.9625 0.1 0.075 0.2 0.00203514
1 0.334375 0.132812 0.13125 0.240625 0.002882
0 0.745313 0.267188 0.246875 0.484375 0.00289726
1 0.748438 0.275 0.271875 0.51875 0.00387573
1 0.948438 0.1 0.096875 0.1875 0.00522614
0 0.403125 0.135937 0.15625 0.253125 0.00715256
0 0.946875 0.1 0.10625 0.1875 0.0073967
1 0.410937 0.11875 0.140625 0.2125 0.0223999
1 0.28125 0.229687 0.2 0.434375 0.923828
