1 0.779688 0.0234375 0.190625 0.046875 0.00107574
2 0.476562 0.825 0.128125 0.3 0.00118446
0 0.31875 0.334375 0.225 0.525 0.001194
0 0.0734375 0.36875 0.134375 0.68125 0.00129223
0 0.75 0.2625 0.24375 0.5 0.00149632
1 0.0703125 0.575 0.103125 0.65625 0.00170898
0 0.0421875 0.575 0.078125 0.6875 0.00227547
0 0.529688 0.614062 0.209375 0.434375 0.00870514
0 0.109375 0.545313 0.2 0.690625 0.0106354
0 0.401563 0.198437 0.165625 0.365625 0.0432129
1 0.396875 0.2 0.15625 0.35 0.691895
1 0.31875 0.3375 0.21875 0.4875 0.960449
