0 0.429688 0.471875 0.209375 0.41875 0.00118446
1 0.828125 0.0203125 0.1625 0.040625 0.00121498
1 0.934375 0.29375 0.13125 0.49375 0.00124836
0 0.7 0.084375 0.1625 0.15 0.00132465
1 0.68125 0.078125 0.15 0.15 0.00152302
1 0.0671875 0.58125 0.084375 0.58125 0.00153255
0 0.685938 0.632812 0.153125 0.340625 0.0017271
0 0.06875 0.579687 0.1 0.596875 0.00179195
1 0.482812 0.614062 0.234375 0.390625 0.00195503
2 0.11875 0.01875 0.18125 0.0375 0.0023613
1 0.879687 0.335938 0.196875 0.540625 0.00460052
1 0.425 0.492188 0.28125 0.546875 0.00477219
1 0.964063 0.0890625 0.071875 0.171875 0.00536346
0 0.665625 0.278125 0.225 0.50625 0.00615311
0 0.484375 0.614062 0.23125 0.421875 0.00708771
0 0.948438 0.090625 0.103125 0.175 0.0204163
1 0.665625 0.275 0.21875 0.525 0.91748
