1 0.3375 0.423438 0.15 0.190625 0.00130558
0 0.689062 0.1375 0.146875 0.275 0.0015707
1 0.689062 0.134375 0.140625 0.26875 0.00170422
2 0.121875 0.0171875 0.19375 0.034375 0.00223923
0 0.0765625 0.58125 0.128125 0.61875 0.00295067
1 0.534375 0.226562 0.16875 0.228125 0.00567245
1 0.445312 0.570312 0.190625 0.596875 0.00790405
1 0.485938 0.3 0.190625 0.2 0.0240326
0 0.573438 0.134375 0.134375 0.24375 0.135132
2 0.348437 0.610937 0.190625 0.559375 0.182739
1 0.570312 0.132812 0.146875 0.253125 0.519531
1 0.353125 0.6125 0.19375 0.575 0.912109
1 0.50625 0.5125 0.2 0.5875 0.920898
