0 0.084375 0.585938 0.16875 0.784375 0.00101757
2 0.046875 0.94375 0.0875 0.1125 0.00143909
1 0.83125 0.021875 0.15 0.04375 0.00190735
0 0.0421875 0.623438 0.078125 0.665625 0.00284958
0 0.684375 0.132812 0.16875 0.246875 0.00312996
2 0.065625 0.6125 0.10625 0.6875 0.00460815
1 0.071875 0.58125 0.11875 0.6625 0.00481033
1 0.95 0.0953125 0.1 0.178125 0.00557327
2 0.0328125 0.748438 0.065625 0.471875 0.00810242
0 0.692187 0.45625 0.228125 0.56875 0.0085144
1 0.684375 0.129688 0.16875 0.246875 0.00933075
0 0.94375 0.1 0.1125 0.175 0.0125504
2 0.0234375 0.903125 0.046875 0.175 0.165039
1 0.692187 0.453125 0.228125 0.56875 0.895996
1 0.292188 0.2375 0.190625 0.425 0.908691
