0 0.08125 0.3125 0.1625 0.51875 0.00100517
2 0.0703125 0.75 0.109375 0.5 0.00109863
2 0.182812 0.65 0.296875 0.65 0.00123596
2 0.957812 0.11875 0.084375 0.2375 0.00127316
0 0.0953125 0.71875 0.165625 0.5625 0.00135326
0 0.13125 0.445312 0.16875 0.234375 0.00139904
1 0.829687 0.0203125 0.165625 0.040625 0.00247002
0 0.946875 0.0984375 0.10625 0.178125 0.00292206
0 0.767187 0.304688 0.240625 0.603125 0.00370789
2 0.314063 0.842188 0.165625 0.278125 0.00574493
1 0.109375 0.220313 0.19375 0.440625 0.00768661
2 0.0359375 0.83125 0.071875 0.3375 0.03302
2 0.270312 0.882812 0.165625 0.165625 0.0454102
0 0.15625 0.642187 0.2125 0.578125 0.0678101
2 0.192188 0.870313 0.309375 0.221875 0.219482
2 0.0609375 0.882812 0.121875 0.228125 0.354248
1 0.464063 0.657812 0.240625 0.528125 0.431641
2 0.464063 0.665625 0.253125 0.55625 0.567383
1 0.157813 0.651563 0.228125 0.609375 0.800781
