1 0.520312 0.103125 0.171875 0.2 0.00106144
1 0.759375 0.251563 0.24375 0.503125 0.00134087
0 0.532812 0.126563 0.196875 0.253125 0.00149822
2 0.126563 0.0171875 0.196875 0.034375 0.00188541
2 0.964063 0.096875 0.071875 0.19375 0.00205231
1 0.520312 0.215625 0.221875 0.43125 0.00243759
1 0.0734375 0.5875 0.103125 0.59375 0.00309181
1 0.66875 0.420312 0.2 0.203125 0.00314522
0 0.0765625 0.584375 0.115625 0.61875 0.0034523
0 0.95 0.0921875 0.1 0.178125 0.00800323
0 0.471875 0.090625 0.16875 0.15625 0.0121078
1 0.460938 0.1 0.165625 0.18125 0.0172882
2 0.678125 0.609375 0.24375 0.56875 0.22937
1 0.678125 0.615625 0.24375 0.575 0.885742
