1 0.328125 0.0984375 0.14375 0.178125 0.00103664
0 0.826563 0.35 0.240625 0.56875 0.00103951
0 0.090625 0.03125 0.14375 0.0625 0.00104523
0 0.0359375 0.579687 0.059375 0.584375 0.00106239
2 0.9625 0.0984375 0.075 0.196875 0.00118542
1 0.4125 0.203125 0.1625 0.36875 0.00144482
2 0.065625 0.071875 0.11875 0.14375 0.00148392
1 0.829687 0.021875 0.165625 0.04375 0.00152779
0 0.0265625 0.0796875 0.053125 0.159375 0.00168991
1 0.0703125 0.578125 0.096875 0.60625 0.00178432
1 0.948438 0.096875 0.096875 0.18125 0.00210571
0 0.229687 0.670313 0.228125 0.515625 0.00212669
0 0.35 0.109375 0.1625 0.20625 0.00215149
1 0.425 0.0875 0.1625 0.14375 0.00221252
0 0.485938 0.509375 0.196875 0.4125 0.00226212
0 0.071875 0.575 0.10625 0.63125 0.00297737
0 0.946875 0.096875 0.10625 0.18125 0.00312233
1 0.46875 0.0578125 0.1625 0.090625 0.00370216
0 0.396875 0.134375 0.13125 0.23125 0.00700378
1 0.375 0.135937 0.1125 0.246875 0.181641
1 0.282813 0.248437 0.203125 0.471875 0.927246
