0 0.523438 0.570312 0.209375 0.421875 0.00103664
0 0.075 0.040625 0.13125 0.075 0.00105286
2 0.49375 0.670313 0.2 0.240625 0.00106716
1 0.251563 0.185937 0.359375 0.371875 0.00110722
1 0.951563 0.09375 0.090625 0.175 0.00120735
0 0.478125 0.459375 0.18125 0.40625 0.00131512
2 0.964063 0.09375 0.071875 0.1875 0.00135899
1 0.821875 0.275 0.21875 0.50625 0.00147724
1 0.0390625 0.58125 0.065625 0.59375 0.00151157
2 0.223438 0.671875 0.134375 0.46875 0.00158501
0 0.807813 0.3375 0.228125 0.55625 0.00167084
0 0.03125 0.08125 0.0625 0.1625 0.00180149
0 0.065625 0.0875 0.11875 0.16875 0.00185394
0 0.95 0.09375 0.1 0.175 0.00193691
0 0.11875 0.56875 0.2125 0.7 0.00212669
0 0.04375 0.578125 0.08125 0.64375 0.0028019
2 0.0625 0.0765625 0.1125 0.153125 0.00285339
1 0.0703125 0.58125 0.096875 0.6125 0.0074234
0 0.242188 0.18125 0.165625 0.3 0.0422668
1 0.24375 0.18125 0.16875 0.30625 0.892578
