0 0.68125 0.220313 0.1875 0.390625 0.00102043
0 0.31875 0.260938 0.19375 0.340625 0.0010252
1 0.94375 0.103125 0.10625 0.20625 0.0010376
2 0.276563 0.964063 0.146875 0.059375 0.00126934
1 0.725 0.390625 0.2125 0.28125 0.00144863
2 0.753125 0.710938 0.18125 0.571875 0.00148296
2 0.435937 0.9 0.165625 0.18125 0.00164318
0 0.75625 0.673437 0.18125 0.528125 0.00195122
0 0.865625 0.321875 0.2125 0.5375 0.00198555
2 0.6625 0.90625 0.175 0.175 0.00201797
1 0.253125 0.417188 0.18125 0.196875 0.00219727
1 0.665625 0.425 0.21875 0.19375 0.00255013
2 0.321875 0.685938 0.19375 0.609375 0.00310898
2 0.276563 0.9125 0.140625 0.15 0.00312805
1 0.115625 0.339063 0.19375 0.521875 0.00336456
2 0.342187 0.909375 0.190625 0.175 0.00337601
0 0.753125 0.229687 0.24375 0.453125 0.00377083
0 0.110937 0.340625 0.165625 0.46875 0.00428772
0 0.214062 0.620313 0.159375 0.621875 0.0049324
1 0.75625 0.239063 0.2625 0.478125 0.00579071
0 0.0703125 0.576563 0.128125 0.684375 0.0067215
0 0.940625 0.09375 0.11875 0.1875 0.0281067
1 0.659375 0.645312 0.25625 0.603125 0.0336609
1 0.440625 0.404687 0.20625 0.209375 0.0360413
1 0.242188 0.632812 0.215625 0.596875 0.400635
2 0.240625 0.657812 0.19375 0.646875 0.6875
1 0.439063 0.598437 0.234375 0.590625 0.6875
2 0.432813 0.648438 0.221875 0.678125 0.802734
2 0.671875 0.665625 0.28125 0.66875 0.835449
