1 0.826563 0.0234375 0.159375 0.046875 0.00110245
0 0.66875 0.028125 0.18125 0.05625 0.00114536
1 0.329688 0.153125 0.121875 0.26875 0.00124073
2 0.965625 0.103125 0.06875 0.20625 0.00151539
1 0.529688 0.634375 0.165625 0.35625 0.00181675
0 0.970312 0.103125 0.059375 0.1875 0.00182438
0 0.4875 0.678125 0.1875 0.2375 0.00184345
2 0.470313 0.823438 0.159375 0.353125 0.00213051
1 0.670313 0.140625 0.153125 0.28125 0.00271988
0 0.529688 0.63125 0.171875 0.375 0.00602341
0 0.296875 0.221875 0.1875 0.38125 0.0101929
0 0.670313 0.14375 0.153125 0.28125 0.0154648
0 0.401563 0.15 0.140625 0.2875 0.0825806
0 0.620313 0.185937 0.165625 0.346875 0.302979
1 0.409375 0.153125 0.14375 0.2625 0.482666
1 0.621875 0.18125 0.18125 0.35 0.636719
1 0.290625 0.223438 0.18125 0.378125 0.872559
