0 0.685938 0.265625 0.171875 0.5125 0.00118065
1 0.826563 0.021875 0.165625 0.04375 0.00144768
0 0.129688 0.640625 0.153125 0.54375 0.00170898
2 0.128125 0.01875 0.20625 0.0375 0.00202751
2 0.95625 0.11875 0.0875 0.23125 0.00226593
1 0.823438 0.270312 0.240625 0.521875 0.00229836
0 0.0390625 0.582812 0.065625 0.615625 0.00259399
2 0.364062 0.939062 0.153125 0.115625 0.00275993
1 0.115625 0.357812 0.21875 0.715625 0.00320244
0 0.946875 0.096875 0.10625 0.175 0.00378418
1 0.075 0.582812 0.125 0.640625 0.00475311
0 0.759375 0.30625 0.25625 0.6 0.00738144
0 0.078125 0.579687 0.13125 0.690625 0.0248871
1 0.34375 0.690625 0.25 0.51875 0.0291748
2 0.353125 0.714063 0.24375 0.553125 0.91748
