1 0.95 0.090625 0.09375 0.16875 0.00117779
1 0.75625 0.271875 0.26875 0.53125 0.00120354
2 0.964063 0.0953125 0.071875 0.184375 0.00147057
0 0.948438 0.0890625 0.103125 0.165625 0.00160694
2 0.203125 0.873438 0.14375 0.159375 0.00163841
0 0.475 0.471875 0.2 0.43125 0.00165653
0 0.728125 0.242188 0.18125 0.446875 0.00191116
2 0.125 0.01875 0.1875 0.0375 0.00197983
1 0.0375 0.640625 0.075 0.55 0.0030899
1 0.11875 0.242188 0.20625 0.484375 0.00425339
2 0.0421875 0.753125 0.084375 0.3875 0.00816345
0 0.0484375 0.667188 0.096875 0.478125 0.0085907
2 0.075 0.69375 0.14375 0.475 0.0166168
2 0.135937 0.657812 0.221875 0.559375 0.249756
1 0.140625 0.657812 0.21875 0.559375 0.789551
