1 0.789062 0.25625 0.265625 0.5125 0.00100613
0 0.81875 0.260938 0.20625 0.484375 0.00110149
1 0.110937 0.578125 0.203125 0.625 0.00193787
1 0.551562 0.420312 0.190625 0.209375 0.00231171
2 0.354688 0.542188 0.196875 0.521875 0.00247002
0 0.0765625 0.58125 0.128125 0.675 0.00358582
1 0.951563 0.101562 0.090625 0.190625 0.00847626
0 0.95 0.101562 0.1 0.184375 0.0125809
2 0.553125 0.564062 0.2125 0.521875 0.0697021
1 0.554688 0.565625 0.215625 0.51875 0.926758
1 0.35625 0.540625 0.2 0.5125 0.94873
