1 0.153125 0.639063 0.2 0.571875 0.00111675
1 0.789062 0.25625 0.240625 0.5125 0.0011549
0 0.153125 0.63125 0.175 0.54375 0.00121117
0 0.85625 0.357812 0.21875 0.584375 0.0012207
2 0.55625 0.585938 0.20625 0.540625 0.00168991
2 0.128125 0.01875 0.2 0.0375 0.00171375
1 0.773438 0.228125 0.146875 0.3875 0.00184155
2 0.392188 0.545313 0.196875 0.528125 0.00200844
1 0.553125 0.323438 0.175 0.203125 0.00229454
0 0.0390625 0.5875 0.065625 0.6 0.00262833
1 0.946875 0.096875 0.1 0.1875 0.00764465
0 0.946875 0.0984375 0.10625 0.184375 0.00985718
1 0.0703125 0.5875 0.103125 0.625 0.0124435
0 0.071875 0.584375 0.1125 0.65625 0.015419
1 0.390625 0.545313 0.19375 0.521875 0.913574
1 0.5625 0.545313 0.2125 0.615625 0.919434
