0 0.965625 0.0640625 0.06875 0.128125 0.0012207
1 0.114063 0.771875 0.190625 0.28125 0.00138569
0 0.557813 0.289062 0.165625 0.190625 0.00149918
2 0.0375 0.804688 0.075 0.234375 0.00160408
0 0.492188 0.0640625 0.171875 0.121875 0.00216484
0 0.965625 0.185937 0.06875 0.371875 0.0022068
1 0.0546875 0.496875 0.090625 0.3375 0.00413132
2 0.0578125 0.498437 0.096875 0.328125 0.00616455
2 0.114063 0.765625 0.196875 0.29375 0.00817108
1 0.139062 0.634375 0.171875 0.55 0.00937653
0 0.526563 0.132812 0.165625 0.246875 0.0133133
0 0.940625 0.2875 0.11875 0.5625 0.0254822
0 0.1125 0.665625 0.2125 0.51875 0.0548706
0 0.945312 0.0953125 0.109375 0.184375 0.0610046
1 0.559375 0.515625 0.2 0.6 0.0799561
1 0.760938 0.373437 0.171875 0.515625 0.148438
2 0.0765625 0.654688 0.146875 0.528125 0.190308
1 0.0796875 0.653125 0.153125 0.53125 0.754883
0 0.565625 0.50625 0.20625 0.6 0.863281
0 0.759375 0.379687 0.15625 0.503125 0.92627
