1 0.921875 0.325 0.15625 0.54375 0.00109482
0 0.9125 0.58125 0.1625 0.6 0.00121021
1 0.604688 0.371875 0.084375 0.44375 0.00131893
1 0.825 0.021875 0.15625 0.04375 0.00144863
2 0.123438 0.01875 0.196875 0.0375 0.00229263
2 0.960938 0.0984375 0.078125 0.190625 0.0024147
0 0.0375 0.579687 0.0625 0.590625 0.00265121
1 0.764063 0.428125 0.196875 0.54375 0.00268173
1 0.44375 0.421875 0.325 0.63125 0.00297546
0 0.125 0.553125 0.20625 0.68125 0.00404358
1 0.410937 0.24375 0.121875 0.26875 0.00436783
1 0.0671875 0.579687 0.090625 0.621875 0.00622177
1 0.951563 0.0921875 0.090625 0.178125 0.00680161
0 0.826563 0.334375 0.234375 0.58125 0.00754166
1 0.826563 0.271875 0.228125 0.5125 0.00814819
0 0.0671875 0.578125 0.103125 0.65625 0.00975037
0 0.95 0.09375 0.1 0.175 0.0102615
1 0.557813 0.298438 0.165625 0.328125 0.0115128
0 0.39375 0.428125 0.175 0.53125 0.0159454
1 0.389062 0.420312 0.165625 0.546875 0.891113
1 0.539062 0.420312 0.209375 0.565625 0.91748
