0 0.0359375 0.578125 0.059375 0.575 0.00108433
2 0.120312 0.01875 0.190625 0.0375 0.00139427
0 0.129688 0.565625 0.221875 0.73125 0.00174141
1 0.0703125 0.578125 0.103125 0.59375 0.00436401
0 0.275 0.554688 0.24375 0.671875 0.00496292
0 0.584375 0.495313 0.2125 0.303125 0.00554276
0 0.071875 0.575 0.1125 0.6125 0.00756454
1 0.948438 0.101562 0.103125 0.190625 0.00902557
1 0.565625 0.626562 0.20625 0.603125 0.0103073
0 0.853125 0.342187 0.25625 0.578125 0.0131302
0 0.946875 0.101562 0.10625 0.190625 0.0155869
2 0.578125 0.926562 0.15625 0.121875 0.0251617
2 0.5875 0.671875 0.2375 0.64375 0.170532
0 0.589063 0.66875 0.228125 0.625 0.774902
