0 0.875 0.364062 0.1875 0.559375 0.00113297
2 0.03125 0.925 0.0625 0.1375 0.00120449
0 0.0375 0.585938 0.0625 0.609375 0.00128651
1 0.826563 0.0234375 0.153125 0.046875 0.00128746
2 0.632812 0.528125 0.203125 0.5375 0.00160503
2 0.126563 0.01875 0.203125 0.0375 0.00211143
2 0.39375 0.496875 0.24375 0.55 0.00315857
1 0.110937 0.5625 0.203125 0.7 0.00486374
1 0.378125 0.310937 0.19375 0.190625 0.00780106
0 0.0765625 0.58125 0.121875 0.6875 0.00848389
1 0.95 0.0953125 0.09375 0.184375 0.014595
0 0.95 0.096875 0.1 0.18125 0.0148849
1 0.398438 0.495313 0.240625 0.565625 0.888184
1 0.617188 0.520312 0.209375 0.540625 0.954102
