2 0.46875 0.820312 0.1625 0.359375 0.00128174
0 0.484375 0.629687 0.2125 0.346875 0.0016489
1 0.951563 0.090625 0.090625 0.16875 0.00234222
2 0.126563 0.01875 0.190625 0.0375 0.0024395
2 0.967188 0.09375 0.065625 0.175 0.00259781
0 0.95 0.090625 0.1 0.16875 0.00350571
1 0.7125 0.096875 0.175 0.19375 0.00406647
1 0.73125 0.28125 0.2625 0.5375 0.00547028
0 0.70625 0.121875 0.1625 0.24375 0.0126572
1 0.670313 0.148438 0.178125 0.296875 0.0173035
0 0.60625 0.165625 0.18125 0.3125 0.0437012
1 0.607813 0.164062 0.178125 0.315625 0.807617
