0 0.471875 0.153125 0.14375 0.29375 0.00112915
0 0.321875 0.0359375 0.18125 0.065625 0.00113869
0 0.679688 0.467187 0.196875 0.434375 0.00116444
2 0.0671875 0.0640625 0.115625 0.128125 0.00117779
2 0.0828125 0.034375 0.128125 0.06875 0.00120258
0 0.553125 0.165625 0.11875 0.25 0.00129604
0 0.735937 0.276563 0.159375 0.440625 0.00142193
0 0.123438 0.570312 0.215625 0.696875 0.00178146
1 0.826563 0.021875 0.159375 0.04375 0.00188351
2 0.21875 0.709375 0.1875 0.38125 0.00197411
2 0.960938 0.0984375 0.078125 0.190625 0.00201988
2 0.4875 0.684375 0.18125 0.24375 0.00252533
1 0.551562 0.165625 0.115625 0.24375 0.00261879
0 0.821875 0.339063 0.23125 0.590625 0.00293732
1 0.95 0.0921875 0.09375 0.171875 0.00298309
0 0.514063 0.665625 0.196875 0.29375 0.00329781
1 0.764063 0.346875 0.271875 0.63125 0.00349998
0 0.948438 0.0921875 0.103125 0.171875 0.00364494
0 0.407813 0.203125 0.165625 0.36875 0.00369072
0 0.04375 0.578125 0.08125 0.65625 0.00402451
1 0.06875 0.578125 0.10625 0.65625 0.0061264
0 0.279687 0.214062 0.184375 0.390625 0.00663376
0 0.5625 0.564062 0.19375 0.434375 0.0112152
1 0.475 0.175 0.1375 0.30625 0.147949
1 0.417188 0.207813 0.178125 0.378125 0.767578
1 0.278125 0.220313 0.19375 0.396875 0.885742
