2 0.160938 0.873438 0.171875 0.240625 0.00107002
0 0.479688 0.767187 0.190625 0.465625 0.00138664
2 0.125 0.01875 0.1875 0.0375 0.00138664
0 0.0390625 0.64375 0.078125 0.55 0.00176907
2 0.24375 0.664062 0.125 0.534375 0.0019207
1 0.815625 0.273438 0.225 0.515625 0.00196838
1 0.242188 0.664062 0.109375 0.521875 0.00210953
0 0.810938 0.334375 0.240625 0.575 0.00259972
1 0.170312 0.496875 0.228125 0.25625 0.00277519
0 0.95 0.103125 0.1 0.20625 0.00291824
2 0.957812 0.114063 0.084375 0.228125 0.00365639
2 0.478125 0.76875 0.18125 0.45 0.00456238
2 0.034375 0.721875 0.06875 0.55625 0.00489426
0 0.475 0.464063 0.1875 0.409375 0.00505066
1 0.071875 0.640625 0.1125 0.58125 0.00559235
1 0.953125 0.096875 0.09375 0.18125 0.00579453
2 0.0703125 0.642187 0.109375 0.565625 0.00666428
1 0.1125 0.2375 0.2 0.475 0.00809479
1 0.165625 0.657812 0.26875 0.584375 0.0787964
2 0.153125 0.678125 0.26875 0.63125 0.898438
