1 0.11875 0.48125 0.21875 0.75 0.00113964
1 0.832812 0.021875 0.146875 0.04375 0.00148487
1 0.0375 0.582812 0.0625 0.584375 0.00155926
1 0.660937 0.235938 0.146875 0.253125 0.00171947
2 0.121875 0.0171875 0.19375 0.034375 0.00184822
2 0.460938 0.753125 0.259375 0.44375 0.00226974
1 0.420312 0.5375 0.271875 0.55625 0.00358772
0 0.485938 0.660937 0.240625 0.328125 0.0038147
0 0.423438 0.5125 0.215625 0.45625 0.00445557
1 0.075 0.582812 0.1125 0.615625 0.00679016
0 0.0765625 0.579687 0.121875 0.640625 0.00940704
0 0.95 0.09375 0.1 0.175 0.0147171
0 0.648438 0.434375 0.190625 0.5 0.0383301
1 0.651563 0.421875 0.196875 0.51875 0.908691
