2 0.235938 0.015625 0.209375 0.03125 0.00105762
1 0.95 0.0953125 0.1 0.178125 0.00133801
0 0.946875 0.09375 0.10625 0.175 0.00141525
0 0.83125 0.28125 0.26875 0.5625 0.00160694
0 0.1875 0.489062 0.175 0.246875 0.00180531
1 0.83125 0.271875 0.2375 0.5125 0.00190639
0 0.471875 0.471875 0.20625 0.38125 0.00208855
1 0.125 0.265625 0.21875 0.53125 0.0022049
2 0.126563 0.01875 0.203125 0.0375 0.00221062
1 0.184375 0.485938 0.16875 0.240625 0.0026741
2 0.182812 0.7375 0.203125 0.4375 0.0032711
0 0.195312 0.653125 0.215625 0.56875 0.162964
1 0.19375 0.653125 0.2125 0.56875 0.668457
