0 0.689062 0.5625 0.209375 0.4625 0.0010376
1 0.81875 0.021875 0.1625 0.04375 0.00110435
0 0.85 0.2375 0.14375 0.425 0.00110722
0 0.0859375 0.0328125 0.140625 0.065625 0.00111198
2 0.0828125 0.0375 0.134375 0.075 0.0011816
0 0.06875 0.084375 0.125 0.15625 0.00122833
0 0.0296875 0.078125 0.059375 0.15625 0.00172329
0 0.473437 0.475 0.190625 0.41875 0.00176716
0 0.034375 0.575 0.0625 0.6 0.00180054
0 0.08125 0.35625 0.1625 0.6625 0.00182438
1 0.0625 0.575 0.09375 0.6125 0.00191402
1 0.0703125 0.351562 0.140625 0.653125 0.00194645
0 0.56875 0.567187 0.2125 0.453125 0.00195694
2 0.065625 0.0703125 0.11875 0.140625 0.00232506
0 0.139062 0.579687 0.240625 0.696875 0.00247574
0 0.065625 0.573438 0.10625 0.646875 0.00383186
1 0.764063 0.34375 0.290625 0.6375 0.00434494
2 0.220313 0.704687 0.209375 0.403125 0.00520325
1 0.217187 0.676562 0.234375 0.471875 0.005867
1 0.41875 0.364062 0.225 0.365625 0.00753784
0 0.764063 0.339063 0.265625 0.590625 0.00798035
0 0.94375 0.101562 0.1125 0.190625 0.0100861
1 0.945312 0.1 0.103125 0.19375 0.0111465
1 0.378125 0.21875 0.13125 0.35625 0.0158997
1 0.410937 0.282813 0.134375 0.184375 0.0238495
1 0.285937 0.24375 0.215625 0.4625 0.919434
