2 0.125 0.01875 0.19375 0.0375 0.00115681
1 0.290625 0.229687 0.2125 0.428125 0.00118351
2 0.959375 0.0984375 0.08125 0.196875 0.00121975
0 0.75 0.257812 0.25625 0.503125 0.00134373
1 0.107813 0.320312 0.165625 0.496875 0.00138474
1 0.271875 0.478125 0.16875 0.23125 0.00181389
2 0.226562 0.875 0.190625 0.15 0.00215149
1 0.342187 0.421875 0.190625 0.1875 0.00267982
1 0.946875 0.0953125 0.1 0.178125 0.00309181
2 0.453125 0.759375 0.175 0.40625 0.00345421
1 0.503125 0.626562 0.10625 0.484375 0.00350189
0 0.0703125 0.585938 0.121875 0.640625 0.00400162
0 0.946875 0.0953125 0.10625 0.178125 0.00443268
2 0.254687 0.664062 0.190625 0.590625 0.400146
2 0.4125 0.653125 0.2125 0.6 0.459473
1 0.25625 0.6625 0.20625 0.5875 0.625
1 0.4125 0.64375 0.225 0.575 0.818359
