1 0.828125 0.021875 0.1625 0.04375 0.0010519
1 0.828125 0.278125 0.19375 0.46875 0.00114155
0 0.040625 0.579687 0.075 0.628125 0.00121975
0 0.95 0.096875 0.1 0.18125 0.00126934
1 0.06875 0.579687 0.1 0.634375 0.00161743
1 0.41875 0.484375 0.2625 0.51875 0.00166893
2 0.128125 0.0171875 0.2 0.034375 0.00215721
0 0.64375 0.24375 0.19375 0.45 0.00379944
0 0.678125 0.1375 0.18125 0.2625 0.0047226
0 0.75625 0.282813 0.175 0.378125 0.00907898
1 0.71875 0.3125 0.2125 0.44375 0.0136108
1 0.678125 0.134375 0.18125 0.26875 0.0181122
1 0.639063 0.245312 0.196875 0.465625 0.910645
