1 0.939062 0.270312 0.121875 0.453125 0.00117493
0 0.964063 0.173438 0.071875 0.346875 0.00131607
1 0.665625 0.310937 0.21875 0.221875 0.00152206
0 0.14375 0.529688 0.225 0.628125 0.0022583
1 0.065625 0.576563 0.10625 0.634375 0.00254631
2 0.960938 0.1 0.078125 0.19375 0.00274467
1 0.173438 0.375 0.196875 0.575 0.00287628
1 0.829687 0.021875 0.153125 0.04375 0.00312805
1 0.757812 0.3875 0.090625 0.4 0.00417709
0 0.285937 0.379687 0.209375 0.509375 0.0051651
1 0.071875 0.365625 0.13125 0.64375 0.00541306
0 0.04375 0.573438 0.08125 0.665625 0.0054245
1 0.95 0.0890625 0.1 0.171875 0.00639725
0 0.948438 0.0890625 0.103125 0.171875 0.0101929
0 0.0734375 0.364062 0.134375 0.696875 0.0235443
2 0.657812 0.50625 0.228125 0.5625 0.0279541
1 0.664062 0.492188 0.246875 0.584375 0.913574
1 0.282813 0.370313 0.203125 0.521875 0.929199
