0 0.435937 0.464063 0.184375 0.403125 0.0012331
1 0.826563 0.260938 0.215625 0.471875 0.00149155
2 0.123438 0.01875 0.190625 0.0375 0.00150871
0 0.479688 0.567187 0.203125 0.434375 0.00161743
0 0.948438 0.103125 0.103125 0.20625 0.00205803
2 0.06875 0.895312 0.1375 0.209375 0.00213242
2 0.957812 0.101562 0.084375 0.196875 0.00283623
1 0.95 0.096875 0.1 0.18125 0.00517273
0 0.109375 0.689062 0.15625 0.578125 0.0194092
0 0.0546875 0.570312 0.109375 0.415625 0.116455
1 0.059375 0.595312 0.11875 0.446875 0.192749
2 0.08125 0.726562 0.15625 0.546875 0.831543
