0 0.771875 0.234375 0.175 0.45 0.00113773
1 0.470313 0.557813 0.259375 0.559375 0.00129604
0 0.584375 0.173438 0.11875 0.240625 0.00130653
1 0.815625 0.279687 0.2125 0.521875 0.00134659
2 0.471875 0.859375 0.11875 0.25625 0.00146103
0 0.823438 0.334375 0.221875 0.575 0.00157642
1 0.104687 0.459375 0.178125 0.63125 0.00169563
0 0.0359375 0.578125 0.059375 0.60625 0.00219345
0 0.10625 0.4625 0.2 0.70625 0.0025692
2 0.959375 0.1 0.08125 0.19375 0.0025692
1 0.95 0.0984375 0.09375 0.184375 0.00417328
1 0.071875 0.576563 0.10625 0.634375 0.0045433
0 0.948438 0.096875 0.103125 0.18125 0.00459671
0 0.520312 0.571875 0.221875 0.425 0.00593185
0 0.0734375 0.575 0.115625 0.68125 0.00783539
1 0.40625 0.185937 0.125 0.296875 0.012619
1 0.34375 0.273438 0.2 0.465625 0.894531
