1 0.078125 0.584375 0.125 0.6125 0.00102901
0 0.859375 0.276563 0.19375 0.528125 0.00104713
0 0.489062 0.615625 0.259375 0.575 0.00108433
1 0.823438 0.0234375 0.171875 0.040625 0.00165462
0 0.70625 0.220313 0.1 0.390625 0.00169086
2 0.121875 0.01875 0.1875 0.0375 0.00188828
1 0.553125 0.628125 0.1625 0.5375 0.00202751
1 0.885938 0.346875 0.203125 0.5875 0.00252151
1 0.467187 0.4 0.184375 0.24375 0.00264549
0 0.08125 0.58125 0.13125 0.6375 0.00321007
1 0.679688 0.13125 0.153125 0.2375 0.0033493
0 0.68125 0.13125 0.15625 0.2375 0.00654221
0 0.942187 0.09375 0.115625 0.175 0.011879
0 0.635938 0.321875 0.203125 0.525 0.0239105
1 0.476562 0.601562 0.246875 0.596875 0.904297
1 0.632812 0.326562 0.196875 0.521875 0.941895
