0 0.0390625 0.576563 0.059375 0.590625 0.0011673
1 0.071875 0.578125 0.1 0.60625 0.0014801
0 0.66875 0.040625 0.2 0.08125 0.00157356
2 0.9625 0.659375 0.075 0.175 0.00165939
2 0.871875 0.685938 0.21875 0.209375 0.00179195
2 0.757812 0.834375 0.115625 0.33125 0.0020504
0 0.132812 0.434375 0.203125 0.64375 0.00228882
2 0.228125 0.707812 0.225 0.409375 0.00289154
0 0.240625 0.7 0.24375 0.4125 0.00303459
0 0.075 0.360938 0.14375 0.665625 0.00378609
0 0.871875 0.6875 0.2125 0.2125 0.0039978
0 0.854688 0.329688 0.228125 0.559375 0.0047493
0 0.0734375 0.575 0.115625 0.6375 0.00664902
0 0.753125 0.242188 0.225 0.459375 0.00852966
0 0.946875 0.1 0.10625 0.1875 0.0101547
0 0.610937 0.367188 0.153125 0.484375 0.0104141
0 0.9125 0.782812 0.1625 0.415625 0.0312042
0 0.660937 0.128125 0.165625 0.24375 0.0333862
0 0.96875 0.748438 0.0625 0.390625 0.0334778
1 0.629687 0.190625 0.196875 0.36875 0.0491333
1 0.565625 0.489062 0.18125 0.553125 0.049469
0 0.296875 0.340625 0.19375 0.49375 0.0767822
2 0.959375 0.778125 0.08125 0.41875 0.13147
0 0.625 0.209375 0.18125 0.375 0.508789
1 0.295312 0.342187 0.190625 0.490625 0.873047
0 0.56875 0.495313 0.18125 0.534375 0.875
2 0.848437 0.789062 0.284375 0.403125 0.915527
