2 0.125 0.01875 0.19375 0.0375 0.00112343
0 0.753125 0.317187 0.21875 0.584375 0.0011692
0 0.114063 0.635938 0.165625 0.578125 0.00141525
2 0.0515625 0.873438 0.103125 0.228125 0.00228691
2 0.548437 0.717188 0.115625 0.559375 0.00244713
1 0.551562 0.68125 0.109375 0.53125 0.00303268
0 0.0296875 0.584375 0.053125 0.59375 0.00341797
2 0.0296875 0.890625 0.059375 0.18125 0.00383377
1 0.0578125 0.621875 0.096875 0.64375 0.00529099
0 0.942187 0.096875 0.115625 0.18125 0.00597
2 0.398438 0.723437 0.109375 0.540625 0.00650024
2 0.03125 0.673437 0.05625 0.534375 0.0082016
0 0.0609375 0.620313 0.103125 0.696875 0.00884247
1 0.475 0.521875 0.2 0.26875 0.0103531
1 0.473437 0.684375 0.246875 0.54375 0.0152435
2 0.0359375 0.810938 0.071875 0.290625 0.293701
2 0.476562 0.695312 0.240625 0.609375 0.936523
