2 0.08125 0.75 0.14375 0.25 0.00100613
2 0.240625 0.928125 0.1 0.14375 0.0012455
2 0.9625 0.120312 0.075 0.240625 0.00127411
1 0.828125 0.021875 0.175 0.04375 0.00166512
2 0.165625 0.954687 0.19375 0.084375 0.00174236
2 0.201562 0.832812 0.128125 0.328125 0.00300789
1 0.0984375 0.35625 0.171875 0.59375 0.00340652
2 0.121875 0.701563 0.19375 0.284375 0.00390434
2 0.209375 0.910937 0.10625 0.159375 0.00440979
0 0.332812 0.15625 0.165625 0.29375 0.0740356
2 0.040625 0.821875 0.08125 0.35625 0.0883179
1 0.329688 0.157813 0.171875 0.290625 0.711914
2 0.13125 0.804688 0.25 0.378125 0.901367
