2 0.5 0.709375 0.1375 0.56875 0.00100803
1 0.225 0.567187 0.225 0.596875 0.00107002
1 0.0390625 0.579687 0.059375 0.565625 0.00110054
1 0.664062 0.225 0.215625 0.44375 0.00138569
0 0.579687 0.696875 0.246875 0.53125 0.00152397
2 0.121875 0.01875 0.19375 0.0375 0.00170898
1 0.825 0.0234375 0.15625 0.046875 0.00180817
2 0.51875 0.971875 0.1625 0.05 0.00182533
2 0.960938 0.0953125 0.078125 0.184375 0.00207901
0 0.95 0.096875 0.1 0.19375 0.00249672
0 0.1375 0.58125 0.21875 0.68125 0.00447845
1 0.951563 0.090625 0.090625 0.16875 0.00501633
1 0.584375 0.479688 0.20625 0.246875 0.0050621
1 0.0734375 0.584375 0.096875 0.58125 0.00612259
0 0.075 0.58125 0.1125 0.59375 0.00853729
1 0.584375 0.64375 0.25625 0.5875 0.3479
2 0.582812 0.671875 0.253125 0.63125 0.894531
