1 0.290625 0.484375 0.11875 0.3 0.0011158
2 0.03125 0.729688 0.04375 0.496875 0.00130081
1 0.465625 0.578125 0.2 0.20625 0.00130081
2 0.3125 0.95 0.13125 0.09375 0.00137711
0 0.75625 0.328125 0.25 0.59375 0.00174332
2 0.0484375 0.935938 0.096875 0.121875 0.0017662
0 0.590625 0.170312 0.1125 0.253125 0.001791
2 0.123438 0.021875 0.209375 0.04375 0.00197601
2 0.9625 0.0953125 0.075 0.184375 0.00206947
1 0.823438 0.025 0.159375 0.05 0.00210762
2 0.167187 0.535937 0.228125 0.203125 0.0029068
1 0.120312 0.259375 0.209375 0.51875 0.00366783
2 0.464063 0.58125 0.203125 0.2125 0.00378227
0 0.95 0.090625 0.1 0.16875 0.0043335
2 0.0828125 0.676562 0.090625 0.521875 0.00772476
1 0.339063 0.4375 0.196875 0.225 0.00813293
2 0.335938 0.482812 0.171875 0.290625 0.00996399
0 0.307813 0.632812 0.134375 0.546875 0.0111847
2 0.279687 0.920313 0.121875 0.153125 0.0179749
2 0.323438 0.751562 0.096875 0.496875 0.0302277
2 0.335938 0.639063 0.153125 0.559375 0.346924
1 0.335938 0.60625 0.184375 0.5375 0.491455
2 0.467187 0.740625 0.315625 0.50625 0.908203
2 0.176563 0.726562 0.284375 0.546875 0.911621
