0 0.721875 0.26875 0.14375 0.5375 0.0011549
0 0.5125 0.239063 0.15 0.265625 0.00121689
0 0.94375 0.1 0.1125 0.1875 0.0013113
0 0.034375 0.578125 0.05625 0.59375 0.00147724
1 0.06875 0.579687 0.1 0.615625 0.00270844
2 0.123438 0.0171875 0.190625 0.034375 0.00276566
0 0.826563 0.339063 0.259375 0.590625 0.00304604
1 0.83125 0.273438 0.24375 0.528125 0.00322151
0 0.154687 0.553125 0.246875 0.73125 0.00518799
0 0.071875 0.576563 0.1125 0.646875 0.00764847
1 0.471875 0.429688 0.20625 0.578125 0.904785
