0 0.773438 0.232812 0.140625 0.434375 0.00107384
0 0.0734375 0.0359375 0.128125 0.071875 0.00121403
2 0.0609375 0.078125 0.103125 0.15625 0.00130653
0 0.0390625 0.579687 0.071875 0.665625 0.00162506
0 0.0625 0.075 0.1125 0.15 0.00164032
0 0.945312 0.090625 0.109375 0.16875 0.00166321
0 0.03125 0.084375 0.0625 0.16875 0.0017271
2 0.517187 0.65 0.246875 0.40625 0.00200653
0 0.826563 0.234375 0.121875 0.4 0.00479889
1 0.84375 0.248437 0.18125 0.453125 0.00621033
0 0.221875 0.154687 0.14375 0.290625 0.0761108
0 0.671875 0.24375 0.18125 0.475 0.10144
0 0.507812 0.245312 0.159375 0.471875 0.137329
1 0.220313 0.154687 0.146875 0.278125 0.818359
1 0.509375 0.245312 0.1625 0.471875 0.853027
1 0.675 0.239063 0.1875 0.465625 0.883301
