1 0.253125 0.2125 0.35 0.425 0.00106907
1 0.584375 0.159375 0.11875 0.2375 0.00107956
1 0.467187 0.534375 0.265625 0.5625 0.0011816
1 0.829687 0.28125 0.240625 0.525 0.00143147
0 0.946875 0.09375 0.10625 0.175 0.0015955
0 0.040625 0.579687 0.075 0.646875 0.00160789
2 0.0640625 0.075 0.109375 0.15 0.00166225
1 0.0671875 0.58125 0.103125 0.64375 0.00204659
2 0.4875 0.679688 0.225 0.228125 0.00234032
0 0.48125 0.509375 0.19375 0.425 0.00255394
0 0.832812 0.340625 0.246875 0.59375 0.00259781
0 0.585938 0.159375 0.121875 0.24375 0.00332069
1 0.24375 0.204688 0.18125 0.359375 0.895508
