1 0.932813 0.36875 0.109375 0.4625 0.00101185
2 0.725 0.871875 0.1375 0.24375 0.00109577
2 0.439063 0.95625 0.109375 0.075 0.00113392
0 0.075 0.0328125 0.13125 0.065625 0.00133038
0 0.0296875 0.078125 0.059375 0.15625 0.00137615
0 0.715625 0.745313 0.175 0.478125 0.00145435
0 0.0625 0.0703125 0.11875 0.140625 0.00153255
1 0.0671875 0.582812 0.096875 0.634375 0.00153446
0 0.0328125 0.582812 0.059375 0.609375 0.00160217
1 0.217187 0.423438 0.196875 0.478125 0.00168896
0 0.35 0.548437 0.2875 0.671875 0.00177193
2 0.0609375 0.071875 0.109375 0.14375 0.00180149
2 0.760938 0.914062 0.103125 0.159375 0.00187111
0 0.760938 0.26875 0.253125 0.5 0.00265312
0 0.915625 0.428125 0.16875 0.66875 0.00327682
2 0.701563 0.771875 0.196875 0.45 0.0039444
1 0.946875 0.0953125 0.10625 0.178125 0.00471497
0 0.0671875 0.578125 0.109375 0.675 0.00527954
0 0.94375 0.0953125 0.1125 0.178125 0.0060463
2 0.440625 0.848437 0.10625 0.290625 0.00681686
0 0.846875 0.354688 0.24375 0.615625 0.0075264
2 0.570312 0.585938 0.240625 0.196875 0.00873566
0 0.434375 0.471875 0.21875 0.44375 0.0100708
2 0.470313 0.771875 0.140625 0.45625 0.0173798
0 0.220313 0.553125 0.284375 0.70625 0.0217438
0 0.2125 0.170312 0.15625 0.296875 0.0475159
1 0.215625 0.167187 0.15625 0.284375 0.771484
2 0.582812 0.748438 0.359375 0.496875 0.879395
