2 0.120312 0.01875 0.184375 0.0375 0.00114059
1 0.689062 0.60625 0.196875 0.4125 0.00117111
1 0.68125 0.078125 0.14375 0.15625 0.00121593
1 0.071875 0.5875 0.1 0.6125 0.00124741
2 0.489062 0.6625 0.221875 0.2875 0.00139523
2 0.96875 0.0875 0.0625 0.1625 0.00143528
1 0.95 0.08125 0.1 0.1625 0.0018177
1 0.83125 0.021875 0.1625 0.04375 0.00182247
0 0.946875 0.0828125 0.10625 0.159375 0.00232506
2 0.46875 0.81875 0.1625 0.35 0.00279427
1 0.839063 0.248437 0.171875 0.446875 0.00665283
0 0.690625 0.607813 0.19375 0.409375 0.0068512
0 0.6875 0.239063 0.19375 0.471875 0.00811005
1 0.495313 0.560938 0.240625 0.503125 0.00997162
0 0.517187 0.614062 0.215625 0.403125 0.0120773
1 0.676562 0.239063 0.196875 0.459375 0.89502
