1 0.575 0.425 0.175 0.24375 0.0010376
1 0.828125 0.0203125 0.1625 0.040625 0.00119781
0 0.692187 0.229687 0.196875 0.384375 0.00120735
2 0.11875 0.01875 0.1875 0.0375 0.00130844
1 0.839063 0.28125 0.221875 0.5125 0.00154305
0 0.879687 0.55 0.196875 0.60625 0.00154877
0 0.846875 0.348437 0.23125 0.584375 0.00252724
1 0.689062 0.23125 0.215625 0.425 0.00344467
1 0.948438 0.0921875 0.103125 0.171875 0.00357246
1 0.0734375 0.58125 0.109375 0.6 0.00405884
0 0.945312 0.0921875 0.109375 0.171875 0.00415039
0 0.075 0.578125 0.11875 0.61875 0.00536728
1 0.576563 0.560938 0.209375 0.515625 0.914062
