0 0.034375 0.578125 0.0625 0.59375 0.0012064
0 0.2625 0.667188 0.175 0.415625 0.00126839
2 0.0671875 0.071875 0.121875 0.14375 0.00128269
0 0.028125 0.0796875 0.05625 0.159375 0.00134563
1 0.0625 0.575 0.09375 0.6 0.00135422
1 0.823438 0.021875 0.165625 0.04375 0.00153351
0 0.490625 0.65625 0.20625 0.3 0.00163174
2 0.959375 0.0984375 0.08125 0.196875 0.00184822
0 0.946875 0.1 0.10625 0.2 0.00210762
2 0.235938 0.678125 0.184375 0.43125 0.00223923
0 0.065625 0.575 0.10625 0.625 0.00304604
1 0.260938 0.664062 0.171875 0.403125 0.00404358
1 0.946875 0.0953125 0.10625 0.178125 0.00431061
0 0.5125 0.551562 0.26875 0.546875 0.00493622
1 0.254687 0.276563 0.190625 0.496875 0.935059
