0 0.08125 0.553125 0.13125 0.5875 0.00105381
2 0.123438 0.01875 0.209375 0.0375 0.00112629
2 0.084375 0.75 0.15 0.2375 0.00140858
1 0.440625 0.309375 0.19375 0.23125 0.00149536
2 0.16875 0.903125 0.1625 0.18125 0.00167465
1 0.95 0.0953125 0.09375 0.178125 0.00168133
1 0.807813 0.2875 0.228125 0.54375 0.00176525
1 0.0921875 0.45625 0.184375 0.71875 0.0018158
0 0.948438 0.096875 0.103125 0.175 0.00225449
2 0.0359375 0.851562 0.071875 0.296875 0.00318336
2 0.164062 0.953125 0.184375 0.0875 0.00325775
0 0.821875 0.340625 0.24375 0.60625 0.00354958
0 0.117188 0.471875 0.228125 0.725 0.0113983
1 0.451562 0.470313 0.221875 0.546875 0.930176
2 0.121875 0.832812 0.23125 0.334375 0.944824
