2 0.296875 0.904688 0.225 0.190625 0.001091
1 0.440625 0.58125 0.1875 0.2 0.00121307
0 0.39375 0.740625 0.125 0.5 0.00127697
2 0.125 0.01875 0.2 0.0375 0.00143719
0 0.585938 0.159375 0.134375 0.23125 0.00154686
2 0.45 0.615625 0.25 0.26875 0.00202179
2 0.676562 0.871875 0.203125 0.20625 0.00204659
1 0.13125 0.325 0.2125 0.6 0.00258255
2 0.609375 0.95 0.23125 0.075 0.00296021
0 0.567187 0.732813 0.221875 0.459375 0.00446701
2 0.464063 0.914062 0.196875 0.171875 0.0044899
2 0.56875 0.734375 0.21875 0.44375 0.00455475
2 0.046875 0.81875 0.075 0.3625 0.00494385
2 0.390625 0.740625 0.125 0.5125 0.00548172
0 0.735937 0.246875 0.246875 0.45625 0.00862122
0 0.453125 0.607813 0.25 0.246875 0.0101242
2 0.304688 0.767187 0.153125 0.465625 0.0148544
0 0.26875 0.767187 0.20625 0.465625 0.024826
2 0.223438 0.9375 0.253125 0.125 0.0397339
2 0.0875 0.76875 0.10625 0.4375 0.0526733
1 0.467187 0.748438 0.246875 0.503125 0.0875854
2 0.58125 0.876562 0.23125 0.228125 0.10437
1 0.740625 0.6875 0.21875 0.55 0.316162
2 0.470313 0.74375 0.259375 0.5125 0.755371
2 0.742188 0.689062 0.209375 0.559375 0.815918
2 0.201562 0.754687 0.346875 0.478125 0.876465
