0 0.907812 0.45625 0.184375 0.6625 0.00104904
2 0.403125 0.821875 0.20625 0.31875 0.00121117
1 0.478125 0.425 0.20625 0.1875 0.00140285
0 0.0328125 0.578125 0.059375 0.6 0.00153351
2 0.121875 0.01875 0.2 0.0375 0.00158119
1 0.151562 0.459375 0.240625 0.75625 0.00171375
2 0.432813 0.973437 0.190625 0.046875 0.00176525
0 0.590625 0.167187 0.14375 0.246875 0.00189686
1 0.79375 0.28125 0.24375 0.5625 0.00194645
1 0.0703125 0.576563 0.115625 0.621875 0.00218391
2 0.46875 0.910937 0.18125 0.171875 0.00221443
1 0.38125 0.671875 0.1375 0.54375 0.00277328
0 0.140625 0.565625 0.2375 0.725 0.00337219
2 0.38125 0.667188 0.13125 0.546875 0.00381088
0 0.071875 0.573438 0.125 0.659375 0.00959015
0 0.76875 0.264062 0.25 0.515625 0.0115051
1 0.95 0.104687 0.1 0.196875 0.0181732
0 0.946875 0.104687 0.10625 0.196875 0.020752
1 0.495313 0.64375 0.265625 0.6125 0.151245
2 0.4875 0.667188 0.26875 0.659375 0.873535
