2 0.121875 0.01875 0.18125 0.0375 0.00137234
1 0.701563 0.125 0.190625 0.25 0.00185966
1 0.476562 0.56875 0.215625 0.44375 0.00217819
0 0.68125 0.414062 0.225 0.453125 0.00238609
0 0.726562 0.610937 0.178125 0.340625 0.00261879
2 0.470313 0.828125 0.171875 0.33125 0.00269127
1 0.06875 0.592188 0.1 0.603125 0.00286102
0 0.703125 0.125 0.1875 0.25 0.0046463
0 0.735937 0.259375 0.246875 0.50625 0.00535202
0 0.94375 0.096875 0.1125 0.18125 0.00618744
0 0.478125 0.56875 0.21875 0.4625 0.00639725
1 0.945312 0.0953125 0.103125 0.184375 0.00654984
1 0.735937 0.267188 0.271875 0.521875 0.00985718
0 0.639063 0.140625 0.184375 0.2625 0.149536
1 0.634375 0.142188 0.19375 0.271875 0.412842
