1 0.135937 0.332812 0.190625 0.596875 0.0010128
1 0.1125 0.584375 0.175 0.59375 0.00113201
1 0.301562 0.684375 0.221875 0.5125 0.00121593
2 0.120312 0.01875 0.190625 0.0375 0.00131226
1 0.828125 0.0234375 0.15625 0.046875 0.00134468
2 0.609375 0.871875 0.09375 0.25 0.00148392
0 0.95 0.0984375 0.1 0.178125 0.00166512
0 0.117188 0.58125 0.184375 0.63125 0.00225449
0 0.425 0.775 0.3125 0.425 0.00232506
0 0.832812 0.3375 0.234375 0.58125 0.00250816
1 0.423438 0.701563 0.340625 0.509375 0.00309944
1 0.40625 0.44375 0.175 0.18125 0.00407791
0 0.404687 0.559375 0.221875 0.41875 0.0044136
2 0.25 0.873438 0.1 0.240625 0.00529099
2 0.4 0.55625 0.20625 0.38125 0.00587463
2 0.323438 0.817187 0.221875 0.359375 0.209351
2 0.448438 0.784375 0.396875 0.41875 0.754395
1 0.398438 0.546875 0.209375 0.39375 0.856445
