0 0.176563 0.49375 0.215625 0.21875 0.00104046
2 0.184375 0.904688 0.13125 0.178125 0.00151634
0 0.078125 0.370313 0.15 0.584375 0.00162888
0 0.315625 0.240625 0.20625 0.40625 0.00179958
0 0.123438 0.639063 0.134375 0.503125 0.00181866
2 0.128125 0.01875 0.21875 0.0375 0.00252724
1 0.317187 0.239063 0.228125 0.446875 0.00315857
1 0.104687 0.328125 0.184375 0.49375 0.00360107
1 0.16875 0.507812 0.20625 0.271875 0.00362587
1 0.354688 0.514063 0.196875 0.246875 0.0040741
0 0.204688 0.659375 0.259375 0.5375 0.00432587
0 0.3875 0.689062 0.19375 0.571875 0.00442886
2 0.123438 0.640625 0.134375 0.53125 0.00993347
1 0.95 0.0921875 0.1 0.178125 0.0103683
2 0.760938 0.498437 0.190625 0.509375 0.01194
0 0.948438 0.0921875 0.103125 0.178125 0.0127029
2 0.376563 0.671875 0.196875 0.58125 0.320801
1 0.36875 0.64375 0.2 0.5125 0.654297
2 0.207813 0.707812 0.271875 0.584375 0.832031
1 0.759375 0.492188 0.19375 0.528125 0.918457
