0 0.639063 0.423438 0.178125 0.365625 0.0012846
0 0.257812 0.73125 0.153125 0.4625 0.00137329
1 0.109375 0.601562 0.2 0.284375 0.00158978
2 0.257812 0.764063 0.146875 0.453125 0.00217628
1 0.951563 0.09375 0.090625 0.175 0.00283813
1 0.115625 0.303125 0.21875 0.56875 0.00292397
1 0.821875 0.0234375 0.16875 0.046875 0.00304031
2 0.960938 0.096875 0.078125 0.1875 0.00310135
2 0.0375 0.914062 0.075 0.171875 0.00310898
1 0.823438 0.270312 0.228125 0.515625 0.00312614
0 0.95 0.09375 0.1 0.175 0.00376129
0 0.825 0.339063 0.25 0.603125 0.0040741
0 0.117188 0.278125 0.221875 0.55625 0.00740433
2 0.126563 0.920313 0.203125 0.159375 0.0187378
2 0.06875 0.726562 0.13125 0.540625 0.0214691
2 0.0375 0.7625 0.075 0.4625 0.0447998
2 0.165625 0.725 0.3125 0.5375 0.898438
1 0.398438 0.376563 0.209375 0.515625 0.910156
