2 0.551562 0.651563 0.315625 0.459375 0.00108147
0 0.684375 0.270312 0.15625 0.465625 0.0012579
0 0.034375 0.585938 0.0625 0.596875 0.00131893
1 0.226562 0.696875 0.240625 0.44375 0.00134945
1 0.192188 0.176563 0.090625 0.315625 0.00135708
0 0.0796875 0.0390625 0.134375 0.071875 0.0014019
0 0.48125 0.05625 0.18125 0.10625 0.00140667
0 0.896875 0.857813 0.20625 0.278125 0.00148106
0 0.55 0.567187 0.275 0.446875 0.00151348
0 0.265625 0.282813 0.225 0.503125 0.0015192
1 0.0640625 0.585938 0.090625 0.603125 0.00154781
0 0.95 0.0921875 0.1 0.165625 0.00173378
1 0.81875 0.0234375 0.16875 0.046875 0.00176144
0 0.0296875 0.08125 0.059375 0.1625 0.00186062
0 0.06875 0.0859375 0.125 0.165625 0.00217628
0 0.485938 0.475 0.165625 0.325 0.00223732
1 0.540625 0.125 0.1375 0.225 0.00247574
2 0.065625 0.075 0.11875 0.15 0.00262833
2 0.959375 0.94375 0.08125 0.1125 0.00268936
0 0.065625 0.584375 0.10625 0.6375 0.00301933
2 0.226562 0.709375 0.215625 0.4 0.00304413
0 0.229687 0.121875 0.146875 0.20625 0.00335503
0 0.845312 0.35625 0.240625 0.59375 0.0036869
1 0.2 0.0734375 0.13125 0.128125 0.00449753
2 0.957812 0.8625 0.084375 0.275 0.00518417
0 0.570312 0.142188 0.153125 0.259375 0.00567627
1 0.229687 0.117188 0.146875 0.196875 0.00584793
0 0.746875 0.326562 0.2375 0.584375 0.00614166
2 0.879687 0.85625 0.228125 0.28125 0.903809
1 0.278125 0.296875 0.21875 0.51875 0.911621
