1 0.825 0.021875 0.1625 0.04375 0.00102139
2 0.123438 0.01875 0.203125 0.0375 0.00110912
1 0.617188 0.478125 0.115625 0.30625 0.00162601
1 0.075 0.584375 0.1125 0.61875 0.00201607
0 0.757812 0.267188 0.234375 0.484375 0.00212669
0 0.84375 0.35625 0.2375 0.6 0.00220108
1 0.759375 0.273438 0.2625 0.534375 0.00225449
2 0.960938 0.103125 0.078125 0.2 0.00248528
1 0.953125 0.096875 0.0875 0.18125 0.00294685
1 0.5125 0.3375 0.15 0.18125 0.00296211
0 0.078125 0.58125 0.125 0.65 0.00416946
0 0.951563 0.0953125 0.096875 0.178125 0.00463486
2 0.353125 0.546875 0.19375 0.5375 0.0737915
1 0.51875 0.509375 0.20625 0.50625 0.908691
1 0.351562 0.55 0.196875 0.54375 0.934082
