1 0.784375 0.028125 0.15 0.05625 0.00103664
0 0.551562 0.629687 0.178125 0.440625 0.00110245
0 0.242188 0.703125 0.246875 0.54375 0.00112724
0 0.732813 0.246875 0.140625 0.46875 0.0011282
2 0.55625 0.715625 0.15625 0.41875 0.00116825
0 0.0328125 0.36875 0.059375 0.625 0.00118065
0 0.25625 0.075 0.15 0.125 0.0013504
0 0.084375 0.0296875 0.14375 0.059375 0.00136662
0 0.028125 0.078125 0.05625 0.15625 0.00145817
2 0.0796875 0.034375 0.134375 0.06875 0.00152683
0 0.0671875 0.0671875 0.121875 0.134375 0.00174236
2 0.178125 0.0671875 0.20625 0.128125 0.00197983
1 0.304688 0.428125 0.184375 0.19375 0.00201988
2 0.442187 0.9 0.165625 0.2 0.00206184
1 0.328125 0.2 0.23125 0.4 0.00209045
2 0.965625 0.0984375 0.06875 0.178125 0.0022583
2 0.065625 0.0671875 0.11875 0.134375 0.00227928
1 0.159375 0.26875 0.2 0.53125 0.0024662
1 0.551562 0.63125 0.165625 0.425 0.00247955
1 0.292188 0.629687 0.234375 0.596875 0.00255013
0 0.160938 0.265625 0.178125 0.48125 0.00259399
1 0.829687 0.021875 0.165625 0.04375 0.00268364
0 0.329688 0.2 0.215625 0.35625 0.00294304
1 0.171875 0.470313 0.18125 0.428125 0.00375748
0 0.951563 0.0953125 0.096875 0.171875 0.00385094
0 0.178125 0.635938 0.1875 0.559375 0.00392151
1 0.817187 0.276563 0.215625 0.534375 0.00401306
2 0.260938 0.9 0.165625 0.19375 0.00402451
1 0.451562 0.5 0.178125 0.24375 0.00434494
0 0.7625 0.309375 0.24375 0.60625 0.00628662
1 0.225 0.0921875 0.1375 0.159375 0.00746536
1 0.260938 0.389062 0.215625 0.290625 0.00820923
0 0.217187 0.120312 0.128125 0.203125 0.00917053
0 0.0734375 0.367188 0.140625 0.721875 0.0108032
2 0.0328125 0.78125 0.065625 0.33125 0.0139618
0 0.248437 0.215625 0.184375 0.3875 0.0154572
1 0.246875 0.215625 0.19375 0.4125 0.0190125
1 0.1 0.335938 0.15625 0.534375 0.0209045
1 0.465625 0.654688 0.23125 0.540625 0.0773315
0 0.4 0.121875 0.14375 0.21875 0.0836182
1 0.398438 0.121875 0.146875 0.20625 0.103638
2 0.090625 0.773438 0.175 0.378125 0.199707
2 0.459375 0.696875 0.23125 0.6 0.813965
2 0.251563 0.671875 0.284375 0.65625 0.874512
