0 0.465625 0.623438 0.2125 0.396875 0.00117493
1 0.526563 0.167187 0.115625 0.278125 0.00118828
0 0.0453125 0.589063 0.078125 0.640625 0.00127506
2 0.523438 0.821875 0.134375 0.35625 0.00129604
1 0.432813 0.615625 0.171875 0.35625 0.0013895
1 0.564062 0.170312 0.115625 0.228125 0.00156689
2 0.121875 0.01875 0.1875 0.0375 0.00168896
1 0.828125 0.021875 0.1625 0.04375 0.00171947
1 0.821875 0.278125 0.225 0.50625 0.00224304
2 0.9625 0.0984375 0.075 0.196875 0.00262833
0 0.8125 0.3375 0.2375 0.5625 0.00417709
1 0.0734375 0.5875 0.109375 0.64375 0.00512695
1 0.95 0.096875 0.09375 0.1875 0.00778961
0 0.948438 0.096875 0.103125 0.18125 0.00813293
1 0.420312 0.246875 0.203125 0.4625 0.922852
