2 0.960938 0.0984375 0.078125 0.190625 0.00129414
0 0.0375 0.582812 0.0625 0.584375 0.0013895
1 0.13125 0.579687 0.21875 0.678125 0.00166225
0 0.676562 0.464063 0.196875 0.403125 0.00173569
1 0.951563 0.09375 0.090625 0.175 0.00204086
0 0.528125 0.664062 0.1625 0.315625 0.00219727
0 0.95 0.09375 0.1 0.175 0.00258064
0 0.071875 0.58125 0.10625 0.61875 0.00460052
1 0.0703125 0.582812 0.096875 0.596875 0.00469589
1 0.53125 0.171875 0.1125 0.28125 0.0058136
1 0.434375 0.220313 0.19375 0.403125 0.941895
1 0.26875 0.232812 0.18125 0.434375 0.944336
