0 0.475 0.825 0.1625 0.33125 0.00100231
1 0.81875 0.271875 0.20625 0.51875 0.00100422
0 0.75 0.31875 0.24375 0.5875 0.00123215
0 0.0453125 0.584375 0.078125 0.64375 0.00125122
0 0.723437 0.5625 0.215625 0.475 0.00133801
1 0.948438 0.0890625 0.103125 0.165625 0.0022049
0 0.945312 0.0890625 0.109375 0.165625 0.00299072
2 0.475 0.821875 0.14375 0.3375 0.00338936
1 0.823438 0.021875 0.153125 0.04375 0.00370216
1 0.45 0.303125 0.1375 0.34375 0.00440598
1 0.071875 0.585938 0.10625 0.646875 0.00453186
2 0.470313 0.739062 0.228125 0.490625 0.00521088
1 0.48125 0.63125 0.21875 0.35 0.00556564
0 0.484375 0.632812 0.225 0.371875 0.011322
1 0.395312 0.248437 0.209375 0.471875 0.917969
