2 0.48125 0.770312 0.1875 0.421875 0.00104046
2 0.0875 0.864062 0.125 0.259375 0.00105381
2 0.16875 0.540625 0.2375 0.2375 0.00119591
0 0.520312 0.56875 0.215625 0.43125 0.00122452
2 0.120312 0.642187 0.171875 0.484375 0.00127697
1 0.828125 0.265625 0.225 0.5 0.00138664
0 0.473437 0.470313 0.184375 0.384375 0.00177765
1 0.948438 0.096875 0.096875 0.18125 0.00191784
1 0.114063 0.246875 0.184375 0.45 0.00211525
0 0.946875 0.096875 0.10625 0.18125 0.0021286
2 0.123438 0.01875 0.190625 0.0375 0.00219917
1 0.160938 0.523438 0.228125 0.203125 0.00310135
1 0.179688 0.657812 0.296875 0.521875 0.0041275
2 0.125 0.910937 0.1625 0.171875 0.011055
2 0.0328125 0.728125 0.059375 0.4875 0.0170441
2 0.071875 0.723437 0.1125 0.515625 0.0510864
2 0.185937 0.704687 0.309375 0.565625 0.931641
