1 0.94375 0.110937 0.1 0.209375 0.00100613
2 0.304688 0.71875 0.146875 0.525 0.00126266
2 0.071875 0.853125 0.14375 0.29375 0.00130463
0 0.7625 0.228125 0.1625 0.4 0.0013752
2 0.0359375 0.91875 0.071875 0.15 0.00147629
0 0.96875 0.0984375 0.0625 0.178125 0.00151443
0 0.20625 0.71875 0.225 0.525 0.00152588
0 0.820312 0.273438 0.228125 0.509375 0.00160122
2 0.148438 0.709375 0.103125 0.54375 0.00160789
1 0.282813 0.260938 0.209375 0.434375 0.00164795
1 0.44375 0.515625 0.21875 0.19375 0.00264359
1 0.126563 0.301562 0.203125 0.553125 0.0033493
2 0.129688 0.0203125 0.203125 0.040625 0.00345612
1 0.826563 0.021875 0.165625 0.04375 0.00549316
0 0.932813 0.096875 0.134375 0.18125 0.00930786
0 0.7375 0.323438 0.25625 0.590625 0.0198822
1 0.44375 0.70625 0.2375 0.5375 0.0291595
2 0.228125 0.715625 0.25 0.5625 0.915527
2 0.45 0.704687 0.24375 0.590625 0.917969
