0 0.940625 0.28125 0.11875 0.46875 0.00109863
0 0.351562 0.525 0.271875 0.475 0.00115013
0 0.246875 0.554688 0.26875 0.678125 0.00129318
0 0.596875 0.41875 0.16875 0.4 0.0013504
0 0.9625 0.173438 0.075 0.346875 0.00143433
0 0.473437 0.820312 0.184375 0.321875 0.00143623
0 0.028125 0.0765625 0.05625 0.153125 0.00155354
0 0.485938 0.065625 0.159375 0.11875 0.00180721
0 0.126563 0.479688 0.221875 0.728125 0.00205803
1 0.075 0.576563 0.1125 0.634375 0.00247955
0 0.853125 0.323438 0.19375 0.459375 0.00301743
2 0.782812 0.682813 0.271875 0.609375 0.00475311
0 0.078125 0.575 0.125 0.68125 0.00627136
0 0.478125 0.66875 0.20625 0.2875 0.0066185
2 0.475 0.739062 0.2375 0.503125 0.00769424
0 0.6625 0.16875 0.1875 0.26875 0.00778961
1 0.56875 0.259375 0.175 0.3875 0.00844574
0 0.807813 0.546875 0.209375 0.31875 0.00914764
0 0.690625 0.0609375 0.1875 0.115625 0.0129089
0 0.945312 0.078125 0.109375 0.15625 0.0242615
0 0.70625 0.284375 0.1875 0.3 0.0253143
0 0.625 0.278125 0.1125 0.34375 0.0536499
1 0.6875 0.415625 0.2125 0.55 0.0958862
0 0.273438 0.160938 0.140625 0.284375 0.334961
1 0.509375 0.232812 0.16875 0.421875 0.52832
1 0.275 0.167187 0.15625 0.284375 0.669434
0 0.509375 0.234375 0.175 0.41875 0.685547
0 0.695312 0.428125 0.203125 0.5625 0.744629
0 0.789062 0.6875 0.240625 0.625 0.781738
