2 0.542188 0.64375 0.309375 0.45625 0.0011034
0 0.828125 0.340625 0.225 0.575 0.00114059
1 0.826563 0.021875 0.159375 0.04375 0.00127888
0 0.0390625 0.579687 0.065625 0.603125 0.00184059
1 0.948438 0.0921875 0.096875 0.171875 0.00201988
0 0.115625 0.445312 0.19375 0.634375 0.00239754
0 0.946875 0.090625 0.10625 0.16875 0.00245094
1 0.071875 0.579687 0.10625 0.628125 0.00271988
0 0.54375 0.560938 0.275 0.471875 0.00328636
1 0.115625 0.45 0.2125 0.7 0.00365829
0 0.075 0.575 0.11875 0.66875 0.00940704
1 0.321875 0.3875 0.16875 0.525 0.931641
