0 0.195312 0.053125 0.121875 0.10625 0.00101185
0 0.08125 0.0359375 0.1375 0.071875 0.00105095
0 0.525 0.571875 0.2125 0.34375 0.00105858
0 0.040625 0.578125 0.075 0.64375 0.00130939
2 0.228125 0.025 0.1625 0.05 0.00144958
0 0.707812 0.0828125 0.178125 0.140625 0.00151062
0 0.84375 0.220313 0.2375 0.434375 0.00171089
2 0.0640625 0.0734375 0.109375 0.146875 0.00203323
0 0.0671875 0.0875 0.121875 0.1625 0.00260162
0 0.4875 0.670313 0.16875 0.259375 0.00263023
0 0.93125 0.128125 0.1375 0.24375 0.00305176
0 0.03125 0.0796875 0.0625 0.159375 0.00314331
0 0.317187 0.114063 0.121875 0.190625 0.00329781
2 0.520312 0.65625 0.240625 0.425 0.00362396
0 0.715625 0.157813 0.20625 0.303125 0.00398636
0 0.832812 0.495313 0.190625 0.240625 0.0110168
1 0.85625 0.648438 0.20625 0.515625 0.0114441
0 0.571875 0.135937 0.1625 0.271875 0.0189056
0 0.25 0.24375 0.1875 0.4375 0.0351257
0 0.526563 0.221875 0.203125 0.41875 0.462891
1 0.521875 0.23125 0.21875 0.4125 0.57373
1 0.25625 0.242188 0.19375 0.428125 0.835938
0 0.845312 0.648438 0.203125 0.546875 0.869141
