0 0.690625 0.621875 0.18125 0.35625 0.00101948
0 0.0265625 0.078125 0.053125 0.15625 0.00115204
2 0.959375 0.0953125 0.08125 0.184375 0.0011692
0 0.0359375 0.579687 0.059375 0.603125 0.00153732
1 0.251563 0.24375 0.328125 0.4875 0.00198364
1 0.065625 0.58125 0.0875 0.6125 0.00200272
1 0.95 0.090625 0.1 0.16875 0.0026722
0 0.853125 0.346875 0.23125 0.58125 0.00299835
0 0.515625 0.565625 0.28125 0.5125 0.00313759
0 0.0671875 0.579687 0.103125 0.646875 0.00329971
0 0.473437 0.465625 0.190625 0.40625 0.0109253
0 0.24375 0.228125 0.16875 0.4 0.0128937
1 0.253125 0.226562 0.16875 0.409375 0.90332
