2 0.125 0.01875 0.2 0.0375 0.00107479
1 0.523438 0.14375 0.196875 0.26875 0.00114155
0 0.0375 0.579687 0.0625 0.596875 0.0013237
1 0.732813 0.26875 0.246875 0.5125 0.00134277
2 0.95625 0.11875 0.0875 0.2375 0.00147438
0 0.835938 0.345313 0.240625 0.578125 0.00178051
1 0.821875 0.0234375 0.16875 0.046875 0.00204277
0 0.729688 0.257812 0.215625 0.465625 0.00266457
2 0.34375 0.646875 0.2 0.53125 0.002985
1 0.0796875 0.582812 0.128125 0.615625 0.0033226
1 0.946875 0.1 0.1 0.1875 0.00389481
0 0.0828125 0.578125 0.134375 0.64375 0.00636673
0 0.945312 0.1 0.109375 0.1875 0.00639343
0 0.409375 0.140625 0.14375 0.25625 0.0917358
1 0.407813 0.14375 0.153125 0.2625 0.597168
1 0.340625 0.6375 0.20625 0.525 0.888184
