0 0.0390625 0.584375 0.059375 0.5875 0.00101376
0 0.376563 0.315625 0.178125 0.19375 0.00102711
0 0.751562 0.232812 0.234375 0.378125 0.00109291
0 0.851562 0.328125 0.228125 0.525 0.00132942
0 0.659375 0.578125 0.14375 0.5625 0.00202751
2 0.61875 0.621875 0.2875 0.575 0.00215149
1 0.075 0.585938 0.10625 0.609375 0.00296021
0 0.385938 0.515625 0.203125 0.53125 0.00483704
0 0.660937 0.15625 0.153125 0.3125 0.00650787
0 0.0765625 0.58125 0.115625 0.6375 0.00684357
0 0.9375 0.0984375 0.125 0.196875 0.00856018
0 0.615625 0.489062 0.19375 0.378125 0.0313416
1 0.59375 0.620313 0.24375 0.590625 0.291016
1 0.59375 0.165625 0.16875 0.30625 0.302002
0 0.59375 0.167187 0.16875 0.315625 0.567383
0 0.592188 0.63125 0.234375 0.58125 0.711914
1 0.373437 0.504687 0.209375 0.534375 0.873535
