2 0.126563 0.0171875 0.203125 0.034375 0.00107574
0 0.717188 0.53125 0.215625 0.26875 0.0011673
0 0.945312 0.090625 0.109375 0.16875 0.00124836
2 0.242188 0.879687 0.159375 0.184375 0.00128078
2 0.04375 0.921875 0.0875 0.14375 0.00130177
0 0.5375 0.228125 0.2 0.18125 0.0015831
1 0.878125 0.345313 0.2 0.540625 0.00206566
2 0.09375 0.815625 0.1875 0.325 0.0022049
1 0.207813 0.635938 0.146875 0.671875 0.00231171
2 0.0734375 0.953125 0.146875 0.08125 0.0028038
0 0.564062 0.279687 0.171875 0.340625 0.00377464
0 0.10625 0.25 0.1875 0.475 0.00382805
2 0.0828125 0.907812 0.165625 0.159375 0.00465012
0 0.201562 0.673437 0.178125 0.621875 0.00561523
1 0.110937 0.253125 0.203125 0.50625 0.00839233
0 0.14375 0.492188 0.175 0.321875 0.0237579
2 0.129688 0.695312 0.246875 0.609375 0.0374451
1 0.135937 0.489062 0.190625 0.371875 0.0618896
1 0.040625 0.684375 0.08125 0.6 0.0663452
0 0.123438 0.6875 0.234375 0.625 0.0893555
2 0.15 0.8875 0.25625 0.2 0.0906982
1 0.514063 0.432813 0.196875 0.509375 0.188354
1 0.6875 0.323438 0.175 0.509375 0.223145
1 0.129688 0.678125 0.246875 0.63125 0.808105
0 0.51875 0.43125 0.19375 0.51875 0.824707
0 0.684375 0.325 0.1625 0.5 0.848145
