2 0.09375 0.8375 0.175 0.30625 0.00101376
2 0.110937 0.946875 0.171875 0.08125 0.00105286
2 0.957812 0.117188 0.084375 0.234375 0.0015316
1 0.95 0.096875 0.1 0.18125 0.0015831
2 0.126563 0.01875 0.203125 0.0375 0.00168037
1 0.83125 0.021875 0.1625 0.04375 0.00213814
0 0.946875 0.0984375 0.10625 0.178125 0.0027523
1 0.364062 0.7 0.228125 0.54375 0.00388718
1 0.101562 0.260938 0.171875 0.503125 0.00408936
0 0.760938 0.296875 0.246875 0.58125 0.00429916
0 0.075 0.495313 0.13125 0.434375 0.00449753
1 0.0734375 0.490625 0.128125 0.45 0.00651169
1 0.360938 0.514063 0.203125 0.196875 0.0110245
0 0.0578125 0.667188 0.109375 0.534375 0.0162354
2 0.075 0.920313 0.15 0.153125 0.261963
2 0.075 0.682813 0.15 0.615625 0.462402
1 0.071875 0.689062 0.14375 0.609375 0.588379
2 0.3625 0.703125 0.23125 0.59375 0.943848
