0 0.103125 0.379687 0.15625 0.590625 0.00121975
1 0.548437 0.632812 0.140625 0.546875 0.00143433
0 0.0359375 0.582812 0.059375 0.615625 0.00148869
2 0.559375 0.967188 0.20625 0.053125 0.00161266
0 0.548437 0.629687 0.153125 0.565625 0.00168419
0 0.520312 0.828125 0.203125 0.23125 0.00173283
2 0.525 0.920313 0.2125 0.121875 0.00206947
0 0.385938 0.525 0.215625 0.5125 0.00216484
1 0.34375 0.278125 0.18125 0.33125 0.00232315
1 0.0765625 0.576563 0.115625 0.646875 0.00287247
1 0.664062 0.182812 0.209375 0.340625 0.00444412
1 0.648438 0.39375 0.209375 0.2375 0.00467682
0 0.707812 0.58125 0.165625 0.53125 0.00906372
0 0.078125 0.575 0.125 0.70625 0.00908661
2 0.510938 0.846875 0.234375 0.26875 0.0124588
0 0.946875 0.0953125 0.10625 0.178125 0.0135422
0 0.667188 0.207813 0.190625 0.384375 0.027298
0 0.653125 0.389062 0.20625 0.221875 0.110657
2 0.640625 0.645312 0.26875 0.653125 0.12915
0 0.365625 0.164062 0.15625 0.296875 0.164429
1 0.64375 0.6375 0.25625 0.6375 0.232666
0 0.646875 0.6375 0.25 0.675 0.473145
1 0.359375 0.165625 0.16875 0.29375 0.606934
1 0.375 0.509375 0.20625 0.51875 0.898438
