2 0.132812 0.01875 0.196875 0.0375 0.00111103
1 0.7875 0.246875 0.25 0.49375 0.00123882
2 0.632812 0.898438 0.184375 0.190625 0.00153923
2 0.21875 0.882812 0.25 0.184375 0.00163937
2 0.554688 0.804688 0.265625 0.365625 0.00190639
0 0.753125 0.390625 0.19375 0.29375 0.00196457
0 0.784375 0.66875 0.18125 0.55 0.00202179
2 0.509375 0.914062 0.2 0.153125 0.00240135
1 0.948438 0.0984375 0.096875 0.184375 0.00304413
0 0.267188 0.623438 0.184375 0.509375 0.00305939
0 0.489062 0.267188 0.190625 0.478125 0.00474548
0 0.946875 0.0984375 0.10625 0.178125 0.00546646
1 0.751562 0.492188 0.165625 0.259375 0.00556946
0 0.614062 0.476562 0.203125 0.228125 0.00587463
1 0.617188 0.473437 0.190625 0.209375 0.00686646
1 0.117188 0.239063 0.203125 0.478125 0.00741577
0 0.598437 0.68125 0.240625 0.5375 0.00747299
2 0.617188 0.476562 0.190625 0.209375 0.00749588
2 0.164062 0.83125 0.265625 0.225 0.0109406
2 0.4875 0.734375 0.2 0.50625 0.0111923
1 0.6125 0.651563 0.25625 0.578125 0.0406494
2 0.142188 0.646875 0.190625 0.56875 0.0671997
0 0.14375 0.645312 0.18125 0.534375 0.112732
2 0.475 0.8625 0.1875 0.25 0.393066
1 0.75625 0.673437 0.2 0.565625 0.433105
2 0.757812 0.676562 0.190625 0.609375 0.652344
2 0.609375 0.684375 0.25625 0.6125 0.769043
1 0.145313 0.651563 0.190625 0.540625 0.860352
1 0.48125 0.260938 0.1875 0.465625 0.905762
