0 0.103125 0.45625 0.2 0.8125 0.00110435
0 0.86875 0.359375 0.2 0.5875 0.00140858
0 0.903125 0.554688 0.18125 0.634375 0.00156212
0 0.0375 0.58125 0.0625 0.6 0.00169849
1 0.584375 0.298438 0.15625 0.196875 0.00227547
0 0.140625 0.634375 0.1875 0.6125 0.00242424
1 0.128125 0.453125 0.23125 0.76875 0.00596619
1 0.945312 0.1 0.103125 0.1875 0.00684357
1 0.075 0.582812 0.1125 0.628125 0.00741959
0 0.0765625 0.578125 0.121875 0.66875 0.0103073
0 0.94375 0.1 0.1125 0.1875 0.0107727
2 0.490625 0.5375 0.19375 0.5375 0.0171509
2 0.639063 0.540625 0.178125 0.54375 0.0239563
1 0.6375 0.532812 0.175 0.546875 0.928711
1 0.484375 0.53125 0.19375 0.54375 0.946777
