1 0.104687 0.354688 0.171875 0.571875 0.00106144
1 0.470313 0.232812 0.103125 0.296875 0.00109386
0 0.115625 0.457812 0.21875 0.709375 0.00145245
2 0.123438 0.0171875 0.196875 0.034375 0.00177288
1 0.304688 0.334375 0.103125 0.475 0.00181866
1 0.829687 0.021875 0.159375 0.04375 0.00204086
0 0.946875 0.0921875 0.1 0.171875 0.00269318
0 0.0375 0.58125 0.0625 0.6 0.00284386
1 0.567187 0.24375 0.134375 0.2875 0.00288773
1 0.83125 0.3625 0.25 0.64375 0.00326157
1 0.407813 0.171875 0.140625 0.25 0.00392151
1 0.0671875 0.578125 0.103125 0.61875 0.00510406
0 0.54375 0.353125 0.1875 0.5125 0.00526047
0 0.829687 0.357812 0.228125 0.584375 0.00527191
0 0.06875 0.576563 0.1125 0.653125 0.0132599
1 0.539062 0.35625 0.190625 0.51875 0.913086
1 0.36875 0.342187 0.2 0.546875 0.958008
