2 0.120312 0.01875 0.190625 0.0375 0.00127983
1 0.828125 0.0234375 0.175 0.046875 0.00171375
0 0.0375 0.58125 0.0625 0.59375 0.00179005
0 0.148438 0.639063 0.196875 0.609375 0.00193977
1 0.95 0.0984375 0.09375 0.178125 0.00345612
0 0.948438 0.0984375 0.103125 0.178125 0.00370407
2 0.957812 0.117188 0.084375 0.234375 0.00422287
1 0.0734375 0.582812 0.109375 0.621875 0.00569534
1 0.495313 0.65 0.240625 0.41875 0.00975037
1 0.840625 0.34375 0.225 0.575 0.0101166
0 0.075 0.578125 0.11875 0.65625 0.0116196
0 0.503125 0.651563 0.25625 0.384375 0.0195312
2 0.503125 0.653125 0.2625 0.40625 0.0251312
1 0.45 0.326562 0.1875 0.484375 0.892578
1 0.582812 0.323438 0.165625 0.496875 0.924316
