2 0.428125 0.871875 0.23125 0.24375 0.00118732
0 0.523438 0.128125 0.128125 0.24375 0.00148964
0 0.80625 0.3875 0.15 0.2375 0.00175953
0 0.63125 0.339063 0.175 0.196875 0.00188351
0 0.373437 0.129688 0.134375 0.240625 0.00191212
2 0.340625 0.721875 0.09375 0.50625 0.00205994
0 0.342187 0.714063 0.096875 0.515625 0.00271416
0 0.107813 0.348437 0.178125 0.559375 0.00286484
1 0.617188 0.529688 0.184375 0.528125 0.00530243
0 0.0796875 0.567187 0.140625 0.678125 0.00549698
1 0.607813 0.148438 0.190625 0.296875 0.0102234
0 0.940625 0.0953125 0.11875 0.184375 0.0109406
0 0.467187 0.520312 0.171875 0.359375 0.0126419
0 0.420312 0.490625 0.196875 0.24375 0.0155945
1 0.45625 0.226562 0.15 0.409375 0.0163727
1 0.789062 0.542188 0.190625 0.534375 0.106384
0 0.434375 0.715625 0.28125 0.54375 0.32251
1 0.309375 0.215625 0.16875 0.4 0.379639
0 0.610937 0.148438 0.178125 0.296875 0.660156
0 0.315625 0.207813 0.1625 0.384375 0.679199
2 0.434375 0.7125 0.28125 0.575 0.806641
0 0.465625 0.21875 0.15 0.4125 0.820312
0 0.789062 0.540625 0.178125 0.51875 0.869141
0 0.626562 0.53125 0.190625 0.525 0.907715
