1 0.826563 0.0234375 0.171875 0.046875 0.00102615
0 0.529688 0.564062 0.215625 0.434375 0.00106144
0 0.0328125 0.71875 0.065625 0.5375 0.00110531
2 0.04375 0.925 0.0875 0.125 0.00121021
2 0.160938 0.90625 0.196875 0.1875 0.00138664
2 0.251563 0.875 0.115625 0.225 0.00147438
2 0.0875 0.910937 0.1625 0.159375 0.00215912
1 0.332812 0.075 0.146875 0.1375 0.00262642
0 0.0984375 0.284375 0.196875 0.53125 0.00279427
1 0.114063 0.25 0.196875 0.45 0.00959015
0 0.154687 0.69375 0.234375 0.54375 0.0111313
1 0.159375 0.703125 0.23125 0.5375 0.0227814
2 0.160938 0.698438 0.234375 0.584375 0.855469
1 0.314063 0.220313 0.184375 0.378125 0.874023
