0 0.165625 0.648438 0.23125 0.659375 0.0011282
0 0.470313 0.621875 0.234375 0.46875 0.00115681
2 0.704687 0.960938 0.253125 0.078125 0.00139904
2 0.701563 0.860937 0.203125 0.271875 0.00241089
1 0.0734375 0.579687 0.109375 0.621875 0.00259781
0 0.075 0.576563 0.11875 0.659375 0.00406647
0 0.725 0.625 0.2 0.5125 0.00488663
0 0.564062 0.220313 0.190625 0.421875 0.0150528
2 0.520312 0.920313 0.284375 0.146875 0.0205536
0 0.61875 0.85 0.3125 0.275 0.0441284
2 0.478125 0.965625 0.19375 0.06875 0.0570068
1 0.315625 0.20625 0.16875 0.35 0.856445
1 0.56875 0.217187 0.1875 0.415625 0.885742
2 0.584375 0.851562 0.375 0.284375 0.945801
