1 0.953125 0.09375 0.09375 0.175 0.00107765
1 0.517187 0.56875 0.184375 0.4 0.00111675
1 0.83125 0.189063 0.1 0.371875 0.00119686
1 0.071875 0.589063 0.10625 0.634375 0.00147915
0 0.95 0.0921875 0.1 0.171875 0.00149059
2 0.96875 0.0984375 0.0625 0.178125 0.00149059
0 0.692187 0.632812 0.165625 0.334375 0.00227737
0 0.515625 0.675 0.2 0.3 0.00239182
2 0.128125 0.0171875 0.2 0.034375 0.00243187
1 0.83125 0.251563 0.175 0.453125 0.00281143
2 0.473437 0.814062 0.153125 0.371875 0.00360107
0 0.478125 0.565625 0.2125 0.45625 0.0039711
0 0.76875 0.23125 0.1625 0.44375 0.00405884
1 0.426562 0.48125 0.265625 0.5625 0.0051384
1 0.767187 0.23125 0.153125 0.41875 0.00996399
0 0.689062 0.226562 0.190625 0.453125 0.0241241
1 0.675 0.220313 0.1875 0.428125 0.824707
