1 0.439063 0.465625 0.253125 0.56875 0.00107479
1 0.109375 0.251563 0.18125 0.484375 0.00167179
0 0.473437 0.467187 0.171875 0.409375 0.00187588
0 0.689062 0.620313 0.184375 0.346875 0.00191498
0 0.946875 0.1 0.10625 0.2 0.00196838
2 0.957812 0.0984375 0.084375 0.190625 0.00212669
0 0.521875 0.573438 0.20625 0.440625 0.002985
1 0.948438 0.0953125 0.096875 0.178125 0.00549316
1 0.1 0.596875 0.1875 0.25 0.00876617
2 0.278125 0.6875 0.15 0.45 0.00923157
2 0.13125 0.584375 0.2125 0.2125 0.0118866
2 0.034375 0.728125 0.06875 0.51875 0.0154648
2 0.135937 0.735937 0.271875 0.528125 0.958008
