0 0.923437 0.326562 0.153125 0.515625 0.00107384
0 0.696875 0.0546875 0.2125 0.109375 0.00120926
2 0.040625 0.878125 0.075 0.21875 0.00177765
0 0.723437 0.3625 0.234375 0.3375 0.00204086
0 0.892187 0.0640625 0.184375 0.128125 0.00234222
0 0.084375 0.457812 0.16875 0.796875 0.00307655
2 0.739062 0.904688 0.190625 0.190625 0.00337791
0 0.525 0.185937 0.20625 0.315625 0.00453186
1 0.503125 0.253125 0.21875 0.4 0.00464249
0 0.846875 0.240625 0.25625 0.48125 0.00627899
0 0.660937 0.173438 0.178125 0.340625 0.00726318
1 0.053125 0.626562 0.09375 0.653125 0.00817108
0 0.75625 0.2375 0.2375 0.45 0.0101089
0 0.49375 0.45 0.175 0.4875 0.0102463
1 0.415625 0.534375 0.21875 0.625 0.0110397
0 0.848437 0.628125 0.146875 0.525 0.0112534
0 0.03125 0.635938 0.05625 0.596875 0.0127335
2 0.0484375 0.948438 0.090625 0.090625 0.0193939
0 0.05625 0.621875 0.1 0.71875 0.0204163
0 0.809375 0.46875 0.19375 0.2625 0.0228729
2 0.75 0.68125 0.2875 0.6 0.0278015
0 0.6875 0.596875 0.1875 0.51875 0.0279694
1 0.6 0.271875 0.2 0.46875 0.0470886
0 0.935938 0.0984375 0.128125 0.196875 0.0510559
0 0.725 0.4875 0.225 0.26875 0.0551147
2 0.028125 0.75625 0.05625 0.4625 0.108948
2 0.025 0.925 0.05 0.1375 0.149536
0 0.489062 0.282813 0.178125 0.421875 0.599121
0 0.75 0.684375 0.275 0.63125 0.77002
0 0.610937 0.271875 0.178125 0.46875 0.807129
0 0.425 0.51875 0.21875 0.60625 0.879883
