0 0.823438 0.445312 0.153125 0.178125 0.00103283
0 0.040625 0.490625 0.08125 0.20625 0.00111866
0 0.523438 0.448438 0.196875 0.471875 0.00125313
0 0.160938 0.0625 0.178125 0.11875 0.00137234
0 0.396875 0.126563 0.18125 0.215625 0.00153542
0 0.0390625 0.251563 0.071875 0.484375 0.00160122
1 0.828125 0.0234375 0.1625 0.046875 0.00161266
0 0.871875 0.353125 0.2 0.41875 0.00180054
1 0.2625 0.251563 0.18125 0.371875 0.00184059
0 0.0953125 0.64375 0.146875 0.53125 0.00206566
0 0.05 0.684375 0.09375 0.525 0.00257683
0 0.0796875 0.5125 0.153125 0.25 0.00263786
1 0.490625 0.529688 0.14375 0.478125 0.00267029
0 0.317187 0.495313 0.190625 0.528125 0.00341606
0 0.570312 0.535937 0.196875 0.296875 0.00364304
1 0.23125 0.175 0.125 0.3 0.00402069
2 0.071875 0.490625 0.125 0.2125 0.00426865
0 0.826563 0.517187 0.190625 0.309375 0.00460434
0 0.075 0.0390625 0.13125 0.078125 0.00475693
0 0.4875 0.69375 0.1125 0.56875 0.00559616
2 0.373437 0.0765625 0.184375 0.140625 0.00637436
0 0.5875 0.721875 0.24375 0.53125 0.00639725
1 0.078125 0.69375 0.14375 0.5375 0.00720978
1 0.573438 0.484375 0.190625 0.31875 0.00814819
0 0.734375 0.682813 0.14375 0.634375 0.00827026
0 0.232812 0.21875 0.128125 0.4 0.0085907
0 0.95 0.1 0.1 0.1875 0.0108948
1 0.714063 0.632812 0.140625 0.521875 0.0168457
0 0.654688 0.485938 0.171875 0.328125 0.0170441
2 0.642187 0.484375 0.184375 0.33125 0.0171204
2 0.053125 0.921875 0.09375 0.14375 0.0196228
1 0.0703125 0.279687 0.134375 0.553125 0.0237122
0 0.03125 0.0796875 0.0625 0.159375 0.0246429
2 0.496875 0.723437 0.11875 0.534375 0.0296021
0 0.357812 0.08125 0.159375 0.15625 0.0380249
1 0.823438 0.651563 0.246875 0.540625 0.0446777
1 0.257812 0.08125 0.146875 0.15625 0.0446777
2 0.0359375 0.85 0.071875 0.28125 0.0558167
0 0.242188 0.0859375 0.140625 0.159375 0.0695801
0 0.071875 0.278125 0.13125 0.55625 0.0934448
0 0.682813 0.615625 0.159375 0.55625 0.117126
1 0.365625 0.08125 0.15625 0.15625 0.306641
0 0.81875 0.70625 0.24375 0.575 0.400635
1 0.65 0.490625 0.16875 0.33125 0.490479
2 0.81875 0.696875 0.25 0.60625 0.661133
2 0.0828125 0.7 0.165625 0.6 0.774414
1 0.523438 0.390625 0.190625 0.40625 0.789551
2 0.565625 0.723437 0.26875 0.546875 0.899414
1 0.321875 0.492188 0.19375 0.534375 0.899414
