1 0.10625 0.45 0.1875 0.6125 0.00100517
2 0.41875 0.585938 0.125 0.365625 0.00107861
1 0.296875 0.107813 0.1 0.203125 0.00108814
2 0.0640625 0.0671875 0.115625 0.134375 0.00109577
2 0.0828125 0.034375 0.134375 0.06875 0.00109768
1 0.420312 0.584375 0.115625 0.38125 0.00127602
2 0.484375 0.901563 0.18125 0.196875 0.00127888
0 0.025 0.0765625 0.05 0.153125 0.00180149
1 0.5125 0.660937 0.24375 0.528125 0.00190544
1 0.46875 0.110937 0.1375 0.184375 0.00191212
1 0.776563 0.340625 0.259375 0.61875 0.00197792
2 0.125 0.91875 0.175 0.15 0.00260735
0 0.34375 0.251563 0.1625 0.496875 0.0027523
0 0.328125 0.0859375 0.14375 0.165625 0.00276756
1 0.55625 0.482812 0.1625 0.421875 0.00309181
0 0.0859375 0.373437 0.171875 0.703125 0.00309944
0 0.70625 0.0484375 0.1875 0.090625 0.00312424
1 0.425 0.2375 0.13125 0.41875 0.00374031
1 0.326562 0.0734375 0.134375 0.140625 0.0039711
0 0.81875 0.342187 0.2375 0.571875 0.00453186
2 0.364062 0.71875 0.146875 0.50625 0.00483704
0 0.389062 0.121875 0.159375 0.23125 0.00520706
1 0.828125 0.0234375 0.16875 0.046875 0.00526428
1 0.946875 0.1 0.10625 0.1875 0.00564194
0 0.565625 0.582812 0.15625 0.434375 0.00682068
0 0.94375 0.1 0.1125 0.1875 0.00874329
1 0.04375 0.629687 0.08125 0.553125 0.0102463
0 0.310937 0.596875 0.234375 0.34375 0.0120621
0 0.0546875 0.51875 0.103125 0.6875 0.0132751
2 0.139062 0.785937 0.134375 0.390625 0.0301361
1 0.415625 0.115625 0.15625 0.20625 0.0367126
0 0.03125 0.629687 0.05625 0.553125 0.0402832
2 0.0265625 0.7625 0.053125 0.475 0.047699
2 0.0671875 0.8125 0.134375 0.36875 0.0499268
2 0.326562 0.578125 0.184375 0.35 0.0975952
1 0.321875 0.5875 0.2 0.35 0.335938
1 0.342187 0.25625 0.171875 0.46875 0.780273
2 0.5 0.709375 0.2625 0.56875 0.813965
1 0.509375 0.275 0.18125 0.4375 0.869141
2 0.254687 0.767187 0.346875 0.453125 0.913574
