0 0.679688 0.340625 0.178125 0.2125 0.00112438
1 0.679688 0.335938 0.178125 0.196875 0.00116539
2 0.0296875 0.745313 0.053125 0.428125 0.00145817
0 0.0703125 0.478125 0.121875 0.59375 0.00179005
2 0.245312 0.923437 0.134375 0.146875 0.00196648
2 0.0390625 0.946875 0.078125 0.10625 0.00206757
0 0.157813 0.689062 0.278125 0.621875 0.00317574
0 0.69375 0.501562 0.2125 0.521875 0.00569916
0 0.946875 0.0953125 0.10625 0.178125 0.00759125
0 0.525 0.442187 0.1625 0.490625 0.0144806
1 0.528125 0.44375 0.16875 0.5125 0.024353
0 0.45 0.495313 0.2375 0.534375 0.0529785
2 0.157813 0.91875 0.215625 0.15 0.0991821
2 0.0421875 0.859375 0.084375 0.275 0.111755
1 0.33125 0.1 0.1625 0.1875 0.14563
0 0.332812 0.101562 0.159375 0.184375 0.325684
1 0.545313 0.225 0.178125 0.4125 0.486816
0 0.548437 0.229687 0.178125 0.434375 0.52002
2 0.135937 0.848437 0.265625 0.296875 0.786621
1 0.453125 0.49375 0.24375 0.525 0.837402
1 0.679688 0.496875 0.228125 0.5125 0.883789
