1 0.371875 0.707812 0.275 0.509375 0.00121975
2 0.126563 0.01875 0.209375 0.0375 0.00136757
0 0.390625 0.729688 0.25 0.509375 0.00143623
1 0.142188 0.464063 0.234375 0.746875 0.00193501
0 0.0375 0.578125 0.0625 0.60625 0.00224304
0 0.140625 0.648438 0.16875 0.565625 0.00235367
0 0.459375 0.6375 0.14375 0.375 0.00259209
0 0.289062 0.734375 0.165625 0.45625 0.00294685
1 0.95 0.096875 0.09375 0.18125 0.00522232
2 0.2875 0.734375 0.1625 0.45625 0.00579834
0 0.95 0.096875 0.1 0.18125 0.00754547
0 0.078125 0.573438 0.1375 0.684375 0.020813
2 0.373437 0.728125 0.284375 0.525 0.864258
1 0.6125 0.445312 0.2 0.534375 0.942383
