2 0.235938 0.823438 0.215625 0.215625 0.00105095
1 0.829687 0.021875 0.165625 0.04375 0.00119209
2 0.954687 0.0953125 0.090625 0.184375 0.00131989
0 0.94375 0.0953125 0.1125 0.190625 0.00178146
2 0.128125 0.0171875 0.19375 0.034375 0.00185108
0 0.20625 0.65 0.23125 0.6125 0.00255966
1 0.945312 0.090625 0.109375 0.16875 0.00355339
0 0.0796875 0.575 0.134375 0.6875 0.00539398
0 0.301562 0.657812 0.209375 0.565625 0.0477295
2 0.3 0.651563 0.23125 0.578125 0.156006
1 0.301562 0.65625 0.215625 0.55 0.785156
