1 0.234375 0.473437 0.13125 0.203125 0.00102234
0 0.965625 0.171875 0.06875 0.31875 0.00109386
1 0.2875 0.245312 0.20625 0.434375 0.00111294
2 0.646875 0.721875 0.14375 0.5375 0.00118351
2 0.220313 0.901563 0.178125 0.178125 0.00124168
2 0.9625 0.129688 0.075 0.259375 0.00125504
2 0.960938 0.701563 0.078125 0.196875 0.00129223
1 0.854688 0.3375 0.265625 0.66875 0.00144863
1 0.695312 0.223438 0.221875 0.415625 0.00145817
2 0.93125 0.957812 0.1375 0.084375 0.00147915
1 0.571875 0.517187 0.19375 0.178125 0.00149345
2 0.0859375 0.8125 0.165625 0.36875 0.00163078
2 0.123438 0.01875 0.190625 0.0375 0.00174522
1 0.920313 0.35 0.159375 0.55625 0.00178337
0 0.759375 0.259375 0.2625 0.51875 0.00179005
0 0.696875 0.220313 0.19375 0.384375 0.00179672
2 0.148438 0.910937 0.178125 0.171875 0.00186253
2 0.570312 0.534375 0.196875 0.2125 0.00203323
0 0.148438 0.695312 0.259375 0.540625 0.00250053
0 0.857813 0.339063 0.234375 0.571875 0.00273705
0 0.584375 0.15625 0.13125 0.24375 0.00281715
1 0.821875 0.021875 0.15625 0.04375 0.00291634
2 0.0421875 0.921875 0.078125 0.14375 0.0030117
0 0.951563 0.0921875 0.096875 0.165625 0.00375175
1 0.121875 0.251563 0.21875 0.503125 0.00399017
0 0.153125 0.5 0.18125 0.2 0.00476456
0 0.0421875 0.634375 0.078125 0.58125 0.00499725
1 0.0796875 0.645312 0.115625 0.584375 0.00532532
0 0.0796875 0.64375 0.115625 0.5875 0.00728989
0 0.242188 0.68125 0.253125 0.5625 0.00955963
0 0.9625 0.792188 0.075 0.353125 0.0100098
1 0.273438 0.507812 0.153125 0.265625 0.0113907
2 0.679688 0.921875 0.196875 0.14375 0.0140686
2 0.96875 0.909375 0.0625 0.18125 0.017334
2 0.964063 0.8125 0.071875 0.375 0.0239563
2 0.0796875 0.9125 0.115625 0.1625 0.0273895
1 0.578125 0.7125 0.24375 0.54375 0.0623779
2 0.785937 0.85625 0.203125 0.28125 0.0688477
1 0.282813 0.66875 0.178125 0.5625 0.389893
2 0.276563 0.6875 0.184375 0.58125 0.393555
2 0.15 0.703125 0.23125 0.59375 0.813477
2 0.854688 0.817187 0.284375 0.359375 0.820312
2 0.576563 0.709375 0.234375 0.58125 0.913574
