0 0.348437 0.715625 0.109375 0.48125 0.00106144
2 0.9625 0.096875 0.075 0.1875 0.0014534
0 0.439063 0.698438 0.259375 0.503125 0.00231743
0 0.040625 0.578125 0.075 0.6375 0.00253487
1 0.075 0.584375 0.1125 0.61875 0.00253677
0 0.139062 0.464063 0.246875 0.753125 0.00263596
2 0.129688 0.01875 0.209375 0.0375 0.00307655
0 0.946875 0.09375 0.10625 0.175 0.00330734
2 0.346875 0.7125 0.10625 0.50625 0.0071106
0 0.7625 0.309375 0.25625 0.61875 0.00782776
0 0.078125 0.579687 0.125 0.653125 0.00811768
1 0.428125 0.696875 0.28125 0.50625 0.0498047
2 0.434375 0.720312 0.26875 0.546875 0.896484
