2 0.959375 0.115625 0.08125 0.23125 0.00104904
2 0.126563 0.01875 0.203125 0.0375 0.00118828
0 0.4625 0.5375 0.225 0.20625 0.0014143
0 0.059375 0.5 0.1125 0.3625 0.00164604
2 0.470313 0.959375 0.234375 0.075 0.00168133
2 0.501562 0.926562 0.246875 0.146875 0.00178623
0 0.742188 0.704687 0.240625 0.553125 0.00200081
1 0.05625 0.496875 0.10625 0.36875 0.00200844
2 0.5875 0.957812 0.2125 0.071875 0.00304031
0 0.817187 0.58125 0.153125 0.4625 0.00339699
0 0.78125 0.25 0.25625 0.45 0.00357056
0 0.859375 0.325 0.24375 0.55 0.0038147
0 0.94375 0.1 0.1125 0.18125 0.00383568
2 0.0859375 0.6875 0.171875 0.53125 0.009552
2 0.328125 0.765625 0.125 0.44375 0.0122757
0 0.742188 0.5125 0.215625 0.2125 0.0125885
2 0.11875 0.828125 0.2 0.2875 0.0172882
0 0.0796875 0.657812 0.153125 0.571875 0.124817
2 0.635938 0.934375 0.171875 0.13125 0.133545
1 0.075 0.651563 0.15 0.571875 0.716797
2 0.742188 0.709375 0.259375 0.56875 0.92041
2 0.4375 0.71875 0.31875 0.54375 0.931152
