2 0.559375 0.948438 0.1125 0.096875 0.00104809
1 0.0828125 0.579687 0.140625 0.628125 0.00104904
0 0.423438 0.315625 0.178125 0.40625 0.00114059
0 0.442187 0.146875 0.165625 0.2625 0.0011692
1 0.828125 0.021875 0.15625 0.04375 0.00136662
0 0.757812 0.379687 0.103125 0.390625 0.00144672
1 0.75625 0.378125 0.09375 0.39375 0.00144958
1 0.135937 0.473437 0.240625 0.778125 0.00153923
0 0.689062 0.48125 0.203125 0.53125 0.001647
1 0.582812 0.471875 0.109375 0.45625 0.00205994
0 0.4625 0.48125 0.20625 0.4875 0.00227356
1 0.71875 0.339063 0.1375 0.346875 0.00320625
2 0.459375 0.909375 0.28125 0.16875 0.00326538
1 0.395312 0.323438 0.134375 0.478125 0.0071373
1 0.951563 0.0953125 0.096875 0.184375 0.00771332
2 0.335938 0.851562 0.128125 0.290625 0.0100708
0 0.120312 0.578125 0.203125 0.63125 0.0104294
0 0.948438 0.096875 0.103125 0.18125 0.012207
1 0.432813 0.204688 0.178125 0.396875 0.754395
2 0.4375 0.81875 0.3375 0.35 0.82666
1 0.471875 0.49375 0.20625 0.48125 0.894531
1 0.66875 0.476562 0.2125 0.521875 0.915039
