0 0.0375 0.58125 0.0625 0.5875 0.00100231
1 0.95 0.0859375 0.09375 0.165625 0.00100327
0 0.81875 0.470313 0.1375 0.384375 0.00115776
0 0.526563 0.514063 0.209375 0.434375 0.00119019
0 0.946875 0.0859375 0.10625 0.159375 0.00122261
2 0.126563 0.0171875 0.196875 0.034375 0.00133514
1 0.825 0.021875 0.1625 0.04375 0.00171661
0 0.823438 0.345313 0.221875 0.590625 0.00198174
1 0.0671875 0.582812 0.096875 0.590625 0.00208473
0 0.06875 0.579687 0.1125 0.609375 0.00433731
1 0.284375 0.348437 0.2 0.478125 0.924316
