2 0.00101566 0.429688 0.640625 0.240625 0.2125
0 0.00114346 0.925 0.7375 0.1375 0.43125
0 0.00122929 0.8375 0.776563 0.3 0.446875
2 0.0014801 0.554688 0.776563 0.165625 0.434375
0 0.0018177 0.08125 0.584375 0.125 0.6375
2 0.00185871 0.854688 0.934375 0.209375 0.13125
2 0.00197792 0.123438 0.01875 0.190625 0.0375
2 0.00211334 0.767187 0.9125 0.165625 0.175
2 0.0027256 0.953125 0.926562 0.08125 0.134375
2 0.00322151 0.965625 0.871875 0.0625 0.24375
0 0.00336647 0.839063 0.339063 0.234375 0.528125
2 0.00537109 0.915625 0.935938 0.125 0.128125
2 0.0114975 0.371875 0.78125 0.14375 0.4375
2 0.0473938 0.74375 0.775 0.125 0.43125
2 0.90918 0.453125 0.767187 0.30625 0.453125
2 0.921387 0.828125 0.775 0.29375 0.45
