1 0.00100136 0.814062 0.275 0.196875 0.50625
1 0.00106049 0.103125 0.34375 0.16875 0.575
1 0.001091 0.94375 0.129688 0.1125 0.246875
2 0.00130272 0.95625 0.11875 0.0875 0.2375
0 0.00138187 0.95 0.1 0.1 0.18125
0 0.00142384 0.0390625 0.5875 0.065625 0.6125
1 0.00164318 0.825 0.021875 0.15625 0.04375
1 0.00171566 0.279687 0.523438 0.140625 0.421875
0 0.00197983 0.753125 0.321875 0.24375 0.575
0 0.00365257 0.151562 0.56875 0.215625 0.65625
1 0.00479889 0.06875 0.5875 0.10625 0.63125
1 0.00772476 0.234375 0.623438 0.1375 0.590625
0 0.012619 0.0703125 0.584375 0.115625 0.675
1 0.936523 0.35625 0.504687 0.23125 0.503125
