1 0.00113583 0.925 0.339063 0.15 0.546875
0 0.00117302 0.970312 0.178125 0.059375 0.35625
0 0.00126839 0.034375 0.58125 0.0625 0.60625
0 0.00127983 0.445312 0.248437 0.196875 0.465625
0 0.0012846 0.878125 0.229687 0.13125 0.459375
1 0.0013895 0.065625 0.579687 0.1 0.615625
0 0.00200844 0.210938 0.678125 0.228125 0.49375
0 0.00202942 0.0875 0.0359375 0.15 0.071875
2 0.00244713 0.478125 0.814062 0.14375 0.353125
2 0.00286484 0.0671875 0.075 0.121875 0.15
0 0.00347328 0.246875 0.254687 0.19375 0.459375
0 0.00365829 0.06875 0.0734375 0.13125 0.146875
0 0.00429153 0.06875 0.576563 0.1125 0.646875
0 0.0046196 0.0296875 0.0796875 0.059375 0.159375
1 0.0047226 0.5125 0.676562 0.1625 0.240625
0 0.00949097 0.946875 0.0828125 0.10625 0.165625
0 0.0141602 0.514063 0.678125 0.171875 0.25625
2 0.0187836 0.509375 0.728125 0.21875 0.40625
0 0.0929565 0.70625 0.301562 0.2 0.534375
1 0.823242 0.707812 0.301562 0.203125 0.534375
1 0.915039 0.248437 0.25 0.184375 0.45625
1 0.924805 0.446875 0.248437 0.2 0.465625
