2 0.00104427 0.123438 0.01875 0.209375 0.0375
1 0.00106049 0.160938 0.565625 0.228125 0.20625
1 0.00111675 0.467187 0.676562 0.190625 0.484375
2 0.0012579 0.225 0.959375 0.2 0.08125
2 0.00139618 0.0375 0.91875 0.06875 0.1625
1 0.00140858 0.135937 0.271875 0.234375 0.54375
0 0.00144768 0.209375 0.640625 0.19375 0.38125
1 0.00153255 0.65 0.421875 0.175 0.2375
1 0.00174904 0.496875 0.332812 0.1625 0.171875
1 0.0018692 0.73125 0.232812 0.2375 0.465625
0 0.00193024 0.1 0.596875 0.18125 0.31875
1 0.00224686 0.5375 0.61875 0.2125 0.59375
2 0.00227356 0.50625 0.73125 0.15 0.5
2 0.00236511 0.560938 0.904688 0.115625 0.190625
2 0.00261497 0.420312 0.9625 0.234375 0.06875
2 0.00271034 0.0796875 0.909375 0.146875 0.18125
2 0.00271606 0.078125 0.95625 0.14375 0.08125
0 0.00296402 0.0375 0.642187 0.075 0.496875
1 0.0033493 0.265625 0.74375 0.15 0.45
0 0.00576401 0.160938 0.570312 0.228125 0.215625
0 0.00629425 0.95 0.0953125 0.1 0.178125
2 0.00710678 0.235938 0.889063 0.215625 0.221875
2 0.0105591 0.159375 0.928125 0.23125 0.14375
2 0.0205078 0.271875 0.773438 0.1375 0.428125
0 0.0377502 0.065625 0.734375 0.13125 0.50625
2 0.0792847 0.664062 0.603125 0.203125 0.54375
2 0.0837402 0.317187 0.809375 0.134375 0.38125
2 0.0998535 0.0765625 0.75625 0.153125 0.4875
0 0.11438 0.160938 0.734375 0.284375 0.525
1 0.123291 0.159375 0.734375 0.28125 0.51875
2 0.175415 0.034375 0.765625 0.06875 0.46875
2 0.797363 0.154687 0.728125 0.296875 0.53125
1 0.83252 0.482812 0.485938 0.196875 0.459375
1 0.886719 0.665625 0.601562 0.20625 0.546875
2 0.902344 0.417188 0.776563 0.278125 0.446875
