0 0.00110245 0.570312 0.259375 0.178125 0.34375
0 0.00135708 0.695312 0.535937 0.134375 0.478125
0 0.00151062 0.739062 0.232812 0.190625 0.284375
0 0.00153446 0.517187 0.25625 0.184375 0.4375
1 0.00200272 0.614062 0.190625 0.209375 0.35
0 0.00209808 0.665625 0.375 0.16875 0.2
0 0.00587845 0.075 0.570312 0.125 0.696875
0 0.00635529 0.807813 0.525 0.140625 0.54375
0 0.00678635 0.115625 0.446875 0.20625 0.65
0 0.0100327 0.94375 0.295312 0.1125 0.590625
0 0.0109406 0.559375 0.396875 0.1875 0.30625
0 0.0406799 0.939062 0.0859375 0.121875 0.171875
1 0.0473328 0.295312 0.340625 0.165625 0.46875
0 0.422607 0.626562 0.18125 0.203125 0.3625
0 0.575684 0.770312 0.326562 0.184375 0.340625
0 0.816895 0.590625 0.59375 0.20625 0.6125
0 0.829102 0.4625 0.214062 0.1625 0.390625
0 0.888672 0.751562 0.6125 0.203125 0.6
0 0.89209 0.295312 0.339063 0.153125 0.478125
