2 0.00107956 0.117188 0.01875 0.190625 0.0375
0 0.00108528 0.73125 0.38125 0.18125 0.35
2 0.00110912 0.65625 0.959375 0.1375 0.075
1 0.00117493 0.0734375 0.582812 0.109375 0.634375
0 0.00117588 0.134375 0.54375 0.19375 0.58125
1 0.0012064 0.535937 0.542188 0.328125 0.640625
0 0.00121689 0.557813 0.579687 0.184375 0.465625
1 0.00121784 0.660937 0.507812 0.215625 0.340625
1 0.0012455 0.55625 0.579687 0.18125 0.471875
0 0.00125217 0.825 0.648438 0.2 0.478125
2 0.00157738 0.653125 0.921875 0.15 0.14375
0 0.00198174 0.679688 0.4875 0.178125 0.325
0 0.00223541 0.878125 0.329688 0.20625 0.515625
0 0.00337219 0.075 0.578125 0.11875 0.68125
0 0.00342369 0.65625 0.664062 0.2625 0.546875
1 0.00626373 0.289062 0.317187 0.171875 0.178125
0 0.00697708 0.948438 0.09375 0.103125 0.175
1 0.0245056 0.517187 0.385938 0.153125 0.228125
0 0.0692749 0.503125 0.528125 0.16875 0.5
1 0.116028 0.648438 0.64375 0.284375 0.59375
2 0.679199 0.651563 0.671875 0.271875 0.64375
1 0.868164 0.307813 0.498437 0.190625 0.515625
1 0.896973 0.503125 0.525 0.16875 0.50625
