0 0.00119686 0.120312 0.5875 0.178125 0.575
2 0.00119686 0.0296875 0.910937 0.059375 0.165625
0 0.00161457 0.94375 0.101562 0.1125 0.184375
0 0.00167179 0.70625 0.5375 0.14375 0.575
0 0.00173855 0.64375 0.0296875 0.18125 0.059375
2 0.00176525 0.129688 0.0171875 0.203125 0.034375
0 0.00197411 0.6375 0.0859375 0.175 0.171875
0 0.00345612 0.259375 0.61875 0.2 0.51875
0 0.0209503 0.671875 0.425 0.1625 0.3875
1 0.0247192 0.615625 0.585938 0.225 0.590625
1 0.18042 0.64375 0.2 0.1875 0.3875
0 0.634766 0.646875 0.189063 0.18125 0.371875
0 0.847168 0.632812 0.573438 0.246875 0.590625
