0 0.001091 0.0421875 0.58125 0.078125 0.6375
1 0.00116539 0.826563 0.021875 0.165625 0.04375
0 0.00117874 0.8375 0.346875 0.23125 0.575
0 0.00118256 0.90625 0.551562 0.175 0.621875
0 0.00120831 0.6875 0.135937 0.1625 0.259375
2 0.00123405 0.957812 0.114063 0.084375 0.221875
1 0.00141525 0.835938 0.273438 0.215625 0.509375
1 0.00154305 0.2 0.271875 0.0875 0.39375
0 0.00218391 0.525 0.565625 0.2125 0.45
1 0.00219154 0.071875 0.584375 0.10625 0.63125
1 0.002388 0.948438 0.1 0.096875 0.18125
0 0.00432205 0.946875 0.0984375 0.10625 0.178125
0 0.00579071 0.7125 0.253125 0.21875 0.475
1 0.00600052 0.717188 0.260938 0.240625 0.515625
1 0.92627 0.292188 0.235938 0.196875 0.409375
