0 0.00115204 0.528125 0.570312 0.21875 0.428125
2 0.00131035 0.129688 0.0171875 0.196875 0.034375
1 0.0016737 0.95 0.0984375 0.1 0.184375
2 0.00172806 0.2125 0.920313 0.1125 0.146875
2 0.00179195 0.960938 0.11875 0.078125 0.2375
2 0.00211525 0.040625 0.595312 0.075 0.234375
1 0.00224686 0.328125 0.35625 0.275 0.55
0 0.00234604 0.946875 0.0984375 0.10625 0.178125
0 0.00251961 0.473437 0.46875 0.178125 0.41875
1 0.0037632 0.1125 0.273438 0.20625 0.546875
2 0.00797272 0.09375 0.614062 0.1875 0.265625
2 0.00914001 0.0390625 0.90625 0.078125 0.1875
2 0.0136642 0.125 0.921875 0.20625 0.15625
2 0.01474 0.034375 0.732813 0.06875 0.496875
2 0.931152 0.128125 0.735937 0.25 0.528125
