1 0.00100231 0.371875 0.104687 0.1625 0.190625
1 0.00125504 0.514063 0.671875 0.184375 0.25
0 0.00133705 0.514063 0.246875 0.159375 0.46875
0 0.00169277 0.0359375 0.579687 0.059375 0.609375
0 0.00187397 0.132812 0.582812 0.228125 0.696875
2 0.00201988 0.50625 0.670313 0.2375 0.384375
0 0.00257492 0.367188 0.0875 0.165625 0.15625
1 0.0027771 0.0671875 0.578125 0.096875 0.63125
2 0.00294304 0.478125 0.81875 0.15625 0.3375
1 0.00309372 0.5625 0.126563 0.1625 0.228125
0 0.00349426 0.514063 0.671875 0.190625 0.26875
0 0.00404358 0.5625 0.13125 0.1625 0.225
0 0.00516891 0.0703125 0.576563 0.109375 0.671875
0 0.00627518 0.317187 0.13125 0.165625 0.23125
1 0.00802612 0.317187 0.123438 0.171875 0.221875
0 0.0135574 0.417188 0.270312 0.196875 0.478125
0 0.0254974 0.259375 0.2 0.16875 0.35
1 0.158325 0.520312 0.234375 0.146875 0.4375
1 0.755859 0.260938 0.203125 0.171875 0.35625
1 0.846191 0.417188 0.270312 0.196875 0.471875
