0 0.00115585 0.584375 0.1625 0.11875 0.2375
1 0.0013237 0.829687 0.021875 0.159375 0.04375
0 0.00145626 0.564062 0.565625 0.221875 0.45625
2 0.00174522 0.246875 0.9125 0.125 0.1625
1 0.00174999 0.951563 0.0875 0.096875 0.1625
2 0.00176334 0.121875 0.0171875 0.1875 0.034375
1 0.0018158 0.417188 0.460938 0.278125 0.565625
0 0.00201225 0.692187 0.565625 0.209375 0.45625
0 0.00207901 0.153125 0.754687 0.26875 0.446875
2 0.00234985 0.170312 0.91875 0.209375 0.15
0 0.00272942 0.41875 0.459375 0.25 0.5
2 0.00289345 0.9625 0.0953125 0.075 0.178125
1 0.00383377 0.103125 0.342187 0.18125 0.546875
2 0.00887299 0.215625 0.875 0.1375 0.23125
2 0.0700684 0.0359375 0.775 0.071875 0.41875
2 0.878418 0.145313 0.7625 0.278125 0.45
