0 0.00101089 0.446875 0.55 0.28125 0.625
0 0.00119209 0.482812 0.651563 0.215625 0.359375
1 0.00121689 0.425 0.476562 0.275 0.553125
2 0.00182056 0.964063 0.1 0.071875 0.2
1 0.00187588 0.071875 0.36875 0.14375 0.6875
1 0.00204468 0.828125 0.021875 0.15625 0.04375
0 0.00284576 0.946875 0.0953125 0.10625 0.178125
1 0.00293541 0.948438 0.096875 0.096875 0.18125
0 0.00306892 0.471875 0.46875 0.18125 0.4125
2 0.00421143 0.034375 0.79375 0.06875 0.39375
2 0.00480652 0.132812 0.01875 0.196875 0.0375
0 0.00551224 0.0375 0.448438 0.06875 0.628125
1 0.00584793 0.109375 0.6375 0.175 0.66875
0 0.00710297 0.525 0.565625 0.2 0.4125
0 0.0131912 0.101562 0.63125 0.159375 0.6375
0 0.179321 0.046875 0.63125 0.0875 0.675
2 0.202515 0.046875 0.6625 0.0875 0.61875
1 0.393311 0.046875 0.63125 0.0875 0.6375
