0 0.00103188 0.109375 0.589063 0.15625 0.590625
2 0.00104046 0.964063 0.0984375 0.071875 0.178125
1 0.00107479 0.45625 0.171875 0.1125 0.31875
2 0.00112534 0.485938 0.673437 0.215625 0.265625
0 0.00136471 0.490625 0.673437 0.21875 0.284375
2 0.00139523 0.128125 0.01875 0.20625 0.0375
1 0.0014286 0.95 0.0984375 0.1 0.184375
0 0.001647 0.946875 0.1 0.10625 0.18125
0 0.00197029 0.582812 0.164062 0.121875 0.253125
0 0.00202751 0.442187 0.535937 0.259375 0.471875
1 0.00232315 0.823438 0.0234375 0.165625 0.046875
0 0.00234795 0.69375 0.564062 0.2125 0.490625
2 0.00242615 0.470313 0.81875 0.159375 0.35
0 0.00262833 0.0421875 0.58125 0.078125 0.6625
1 0.00266457 0.429688 0.496875 0.278125 0.46875
1 0.00448608 0.0703125 0.585938 0.109375 0.665625
0 0.00468445 0.53125 0.571875 0.20625 0.4375
0 0.0111923 0.395312 0.19375 0.190625 0.3625
1 0.831055 0.3875 0.196875 0.1875 0.35625
