0 0.00104141 0.69375 0.617188 0.175 0.334375
0 0.0011692 0.478125 0.473437 0.175 0.390625
2 0.00127125 0.123438 0.01875 0.190625 0.0375
1 0.00131512 0.028125 0.54375 0.05625 0.4
1 0.00158215 0.832812 0.021875 0.146875 0.04375
1 0.00164795 0.1125 0.642187 0.15625 0.496875
0 0.00230217 0.732813 0.270312 0.159375 0.459375
1 0.00291634 0.0609375 0.540625 0.109375 0.48125
2 0.00331879 0.95625 0.109375 0.0875 0.21875
2 0.00391388 0.139062 0.920313 0.109375 0.153125
0 0.00469589 0.946875 0.104687 0.10625 0.209375
2 0.0092392 0.059375 0.596875 0.10625 0.375
2 0.00985718 0.0375 0.710938 0.075 0.478125
1 0.0117874 0.948438 0.0984375 0.096875 0.190625
1 0.026886 0.046875 0.751562 0.09375 0.459375
2 0.0836182 0.0828125 0.91875 0.146875 0.15
2 0.781738 0.084375 0.751562 0.1625 0.478125
