0 0.00104427 0.376563 0.521875 0.215625 0.525
1 0.00104904 0.823438 0.0234375 0.159375 0.046875
0 0.00105095 0.0328125 0.58125 0.053125 0.6
0 0.0010519 0.690625 0.5625 0.2125 0.4625
1 0.00116158 0.0703125 0.58125 0.103125 0.63125
2 0.00131607 0.125 0.01875 0.1875 0.0375
0 0.0013895 0.276563 0.526563 0.209375 0.528125
2 0.00143147 0.271875 0.803125 0.1875 0.31875
1 0.00168705 0.129688 0.357812 0.234375 0.715625
0 0.00275421 0.146875 0.5625 0.24375 0.725
0 0.00457764 0.0734375 0.579687 0.115625 0.671875
0 0.00722504 0.946875 0.096875 0.10625 0.18125
1 0.00788879 0.946875 0.0953125 0.1 0.184375
2 0.0479736 0.235938 0.878125 0.190625 0.23125
2 0.878418 0.3625 0.825 0.3375 0.34375
