1 0.00100136 0.298438 0.667188 0.140625 0.459375
2 0.00146008 0.179688 0.03125 0.215625 0.05625
1 0.0014658 0.232812 0.0453125 0.171875 0.078125
0 0.00159168 0.123438 0.573438 0.203125 0.759375
2 0.0018568 0.096875 0.857813 0.15 0.265625
2 0.00190735 0.260938 0.0359375 0.178125 0.059375
2 0.00191593 0.125 0.021875 0.21875 0.04375
1 0.00239372 0.065625 0.582812 0.09375 0.634375
2 0.00245094 0.0578125 0.948438 0.103125 0.090625
2 0.00339699 0.0890625 0.882812 0.084375 0.209375
0 0.00379944 0.0359375 0.584375 0.065625 0.60625
0 0.00642395 0.410937 0.392188 0.184375 0.209375
2 0.00671387 0.059375 0.660937 0.09375 0.678125
1 0.00981903 0.39375 0.396875 0.19375 0.24375
0 0.0265808 0.0625 0.659375 0.125 0.68125
2 0.0340576 0.396875 0.64375 0.23125 0.56875
2 0.44165 0.05 0.845312 0.1 0.309375
1 0.691895 0.404687 0.614062 0.234375 0.615625
