1 0.00114632 0.354688 0.389062 0.171875 0.215625
1 0.00153351 0.078125 0.5875 0.11875 0.625
0 0.00164795 0.946875 0.096875 0.10625 0.175
1 0.00190163 0.5 0.64375 0.13125 0.175
0 0.00210762 0.671875 0.146875 0.1875 0.29375
0 0.00391769 0.0796875 0.582812 0.128125 0.665625
1 0.00479507 0.459375 0.567187 0.1375 0.371875
1 0.00975037 0.417188 0.11875 0.159375 0.2375
0 0.0196533 0.41875 0.114063 0.14375 0.215625
2 0.0310669 0.35 0.54375 0.21875 0.55
0 0.14978 0.582812 0.142188 0.128125 0.259375
1 0.237427 0.58125 0.129688 0.1375 0.253125
1 0.936523 0.351562 0.551562 0.221875 0.546875
