1 0.00101566 0.829687 0.021875 0.165625 0.04375
1 0.00103569 0.525 0.61875 0.16875 0.3375
1 0.0010891 0.471875 0.673437 0.1375 0.240625
0 0.0011158 0.50625 0.714063 0.21875 0.478125
0 0.00115585 0.123438 0.025 0.190625 0.05
0 0.00130367 0.4625 0.825 0.14375 0.3
0 0.0015564 0.585938 0.059375 0.190625 0.11875
1 0.0015831 0.86875 0.346875 0.21875 0.53125
0 0.00169563 0.734375 0.60625 0.18125 0.3625
0 0.00169754 0.071875 0.58125 0.1125 0.6625
0 0.00179386 0.220313 0.0328125 0.159375 0.065625
1 0.00188351 0.221875 0.689062 0.1375 0.415625
0 0.00200081 0.214062 0.685938 0.203125 0.453125
0 0.00209045 0.278125 0.0625 0.14375 0.125
2 0.0021801 0.4625 0.825 0.13125 0.31875
0 0.00225258 0.08125 0.0375 0.1375 0.075
0 0.00257301 0.423438 0.0875 0.171875 0.16875
0 0.00266075 0.676562 0.0375 0.184375 0.075
0 0.00369835 0.471875 0.675 0.15 0.26875
2 0.00392532 0.510938 0.659375 0.253125 0.48125
2 0.00415039 0.96875 0.101562 0.0625 0.184375
0 0.0042305 0.226562 0.071875 0.140625 0.14375
0 0.00526428 0.0671875 0.0859375 0.121875 0.159375
0 0.00544739 0.53125 0.673437 0.15625 0.290625
0 0.00567627 0.0328125 0.078125 0.065625 0.15625
0 0.00930023 0.679688 0.08125 0.184375 0.15625
0 0.00991821 0.95 0.096875 0.1 0.18125
0 0.0449829 0.332812 0.148438 0.134375 0.278125
0 0.0948486 0.264062 0.235938 0.209375 0.440625
1 0.218262 0.340625 0.184375 0.15 0.33125
0 0.259766 0.378125 0.18125 0.13125 0.325
0 0.352295 0.675 0.273438 0.1875 0.496875
1 0.424561 0.526563 0.251563 0.178125 0.446875
1 0.756836 0.678125 0.270312 0.19375 0.484375
1 0.768066 0.265625 0.235938 0.20625 0.434375
0 0.791016 0.525 0.254687 0.16875 0.459375
