1 0.00115776 0.40625 0.43125 0.10625 0.43125
1 0.00124454 0.46875 0.6125 0.1625 0.28125
0 0.00124836 0.034375 0.36875 0.0625 0.61875
1 0.00137234 0.657812 0.15625 0.159375 0.2875
0 0.00261116 0.040625 0.571875 0.075 0.675
0 0.00301361 0.746875 0.251563 0.225 0.459375
0 0.0039444 0.315625 0.453125 0.21875 0.55
0 0.00780487 0.128125 0.523438 0.225 0.690625
0 0.0121155 0.659375 0.157813 0.16875 0.303125
0 0.0124664 0.0734375 0.371875 0.134375 0.68125
1 0.0541687 0.459375 0.135937 0.13125 0.259375
0 0.191406 0.459375 0.135937 0.13125 0.265625
1 0.204956 0.584375 0.145313 0.16875 0.290625
0 0.387207 0.585938 0.151562 0.165625 0.290625
1 0.885254 0.326562 0.460938 0.215625 0.540625
