0 0.00102711 0.034375 0.292188 0.0625 0.584375
2 0.0010891 0.13125 0.814062 0.2 0.221875
0 0.00159454 0.634375 0.0265625 0.20625 0.053125
0 0.00169086 0.6875 0.607813 0.175 0.303125
0 0.00193882 0.034375 0.084375 0.06875 0.16875
2 0.00220108 0.553125 0.648438 0.3375 0.465625
1 0.00229645 0.378125 0.192188 0.15 0.321875
0 0.00238419 0.06875 0.071875 0.13125 0.14375
0 0.00275993 0.1375 0.370313 0.20625 0.396875
0 0.00285149 0.2625 0.48125 0.2 0.3625
0 0.00335121 0.185937 0.4375 0.209375 0.225
0 0.00409698 0.560938 0.576563 0.296875 0.390625
0 0.00508118 0.28125 0.04375 0.19375 0.0875
0 0.00645065 0.071875 0.321875 0.1375 0.6125
0 0.00673294 0.096875 0.61875 0.1375 0.6375
1 0.0130005 0.132812 0.629687 0.171875 0.578125
0 0.0409241 0.23125 0.0875 0.175 0.16875
0 0.0731201 0.404687 0.18125 0.140625 0.3125
1 0.270508 0.34375 0.282813 0.21875 0.509375
1 0.306152 0.217187 0.640625 0.278125 0.55
1 0.387207 0.621875 0.225 0.2125 0.425
0 0.643555 0.209375 0.625 0.29375 0.575
0 0.730957 0.623438 0.226562 0.209375 0.428125
0 0.753906 0.339063 0.28125 0.215625 0.5125
