1 0.00155354 0.821875 0.021875 0.16875 0.04375
2 0.00179577 0.959375 0.101562 0.08125 0.203125
0 0.00200272 0.770312 0.30625 0.259375 0.5875
0 0.00201988 0.15625 0.459375 0.25625 0.81875
2 0.00226593 0.129688 0.0171875 0.196875 0.034375
0 0.0037384 0.0359375 0.584375 0.065625 0.6
0 0.00516129 0.232812 0.564062 0.265625 0.690625
1 0.00734329 0.948438 0.101562 0.096875 0.190625
0 0.00782013 0.946875 0.1 0.10625 0.1875
1 0.00862885 0.065625 0.584375 0.09375 0.6125
0 0.0183868 0.0671875 0.58125 0.103125 0.64375
1 0.197266 0.509375 0.65 0.1875 0.55
2 0.298096 0.50625 0.659375 0.1875 0.54375
0 0.688965 0.514063 0.65625 0.178125 0.55
