0 0.00114727 0.86875 0.626562 0.18125 0.465625
1 0.00131226 0.271875 0.429688 0.20625 0.409375
0 0.0013237 0.034375 0.579687 0.05625 0.609375
1 0.00160217 0.065625 0.576563 0.09375 0.634375
2 0.00165558 0.557813 0.673437 0.290625 0.628125
2 0.00169945 0.95625 0.9125 0.08125 0.175
0 0.00173092 0.965625 0.18125 0.06875 0.3625
0 0.00295639 0.26875 0.460938 0.21875 0.421875
0 0.00319672 0.960938 0.792188 0.078125 0.346875
2 0.00320816 0.865625 0.964063 0.24375 0.071875
0 0.00397873 0.5625 0.4875 0.2 0.2625
0 0.00432205 0.934375 0.325 0.13125 0.5625
2 0.0044136 0.471875 0.9625 0.15625 0.0625
2 0.00463486 0.478125 0.9375 0.18125 0.0875
2 0.00475311 0.74375 0.95625 0.125 0.075
0 0.00476456 0.0671875 0.573438 0.109375 0.678125
0 0.00517273 0.85 0.24375 0.2625 0.4875
2 0.00603485 0.9625 0.825 0.06875 0.3375
2 0.00849152 0.88125 0.739062 0.2125 0.346875
0 0.0130768 0.914062 0.746875 0.165625 0.29375
0 0.0170593 0.946875 0.0953125 0.10625 0.184375
2 0.020874 0.798437 0.696875 0.234375 0.5625
2 0.0270233 0.776563 0.921875 0.178125 0.14375
0 0.0506287 0.814062 0.5 0.209375 0.28125
0 0.0641479 0.228125 0.54375 0.2625 0.69375
0 0.0848999 0.24375 0.16875 0.15 0.28125
0 0.750488 0.804688 0.645312 0.215625 0.546875
1 0.800781 0.24375 0.167187 0.15625 0.290625
2 0.845703 0.846875 0.828125 0.29375 0.33125
0 0.858887 0.55625 0.659375 0.225 0.61875
