2 0.00103092 0.465625 0.809375 0.21875 0.38125
0 0.00103951 0.04375 0.585938 0.075 0.628125
1 0.00104523 0.834375 0.2625 0.23125 0.4875
2 0.00111675 0.7125 0.85625 0.1875 0.28125
1 0.00152874 0.48125 0.567187 0.2125 0.453125
0 0.00160503 0.84375 0.335938 0.24375 0.540625
2 0.0017643 0.95625 0.115625 0.0875 0.23125
2 0.00214195 0.125 0.01875 0.1875 0.0375
0 0.00222206 0.970312 0.75 0.059375 0.34375
1 0.00250053 0.95 0.096875 0.09375 0.18125
1 0.0028019 0.071875 0.5875 0.10625 0.61875
2 0.00298119 0.965625 0.9375 0.06875 0.125
1 0.00354004 0.8625 0.739062 0.2375 0.278125
0 0.00387383 0.948438 0.096875 0.103125 0.18125
2 0.00483322 0.939062 0.915625 0.121875 0.1625
2 0.00558472 0.726562 0.954687 0.159375 0.084375
0 0.00613785 0.929688 0.8125 0.140625 0.3625
0 0.0127792 0.484375 0.567187 0.2125 0.465625
2 0.015976 0.928125 0.814062 0.14375 0.365625
2 0.0501404 0.792188 0.915625 0.290625 0.15625
2 0.0717773 0.970312 0.820312 0.059375 0.359375
2 0.112488 0.870313 0.740625 0.221875 0.275
0 0.165039 0.871875 0.740625 0.21875 0.275
2 0.834473 0.815625 0.835938 0.33125 0.321875
