0 0.00101948 0.832812 0.339063 0.234375 0.565625
1 0.00121689 0.832812 0.0203125 0.153125 0.040625
2 0.0013113 0.484375 0.760938 0.21875 0.478125
1 0.00139523 0.826563 0.278125 0.215625 0.5125
2 0.00146103 0.473437 0.81875 0.115625 0.30625
2 0.00150967 0.0375 0.585938 0.075 0.271875
2 0.00171661 0.0515625 0.95 0.103125 0.0875
0 0.00566483 0.0875 0.303125 0.175 0.55
2 0.00637817 0.08125 0.548437 0.14375 0.209375
2 0.00937653 0.104687 0.948438 0.121875 0.096875
1 0.013031 0.0875 0.3 0.175 0.54375
2 0.0231323 0.04375 0.725 0.0875 0.5125
2 0.0351257 0.0796875 0.917188 0.146875 0.159375
1 0.845703 0.3125 0.29375 0.21875 0.49375
2 0.924316 0.096875 0.725 0.19375 0.55
