0 0.00100899 0.884375 0.053125 0.16875 0.10625
0 0.00110912 0.546875 0.585938 0.13125 0.465625
1 0.00111389 0.678125 0.496875 0.26875 0.50625
2 0.00147438 0.454688 0.84375 0.240625 0.3
2 0.00153542 0.128125 0.01875 0.20625 0.0375
0 0.00158215 0.275 0.573438 0.20625 0.571875
1 0.00185585 0.598437 0.645312 0.246875 0.503125
0 0.00261307 0.723437 0.646875 0.215625 0.36875
0 0.00282669 0.728125 0.245312 0.19375 0.259375
0 0.00297165 0.676562 0.523438 0.165625 0.484375
1 0.00310516 0.729688 0.38125 0.221875 0.5125
0 0.00310898 0.940625 0.23125 0.11875 0.4625
0 0.00341797 0.59375 0.440625 0.2 0.21875
1 0.0034256 0.0765625 0.579687 0.109375 0.603125
0 0.0057106 0.0765625 0.576563 0.121875 0.628125
1 0.0130386 0.5625 0.134375 0.1375 0.24375
0 0.0245514 0.940625 0.090625 0.11875 0.18125
0 0.302002 0.571875 0.135937 0.14375 0.253125
0 0.800781 0.739062 0.4 0.203125 0.55
0 0.847656 0.6 0.614062 0.25 0.553125
