2 0.00104237 0.0703125 0.603125 0.096875 0.59375
0 0.0010767 0.110937 0.592188 0.146875 0.571875
0 0.00112343 0.679688 0.664062 0.178125 0.353125
1 0.00143528 0.0390625 0.585938 0.065625 0.578125
2 0.00153828 0.48125 0.664062 0.21875 0.265625
1 0.00154495 0.828125 0.021875 0.15625 0.04375
0 0.00163078 0.734375 0.240625 0.18125 0.4375
2 0.00181484 0.125 0.01875 0.1875 0.0375
1 0.0020237 0.4875 0.567187 0.2125 0.428125
0 0.00224495 0.0453125 0.584375 0.078125 0.625
2 0.00267792 0.967188 0.1 0.065625 0.1875
1 0.00289726 0.951563 0.0984375 0.090625 0.184375
0 0.00329971 0.95 0.0984375 0.1 0.184375
1 0.00382042 0.126563 0.565625 0.190625 0.65625
1 0.0059166 0.0703125 0.589063 0.103125 0.621875
0 0.00780487 0.525 0.570312 0.2 0.440625
0 0.040863 0.414062 0.148438 0.153125 0.259375
1 0.804688 0.4125 0.153125 0.15625 0.25
