2 0.00107479 0.5125 0.634375 0.2875 0.45625
2 0.00110817 0.123438 0.01875 0.196875 0.0375
0 0.00128841 0.967188 0.065625 0.065625 0.13125
2 0.00131607 0.939062 0.226562 0.109375 0.453125
0 0.00164223 0.967188 0.228125 0.065625 0.45625
1 0.00271797 0.476562 0.573438 0.246875 0.496875
1 0.00276184 0.0734375 0.582812 0.109375 0.621875
0 0.00300598 0.51875 0.625 0.2375 0.4
1 0.00356293 0.810938 0.23125 0.115625 0.425
0 0.00403976 0.864062 0.221875 0.121875 0.44375
0 0.00535202 0.767187 0.11875 0.165625 0.225
0 0.00719833 0.8125 0.23125 0.125 0.425
0 0.030365 0.410937 0.201562 0.203125 0.371875
0 0.0322571 0.945312 0.0890625 0.109375 0.178125
0 0.172119 0.71875 0.229687 0.2125 0.446875
1 0.736816 0.720312 0.229687 0.215625 0.440625
1 0.776367 0.409375 0.198437 0.2125 0.371875
