2 0.00111389 0.532812 0.960938 0.121875 0.065625
0 0.00136852 0.326562 0.521875 0.190625 0.46875
2 0.00153446 0.592188 0.951563 0.134375 0.084375
2 0.00171661 0.06875 0.49375 0.125 0.30625
0 0.00184917 0.870313 0.539062 0.196875 0.571875
1 0.00191116 0.0640625 0.45 0.109375 0.38125
2 0.00213432 0.709375 0.953125 0.13125 0.0875
2 0.00214577 0.0453125 0.909375 0.084375 0.18125
0 0.00242233 0.15 0.673437 0.13125 0.578125
0 0.00292587 0.0984375 0.642187 0.165625 0.496875
2 0.00312805 0.959375 0.115625 0.08125 0.225
1 0.00383949 0.1625 0.6375 0.13125 0.5125
2 0.00408936 0.59375 0.615625 0.21875 0.29375
1 0.00470352 0.071875 0.28125 0.14375 0.525
1 0.00477982 0.232812 0.314063 0.209375 0.584375
1 0.00508881 0.953125 0.1 0.09375 0.1875
1 0.00526428 0.223438 0.220313 0.103125 0.328125
1 0.00608826 0.179688 0.264062 0.153125 0.453125
0 0.00649643 0.95 0.101562 0.1 0.184375
0 0.0066185 0.40625 0.453125 0.24375 0.46875
0 0.00741577 0.84375 0.360938 0.24375 0.609375
2 0.00942993 0.201562 0.075 0.153125 0.14375
0 0.00975037 0.754687 0.260938 0.234375 0.490625
2 0.0106049 0.542188 0.734375 0.121875 0.50625
2 0.0662842 0.634375 0.93125 0.2 0.1375
2 0.111084 0.08125 0.88125 0.14375 0.225
1 0.241699 0.217187 0.1 0.115625 0.15
1 0.444824 0.0859375 0.696875 0.165625 0.59375
2 0.789551 0.0875 0.696875 0.16875 0.59375
2 0.94873 0.63125 0.726562 0.28125 0.509375
