2 0.0010252 0.371875 0.917188 0.10625 0.165625
1 0.00111198 0.942187 0.123438 0.115625 0.240625
1 0.00132847 0.526563 0.54375 0.215625 0.18125
0 0.00140858 0.314063 0.742188 0.146875 0.471875
0 0.00150013 0.829687 0.34375 0.240625 0.5625
1 0.00159836 0.820312 0.0234375 0.171875 0.046875
2 0.00166702 0.220313 0.965625 0.209375 0.06875
2 0.00166988 0.51875 0.964063 0.21875 0.065625
2 0.00170898 0.279687 0.93125 0.159375 0.1375
2 0.00195503 0.16875 0.639063 0.2625 0.228125
2 0.00229454 0.123438 0.0171875 0.190625 0.034375
0 0.00246048 0.95 0.103125 0.1 0.1875
2 0.00262833 0.0765625 0.903125 0.115625 0.19375
2 0.0027771 0.309375 0.771875 0.1375 0.44375
2 0.00279999 0.959375 0.11875 0.08125 0.2375
1 0.00313187 0.123438 0.329688 0.203125 0.578125
0 0.00475693 0.525 0.567187 0.225 0.184375
2 0.00563812 0.040625 0.870313 0.075 0.259375
0 0.0057373 0.585938 0.16875 0.121875 0.24375
2 0.00662994 0.329688 0.875 0.103125 0.25
2 0.013031 0.08125 0.775 0.1125 0.44375
2 0.0153885 0.525 0.56875 0.225 0.19375
2 0.027771 0.382812 0.810938 0.096875 0.378125
2 0.118469 0.426562 0.778125 0.165625 0.4375
2 0.885742 0.19375 0.764063 0.325 0.471875
2 0.88916 0.514063 0.740625 0.334375 0.51875
