1 0.00147724 0.835938 0.345313 0.265625 0.640625
2 0.00170898 0.959375 0.1 0.08125 0.2
0 0.0020256 0.734375 0.285937 0.13125 0.415625
0 0.00208664 0.520312 0.5625 0.203125 0.40625
0 0.00222397 0.478125 0.465625 0.1875 0.43125
2 0.002388 0.128125 0.01875 0.2 0.0375
0 0.00240707 0.835938 0.342187 0.240625 0.578125
1 0.00257683 0.071875 0.585938 0.1125 0.621875
0 0.00653458 0.945312 0.096875 0.109375 0.18125
1 0.00666046 0.946875 0.096875 0.1 0.18125
2 0.0178223 0.50625 0.760938 0.275 0.478125
2 0.610352 0.526563 0.971875 0.215625 0.05
