0 0.00128269 0.946875 0.0875 0.10625 0.1625
1 0.00131416 0.8 0.275 0.23125 0.525
2 0.00213814 0.129688 0.0171875 0.209375 0.034375
0 0.00324249 0.0375 0.579687 0.0625 0.590625
1 0.00369835 0.828125 0.021875 0.16875 0.04375
1 0.00631332 0.071875 0.579687 0.11875 0.621875
0 0.0071907 0.7625 0.31875 0.2625 0.59375
0 0.0210114 0.139062 0.557813 0.228125 0.703125
0 0.0290833 0.075 0.575 0.125 0.65
0 0.0697021 0.442187 0.592188 0.228125 0.546875
2 0.0791016 0.439063 0.598437 0.234375 0.553125
1 0.695312 0.442187 0.596875 0.234375 0.55625
