2 0.00100517 0.903125 0.951563 0.11875 0.096875
0 0.00105476 0.760938 0.625 0.228125 0.2625
2 0.00114346 0.896875 0.85625 0.14375 0.2875
2 0.00115681 0.625 0.778125 0.2125 0.39375
1 0.00139999 0.260938 0.621875 0.196875 0.5125
0 0.00164795 0.620313 0.679688 0.184375 0.271875
0 0.00175762 0.351562 0.460938 0.259375 0.559375
1 0.00186157 0.83125 0.021875 0.1625 0.04375
1 0.00226021 0.114063 0.621875 0.159375 0.59375
2 0.002388 0.125 0.01875 0.2 0.0375
1 0.00252724 0.951563 0.110937 0.090625 0.215625
2 0.00283432 0.826563 0.957812 0.196875 0.078125
2 0.00294113 0.960938 0.10625 0.078125 0.20625
0 0.00324631 0.845312 0.339063 0.246875 0.553125
0 0.00333786 0.265625 0.621875 0.20625 0.5375
1 0.0038662 0.06875 0.590625 0.09375 0.60625
0 0.00419998 0.445312 0.485938 0.234375 0.471875
0 0.00426102 0.759375 0.771875 0.34375 0.45625
0 0.00491333 0.0703125 0.585938 0.103125 0.634375
2 0.00523376 0.68125 0.639063 0.23125 0.215625
0 0.00551605 0.75625 0.264062 0.25 0.471875
0 0.00570297 0.13125 0.571875 0.21875 0.7
0 0.00629044 0.517187 0.746875 0.265625 0.21875
2 0.00683594 0.4375 0.859375 0.15625 0.26875
0 0.0122757 0.95 0.101562 0.1 0.190625
2 0.0143814 0.865625 0.929688 0.125 0.134375
0 0.0198975 0.68125 0.6375 0.2375 0.225
2 0.763672 0.748438 0.765625 0.353125 0.46875
2 0.851074 0.525 0.81875 0.33125 0.35625
