1 0.00111771 0.196875 0.495313 0.19375 0.290625
2 0.00128746 0.364062 0.910937 0.128125 0.171875
2 0.00130272 0.517187 0.95625 0.190625 0.08125
2 0.00132084 0.06875 0.90625 0.1375 0.16875
1 0.00132942 0.81875 0.021875 0.16875 0.04375
2 0.00135612 0.373437 0.685938 0.121875 0.496875
2 0.00137615 0.065625 0.0703125 0.10625 0.140625
2 0.00291443 0.30625 0.682813 0.13125 0.540625
2 0.00320244 0.475 0.5375 0.2 0.20625
2 0.00391769 0.965625 0.0953125 0.06875 0.178125
0 0.0042572 0.207813 0.103125 0.128125 0.1875
2 0.00558853 0.228125 0.873438 0.14375 0.234375
0 0.00883484 0.948438 0.0953125 0.103125 0.178125
0 0.00999451 0.76875 0.320312 0.275 0.603125
1 0.0140839 0.21875 0.2625 0.125 0.425
1 0.0174561 0.2375 0.682813 0.2375 0.584375
2 0.0177612 0.20625 0.0765625 0.15625 0.146875
1 0.0228729 0.485938 0.689062 0.253125 0.503125
2 0.0447388 0.96875 0.889063 0.0625 0.221875
2 0.0466309 0.492188 0.903125 0.215625 0.19375
2 0.0870361 0.946875 0.928125 0.10625 0.14375
1 0.1604 0.220313 0.09375 0.128125 0.15625
2 0.861816 0.232812 0.692187 0.228125 0.603125
2 0.882812 0.48125 0.717188 0.25625 0.553125
