0 0.00141621 0.948438 0.096875 0.103125 0.175
0 0.00144672 0.253125 0.6125 0.19375 0.51875
0 0.00169563 0.907812 0.685938 0.146875 0.465625
1 0.00182438 0.071875 0.584375 0.1 0.6125
2 0.00224304 0.126563 0.01875 0.196875 0.0375
0 0.0025959 0.071875 0.582812 0.1125 0.646875
2 0.0027504 0.78125 0.96875 0.19375 0.0625
0 0.00410843 0.835938 0.335938 0.253125 0.553125
0 0.00429535 0.426562 0.476562 0.240625 0.459375
0 0.00701523 0.814062 0.620313 0.153125 0.371875
2 0.0105057 0.734375 0.585938 0.25625 0.246875
2 0.0179749 0.84375 0.9375 0.14375 0.125
2 0.0219879 0.635938 0.771875 0.115625 0.44375
0 0.0324707 0.75625 0.58125 0.2125 0.25625
2 0.0445251 0.88125 0.879687 0.1375 0.240625
2 0.768555 0.940625 0.85625 0.11875 0.2875
2 0.885742 0.739062 0.7375 0.309375 0.51875
