1 0.00102043 0.5125 0.121875 0.1625 0.2375
1 0.00107574 0.476562 0.2625 0.146875 0.36875
0 0.00139999 0.48125 0.465625 0.1875 0.40625
0 0.00147533 0.525 0.567187 0.2125 0.409375
0 0.00187492 0.948438 0.10625 0.103125 0.2125
2 0.00189209 0.123438 0.0171875 0.184375 0.034375
2 0.00191402 0.959375 0.103125 0.08125 0.20625
2 0.00252533 0.05625 0.90625 0.075 0.16875
2 0.0030632 0.04375 0.848437 0.0875 0.290625
0 0.00321388 0.059375 0.49375 0.10625 0.43125
1 0.00335121 0.05625 0.492188 0.09375 0.428125
1 0.00485992 0.95 0.101562 0.09375 0.190625
0 0.00683212 0.464063 0.1125 0.165625 0.2
0 0.00733948 0.0484375 0.653125 0.090625 0.50625
1 0.0138245 0.428125 0.11875 0.1875 0.21875
2 0.749023 0.0546875 0.695312 0.109375 0.609375
