2 0.00114441 0.526563 0.954687 0.140625 0.071875
1 0.00135612 0.920313 0.367188 0.159375 0.603125
1 0.0013628 0.110937 0.342187 0.190625 0.634375
2 0.00136852 0.0390625 0.56875 0.078125 0.4375
2 0.00139713 0.107813 0.6875 0.128125 0.3875
0 0.0016222 0.773438 0.470313 0.178125 0.496875
2 0.00173187 0.482812 0.934375 0.171875 0.125
2 0.00178719 0.964063 0.917188 0.071875 0.159375
0 0.00208664 0.710938 0.78125 0.378125 0.4125
0 0.0024395 0.9125 0.428125 0.175 0.65
0 0.00245476 0.128125 0.573438 0.21875 0.653125
2 0.00272179 0.209375 0.917188 0.09375 0.146875
2 0.00287437 0.125 0.01875 0.19375 0.0375
1 0.0029583 0.0640625 0.564062 0.115625 0.496875
0 0.00340652 0.35625 0.539062 0.325 0.709375
2 0.00385666 0.182812 0.923437 0.059375 0.134375
2 0.0039444 0.167187 0.820312 0.078125 0.321875
0 0.0043335 0.0703125 0.515625 0.115625 0.55625
0 0.00476837 0.825 0.78125 0.24375 0.4375
0 0.00531006 0.94375 0.103125 0.1125 0.20625
2 0.00543594 0.498437 0.845312 0.184375 0.309375
0 0.0089798 0.521875 0.571875 0.20625 0.50625
1 0.00997162 0.946875 0.0984375 0.10625 0.190625
1 0.0134125 0.810938 0.34375 0.290625 0.66875
2 0.013649 0.896875 0.915625 0.15625 0.16875
0 0.0148392 0.4375 0.567187 0.225 0.496875
2 0.0187836 0.546875 0.878125 0.1375 0.2375
0 0.0291443 0.721875 0.676562 0.26875 0.228125
2 0.0552063 0.58125 0.821875 0.1875 0.35625
2 0.0857544 0.0578125 0.695312 0.115625 0.240625
0 0.0982056 0.765625 0.328125 0.275 0.65
2 0.767578 0.0953125 0.80625 0.190625 0.375
2 0.885742 0.725 0.785937 0.4375 0.421875
