0 0.00104904 0.764063 0.234375 0.165625 0.39375
1 0.0014286 0.8125 0.260938 0.225 0.490625
1 0.00147915 0.832812 0.021875 0.171875 0.04375
0 0.00208473 0.309375 0.2625 0.20625 0.45625
0 0.00220299 0.210938 0.49375 0.209375 0.36875
0 0.00232887 0.945312 0.09375 0.109375 0.16875
1 0.00233841 0.946875 0.09375 0.1 0.16875
1 0.0023613 0.114063 0.260938 0.209375 0.521875
0 0.00250626 0.090625 0.623438 0.10625 0.590625
0 0.00256538 0.5875 0.170312 0.125 0.234375
0 0.00265503 0.753125 0.26875 0.275 0.53125
0 0.00318336 0.265625 0.532812 0.1375 0.490625
1 0.00466537 0.310937 0.264062 0.228125 0.503125
0 0.00632858 0.078125 0.364062 0.15 0.578125
0 0.00746155 0.476562 0.5375 0.265625 0.50625
0 0.484863 0.179688 0.676562 0.259375 0.628125
2 0.838379 0.179688 0.678125 0.259375 0.63125
