1 0.00102997 0.125 0.335938 0.2 0.646875
2 0.00103378 0.56875 0.735937 0.2625 0.409375
2 0.0010643 0.807813 0.8125 0.221875 0.375
1 0.00120068 0.828125 0.021875 0.16875 0.04375
0 0.00122738 0.829687 0.576563 0.196875 0.434375
0 0.00127506 0.1125 0.592188 0.15625 0.590625
0 0.0012846 0.757812 0.584375 0.203125 0.25625
0 0.00140285 0.04375 0.589063 0.075 0.628125
0 0.00143623 0.26875 0.617188 0.20625 0.553125
0 0.00187778 0.810938 0.73125 0.178125 0.5
0 0.00197411 0.464063 0.698438 0.240625 0.603125
2 0.00200081 0.482812 0.9 0.134375 0.18125
2 0.00216675 0.125 0.01875 0.19375 0.0375
2 0.00252151 0.960938 0.1 0.078125 0.2
0 0.00271034 0.915625 0.429688 0.16875 0.628125
0 0.00284958 0.76875 0.259375 0.25625 0.48125
0 0.0030632 0.33125 0.517187 0.19375 0.521875
2 0.00306511 0.9125 0.79375 0.1375 0.4125
1 0.00320244 0.071875 0.590625 0.1 0.63125
0 0.00497437 0.859375 0.348437 0.24375 0.596875
2 0.00518417 0.870313 0.876562 0.146875 0.246875
0 0.00533295 0.676562 0.589063 0.253125 0.209375
2 0.00709152 0.835938 0.965625 0.203125 0.06875
0 0.00754547 0.435937 0.48125 0.253125 0.5125
2 0.00946045 0.973437 0.854688 0.053125 0.265625
2 0.0119171 0.6625 0.625 0.325 0.2625
0 0.0156403 0.948438 0.101562 0.103125 0.190625
2 0.0641479 0.876562 0.934375 0.203125 0.13125
2 0.151001 0.492188 0.825 0.165625 0.3375
2 0.236328 0.964063 0.915625 0.065625 0.16875
2 0.244873 0.928125 0.889063 0.1375 0.221875
2 0.980957 0.646875 0.746875 0.50625 0.50625
