2 0.00100803 0.604688 0.948438 0.159375 0.103125
0 0.00104904 0.682813 0.6125 0.203125 0.4
0 0.00112534 0.826563 0.348437 0.246875 0.584375
1 0.00122166 0.134375 0.578125 0.2125 0.675
1 0.00127316 0.8125 0.279687 0.2375 0.509375
0 0.00152779 0.559375 0.614062 0.19375 0.434375
2 0.00162792 0.964063 0.101562 0.071875 0.203125
1 0.00167561 0.0703125 0.584375 0.103125 0.61875
2 0.00167561 0.123438 0.01875 0.184375 0.0375
0 0.0017662 0.732813 0.276563 0.171875 0.484375
2 0.00208282 0.510938 0.75625 0.365625 0.4875
2 0.00315475 0.479688 0.735937 0.190625 0.390625
1 0.00356102 0.95 0.101562 0.09375 0.190625
0 0.00412369 0.948438 0.1 0.103125 0.1875
0 0.00476837 0.485938 0.565625 0.221875 0.475
0 0.00571442 0.476562 0.771875 0.203125 0.43125
2 0.0167084 0.4 0.954687 0.125 0.084375
2 0.0279236 0.545313 0.9625 0.196875 0.06875
2 0.0927734 0.473437 0.873438 0.253125 0.253125
2 0.708496 0.479688 0.948438 0.240625 0.096875
