2 0.00104332 0.129688 0.0171875 0.203125 0.034375
2 0.0012989 0.06875 0.954687 0.125 0.078125
1 0.00136948 0.826563 0.0234375 0.159375 0.046875
2 0.00148296 0.304688 0.723437 0.109375 0.490625
2 0.00173283 0.95625 0.115625 0.0875 0.23125
0 0.0018425 0.267188 0.642187 0.159375 0.471875
0 0.00232506 0.0765625 0.367188 0.140625 0.596875
1 0.00238991 0.95 0.0984375 0.09375 0.184375
0 0.00299644 0.946875 0.0984375 0.10625 0.184375
0 0.00478363 0.179688 0.492188 0.209375 0.215625
0 0.00514603 0.125 0.6375 0.1375 0.525
2 0.00624084 0.0359375 0.926562 0.065625 0.134375
2 0.00777435 0.0734375 0.91875 0.146875 0.15625
0 0.231201 0.198437 0.692187 0.284375 0.571875
2 0.678223 0.20625 0.698438 0.2875 0.584375
