2 0.00146198 0.125 0.0171875 0.2 0.034375
0 0.00147533 0.028125 0.38125 0.05 0.44375
1 0.00152206 0.832812 0.021875 0.165625 0.04375
0 0.0015316 0.473437 0.470313 0.196875 0.421875
0 0.00171852 0.5875 0.165625 0.125 0.25
0 0.00322723 0.115625 0.446875 0.2 0.54375
0 0.00398254 0.526563 0.567187 0.203125 0.403125
1 0.0104752 0.942187 0.0921875 0.109375 0.178125
0 0.0111847 0.940625 0.09375 0.11875 0.175
2 0.0753174 0.0828125 0.664062 0.165625 0.596875
0 0.702637 0.0921875 0.632812 0.171875 0.634375
