2 0.00110435 0.557813 0.932813 0.196875 0.128125
0 0.00120831 0.429688 0.467187 0.209375 0.378125
0 0.00160408 0.23125 0.475 0.21875 0.5375
2 0.00177002 0.373437 0.675 0.278125 0.2625
0 0.00193214 0.0328125 0.584375 0.059375 0.60625
1 0.00195503 0.075 0.585938 0.125 0.634375
0 0.00248528 0.945312 0.101562 0.109375 0.184375
0 0.00295258 0.465625 0.682813 0.21875 0.296875
0 0.00341797 0.140625 0.570312 0.20625 0.634375
2 0.00372505 0.129688 0.01875 0.203125 0.0375
0 0.00421906 0.371875 0.646875 0.25625 0.2125
2 0.00457382 0.2375 0.854688 0.11875 0.278125
1 0.00626373 0.514063 0.8 0.221875 0.4
0 0.00823975 0.76875 0.317187 0.275 0.603125
2 0.0122528 0.514063 0.8 0.221875 0.4
0 0.0125275 0.078125 0.58125 0.13125 0.675
0 0.0210419 0.510938 0.790625 0.203125 0.41875
2 0.0308838 0.289062 0.8125 0.171875 0.36875
2 0.870605 0.40625 0.778125 0.41875 0.44375
