1 0.00114918 0.828125 0.0203125 0.15625 0.040625
2 0.00116825 0.40625 0.904688 0.18125 0.178125
0 0.00123405 0.685938 0.573438 0.196875 0.509375
1 0.00144291 0.820312 0.289062 0.228125 0.534375
0 0.0014677 0.128125 0.567187 0.2125 0.703125
0 0.00150299 0.578125 0.151562 0.11875 0.246875
2 0.00157166 0.709375 0.954687 0.18125 0.084375
2 0.00157356 0.751562 0.9125 0.128125 0.1625
0 0.00189114 0.685938 0.135937 0.171875 0.259375
0 0.0022068 0.898438 0.534375 0.190625 0.65625
1 0.00231743 0.071875 0.5875 0.1 0.6
0 0.00253296 0.95 0.104687 0.1 0.209375
2 0.00292969 0.128125 0.01875 0.2 0.0375
0 0.00295067 0.832812 0.354688 0.253125 0.603125
0 0.00327682 0.0734375 0.585938 0.115625 0.621875
2 0.00461578 0.95625 0.114063 0.0875 0.221875
0 0.00465393 0.435937 0.521875 0.190625 0.48125
2 0.00515366 0.7125 0.864062 0.15 0.253125
1 0.00550842 0.953125 0.1 0.09375 0.1875
0 0.00642395 0.576563 0.845312 0.328125 0.284375
1 0.0166168 0.728125 0.273438 0.25 0.540625
0 0.0179138 0.726562 0.26875 0.234375 0.5125
2 0.245972 0.482812 0.875 0.190625 0.2375
2 0.892578 0.570312 0.846875 0.371875 0.29375
