0 0.00118256 0.570312 0.567187 0.221875 0.465625
2 0.00119114 0.875 0.953125 0.25 0.08125
1 0.00121403 0.834375 0.360938 0.26875 0.703125
0 0.00125313 0.917188 0.859375 0.165625 0.28125
0 0.00170803 0.907812 0.43125 0.184375 0.65
0 0.00176144 0.0640625 0.659375 0.128125 0.68125
1 0.00186729 0.729688 0.296875 0.271875 0.5875
0 0.00192642 0.948438 0.103125 0.103125 0.20625
2 0.00294304 0.123438 0.01875 0.184375 0.0375
0 0.00310516 0.835938 0.357812 0.240625 0.628125
2 0.00337029 0.959375 0.101562 0.08125 0.196875
0 0.00399017 0.74375 0.33125 0.25 0.625
1 0.00487137 0.951563 0.0984375 0.096875 0.184375
2 0.00804138 0.0515625 0.940625 0.090625 0.10625
2 0.0086441 0.953125 0.870313 0.09375 0.259375
0 0.00970459 0.484375 0.565625 0.23125 0.46875
2 0.0314331 0.0390625 0.773438 0.071875 0.415625
2 0.68457 0.0359375 0.885938 0.071875 0.209375
2 0.891113 0.853125 0.859375 0.26875 0.26875
