1 0.00135231 0.257812 0.465625 0.246875 0.60625
2 0.00135326 0.667188 0.920313 0.128125 0.153125
2 0.00140762 0.659375 0.784375 0.14375 0.4
0 0.00156212 0.078125 0.578125 0.11875 0.60625
1 0.00169754 0.83125 0.021875 0.1625 0.04375
0 0.00193882 0.835938 0.35 0.240625 0.60625
2 0.00195885 0.478125 0.6375 0.275 0.20625
1 0.0020256 0.739062 0.271875 0.271875 0.54375
2 0.00223923 0.13125 0.01875 0.19375 0.0375
0 0.00288391 0.142188 0.570312 0.228125 0.678125
2 0.00328445 0.967188 0.0953125 0.065625 0.178125
0 0.0050087 0.95 0.09375 0.1 0.175
0 0.00532532 0.74375 0.3 0.25 0.59375
2 0.00756836 0.332812 0.846875 0.115625 0.2875
2 0.069458 0.36875 0.78125 0.20625 0.4
2 0.897461 0.490625 0.767187 0.46875 0.465625
