0 0.00112152 0.859375 0.859375 0.25625 0.28125
0 0.00112915 0.13125 0.632812 0.175 0.646875
2 0.00118446 0.95625 0.120312 0.0875 0.240625
0 0.00118446 0.946875 0.1 0.10625 0.18125
0 0.00141907 0.478125 0.4625 0.18125 0.43125
2 0.00144863 0.523438 0.648438 0.290625 0.484375
0 0.0014677 0.0421875 0.620313 0.078125 0.646875
2 0.00168705 0.11875 0.01875 0.175 0.0375
1 0.00178146 0.825 0.021875 0.15625 0.04375
2 0.0019083 0.904688 0.907812 0.184375 0.165625
0 0.00199127 0.075 0.6375 0.15 0.725
1 0.00286484 0.0703125 0.582812 0.109375 0.634375
2 0.00287819 0.046875 0.94375 0.0875 0.1
2 0.0034771 0.0625 0.646875 0.125 0.70625
2 0.00400925 0.0375 0.879687 0.06875 0.221875
2 0.00445175 0.0328125 0.751562 0.065625 0.484375
0 0.00541306 0.4625 0.539062 0.28125 0.621875
2 0.00577927 0.903125 0.95625 0.19375 0.0875
2 0.00782776 0.954687 0.870313 0.090625 0.259375
0 0.00823975 0.525 0.570312 0.2 0.415625
2 0.136475 0.0234375 0.910937 0.046875 0.165625
2 0.875977 0.851562 0.8625 0.259375 0.26875
