1 0.00106239 0.38125 0.375 0.14375 0.48125
0 0.00107193 0.242188 0.11875 0.209375 0.23125
0 0.00156784 0.875 0.3375 0.2125 0.5625
0 0.00166988 0.325 0.034375 0.2125 0.06875
2 0.00184441 0.634375 0.759375 0.15625 0.48125
0 0.00217628 0.384375 0.125 0.2125 0.25
0 0.00235558 0.8125 0.678125 0.175 0.49375
0 0.00316238 0.078125 0.339063 0.14375 0.678125
0 0.00416565 0.075 0.115625 0.14375 0.2125
0 0.00424957 0.484375 0.420312 0.1625 0.371875
0 0.00458145 0.0796875 0.0421875 0.153125 0.084375
0 0.00649261 0.417188 0.075 0.196875 0.1375
0 0.00751114 0.385938 0.370313 0.146875 0.478125
0 0.00808716 0.285937 0.06875 0.196875 0.13125
0 0.00908661 0.304688 0.184375 0.171875 0.325
0 0.0124741 0.623438 0.732813 0.140625 0.503125
0 0.025116 0.392188 0.553125 0.165625 0.41875
0 0.0265045 0.0359375 0.084375 0.071875 0.16875
0 0.041626 0.9375 0.0953125 0.125 0.190625
1 0.0453491 0.63125 0.232812 0.175 0.428125
0 0.0612183 0.715625 0.734375 0.31875 0.51875
1 0.0788574 0.251563 0.646875 0.240625 0.59375
0 0.086792 0.715625 0.534375 0.23125 0.21875
1 0.143311 0.326562 0.58125 0.221875 0.525
0 0.170288 0.334375 0.501562 0.19375 0.459375
1 0.312744 0.25 0.276563 0.20625 0.434375
1 0.409424 0.446875 0.33125 0.1875 0.5125
2 0.420898 0.254687 0.654688 0.246875 0.578125
0 0.506348 0.25 0.278125 0.20625 0.43125
0 0.651367 0.267188 0.626562 0.234375 0.621875
0 0.803223 0.445312 0.326562 0.184375 0.503125
0 0.836426 0.632812 0.239063 0.159375 0.428125
2 0.879395 0.715625 0.721875 0.30625 0.55625
