0 0.00103378 0.0421875 0.58125 0.078125 0.625
0 0.00123501 0.68125 0.610937 0.2 0.490625
2 0.00133419 0.746875 0.901563 0.40625 0.196875
1 0.00147629 0.81875 0.26875 0.2125 0.4875
1 0.00158882 0.448438 0.471875 0.271875 0.59375
0 0.0015974 0.90625 0.553125 0.175 0.61875
1 0.00168324 0.13125 0.58125 0.1875 0.625
0 0.00181198 0.803125 0.332812 0.21875 0.540625
0 0.00183296 0.457812 0.521875 0.278125 0.65625
1 0.00187874 0.071875 0.584375 0.10625 0.61875
2 0.00222397 0.128125 0.01875 0.19375 0.0375
1 0.00238228 0.829687 0.021875 0.159375 0.04375
0 0.00558472 0.473437 0.4625 0.184375 0.425
0 0.00698471 0.526563 0.56875 0.215625 0.43125
2 0.0121384 0.88125 0.921875 0.2125 0.15625
2 0.0483398 0.696875 0.929688 0.15 0.128125
2 0.852539 0.765625 0.91875 0.28125 0.15625
