0 0.0012579 0.140625 0.623438 0.15 0.640625
0 0.0014143 0.078125 0.590625 0.14375 0.6875
2 0.00141907 0.925 0.914062 0.11875 0.165625
2 0.00152969 0.81875 0.910937 0.25 0.178125
0 0.00154018 0.914062 0.895312 0.153125 0.209375
0 0.00196648 0.239063 0.5125 0.259375 0.28125
2 0.00250626 0.907812 0.81875 0.159375 0.3625
0 0.00261497 0.0328125 0.08125 0.065625 0.1625
0 0.00262833 0.9625 0.117188 0.075 0.234375
0 0.00285339 0.896875 0.592188 0.16875 0.503125
0 0.00303078 0.065625 0.071875 0.125 0.14375
0 0.0033989 0.721875 0.726562 0.1875 0.509375
0 0.0036869 0.876562 0.05 0.171875 0.1
0 0.00375748 0.303125 0.673437 0.225 0.434375
0 0.00457382 0.657812 0.484375 0.209375 0.2625
2 0.00465775 0.96875 0.803125 0.0625 0.39375
1 0.0062027 0.610937 0.684375 0.215625 0.60625
0 0.0102386 0.973437 0.770312 0.053125 0.459375
2 0.0107651 0.721875 0.723437 0.19375 0.528125
0 0.0151672 0.94375 0.290625 0.1125 0.58125
2 0.0219116 0.18125 0.892187 0.2125 0.184375
0 0.0249176 0.9375 0.726562 0.125 0.509375
0 0.0251923 0.814062 0.475 0.221875 0.24375
1 0.0661011 0.75 0.348437 0.21875 0.409375
0 0.0772705 0.9375 0.0765625 0.125 0.153125
0 0.0986328 0.254687 0.1875 0.190625 0.3375
0 0.200073 0.832812 0.71875 0.309375 0.5375
2 0.398926 0.621875 0.690625 0.225 0.59375
2 0.544922 0.232812 0.679688 0.278125 0.596875
0 0.701172 0.23125 0.679688 0.275 0.596875
0 0.710938 0.751562 0.346875 0.209375 0.40625
2 0.753418 0.820312 0.70625 0.309375 0.575
1 0.80957 0.253125 0.185937 0.2 0.334375
0 0.811035 0.625 0.690625 0.21875 0.60625
