2 0.00123024 0.121875 0.01875 0.19375 0.0375
0 0.00131321 0.117188 0.585938 0.171875 0.578125
2 0.00166035 0.489062 0.842188 0.228125 0.271875
2 0.00214767 0.535937 0.89375 0.171875 0.15
2 0.00285339 0.904688 0.910937 0.171875 0.171875
0 0.00298309 0.871875 0.314063 0.24375 0.503125
0 0.00304222 0.54375 0.632812 0.11875 0.540625
2 0.00324059 0.48125 0.932813 0.1875 0.071875
2 0.00398636 0.573438 0.923437 0.171875 0.084375
0 0.00423813 0.759375 0.74375 0.15625 0.4875
0 0.00495148 0.94375 0.1 0.1125 0.1875
2 0.00843811 0.923437 0.954687 0.146875 0.090625
0 0.00867462 0.854688 0.754687 0.265625 0.490625
2 0.00961304 0.63125 0.664062 0.28125 0.553125
0 0.0142822 0.701563 0.567187 0.178125 0.353125
0 0.0147018 0.970312 0.640625 0.059375 0.39375
2 0.0186615 0.965625 0.915625 0.06875 0.16875
0 0.0198059 0.617188 0.478125 0.209375 0.21875
2 0.0645142 0.735937 0.76875 0.121875 0.4625
2 0.0793457 0.870313 0.610937 0.215625 0.265625
0 0.0918579 0.94375 0.740625 0.1125 0.49375
2 0.100586 0.971875 0.75625 0.05625 0.475
1 0.221436 0.603125 0.664062 0.2375 0.571875
0 0.226074 0.875 0.582812 0.1875 0.234375
0 0.744629 0.610937 0.665625 0.246875 0.575
2 0.885254 0.835938 0.748438 0.309375 0.490625
