2 0.00103664 0.178125 0.854688 0.23125 0.290625
2 0.00126934 0.0953125 0.903125 0.084375 0.1875
1 0.00151825 0.075 0.589063 0.10625 0.634375
1 0.00168991 0.13125 0.604688 0.20625 0.715625
1 0.00177288 0.828125 0.021875 0.16875 0.04375
2 0.00180912 0.0484375 0.940625 0.090625 0.1
2 0.00194168 0.0921875 0.953125 0.109375 0.08125
2 0.00194263 0.959375 0.114063 0.08125 0.228125
1 0.00195694 0.225 0.68125 0.175 0.5875
1 0.00239944 0.815625 0.275 0.21875 0.525
2 0.00297546 0.125 0.01875 0.2 0.0375
0 0.00359535 0.0765625 0.5875 0.121875 0.68125
0 0.00370979 0.826563 0.353125 0.246875 0.60625
2 0.00383377 0.14375 0.946875 0.1375 0.09375
2 0.00432968 0.290625 0.960938 0.15 0.071875
2 0.00495529 0.0984375 0.932813 0.165625 0.128125
0 0.00639725 0.948438 0.0984375 0.103125 0.184375
0 0.0315552 0.2 0.682813 0.2375 0.634375
2 0.0413513 0.25625 0.932813 0.14375 0.121875
2 0.664062 0.192188 0.925 0.240625 0.1375
1 0.938965 0.489062 0.5375 0.221875 0.5625
