0 0.00117683 0.95 0.1 0.1 0.2
2 0.00125408 0.090625 0.673437 0.1125 0.509375
1 0.00135994 0.828125 0.0234375 0.15625 0.046875
1 0.00175476 0.484375 0.565625 0.20625 0.43125
1 0.00178051 0.103125 0.6625 0.1625 0.5375
2 0.00179291 0.121875 0.01875 0.18125 0.0375
2 0.00234413 0.959375 0.114063 0.08125 0.221875
1 0.00256538 0.95 0.09375 0.1 0.175
0 0.0059433 0.0390625 0.609375 0.071875 0.46875
0 0.00601959 0.485938 0.565625 0.209375 0.45625
1 0.259277 0.04375 0.645312 0.08125 0.534375
2 0.395508 0.0390625 0.659375 0.078125 0.53125
