0 0.00112247 0.0421875 0.570312 0.078125 0.678125
2 0.00119591 0.390625 0.684375 0.24375 0.55625
0 0.00121593 0.775 0.634375 0.15 0.53125
0 0.00136185 0.117188 0.575 0.209375 0.6625
0 0.00160503 0.534375 0.70625 0.2 0.525
0 0.00222969 0.840625 0.367188 0.20625 0.346875
0 0.00268936 0.921875 0.68125 0.14375 0.51875
2 0.00271988 0.978125 0.760938 0.04375 0.478125
0 0.00330734 0.071875 0.11875 0.1375 0.23125
0 0.00336266 0.965625 0.178125 0.06875 0.35625
2 0.0042305 0.779688 0.9125 0.246875 0.175
2 0.00441742 0.675 0.898438 0.21875 0.165625
0 0.00459671 0.0765625 0.3625 0.146875 0.7125
0 0.00473785 0.06875 0.0453125 0.1375 0.090625
0 0.00682068 0.714063 0.44375 0.190625 0.275
0 0.00723267 0.94375 0.273438 0.1125 0.546875
0 0.00824738 0.378125 0.507812 0.2 0.265625
0 0.010704 0.971875 0.68125 0.05625 0.51875
1 0.0187988 0.71875 0.279687 0.2 0.434375
1 0.0325928 0.660937 0.675 0.190625 0.6125
0 0.0336609 0.0375 0.0828125 0.075 0.165625
0 0.0359192 0.69375 0.159375 0.2 0.3
0 0.0623169 0.945312 0.0953125 0.109375 0.184375
1 0.122803 0.40625 0.68125 0.24375 0.5625
2 0.156006 0.703125 0.675 0.23125 0.6125
0 0.206177 0.853125 0.482812 0.20625 0.221875
0 0.328369 0.857813 0.682813 0.240625 0.590625
1 0.532715 0.264062 0.221875 0.209375 0.39375
0 0.542969 0.264062 0.210938 0.190625 0.390625
2 0.803223 0.846875 0.685938 0.29375 0.621875
0 0.829102 0.717188 0.285937 0.190625 0.434375
0 0.854004 0.404687 0.670313 0.240625 0.584375
0 0.867676 0.66875 0.664062 0.19375 0.615625
