0 0.00104332 0.585938 0.157813 0.134375 0.253125
2 0.00129318 0.123438 0.01875 0.190625 0.0375
2 0.00165176 0.159375 0.875 0.15625 0.2375
2 0.00166798 0.078125 0.539062 0.1375 0.215625
1 0.00181675 0.823438 0.0234375 0.159375 0.046875
0 0.00208473 0.48125 0.56875 0.2125 0.45
1 0.00289917 0.101562 0.254687 0.171875 0.465625
0 0.00429535 0.946875 0.1 0.10625 0.2
2 0.00536346 0.95625 0.1 0.0875 0.1875
1 0.00554657 0.115625 0.65625 0.2125 0.4625
2 0.00894165 0.040625 0.9125 0.08125 0.175
1 0.0112381 0.946875 0.096875 0.10625 0.18125
2 0.034729 0.121875 0.921875 0.20625 0.15625
2 0.0437927 0.0390625 0.7125 0.078125 0.55625
2 0.87207 0.115625 0.715625 0.23125 0.56875
