1 0.00106525 0.85625 0.284375 0.25 0.56875
0 0.00108624 0.207813 0.689062 0.159375 0.409375
0 0.0011549 0.932813 0.695312 0.128125 0.365625
0 0.00115681 0.557813 0.0359375 0.171875 0.071875
2 0.00182438 0.93125 0.923437 0.13125 0.146875
1 0.00184441 0.709375 0.210938 0.1625 0.390625
0 0.00227737 0.765625 0.3125 0.2125 0.525
0 0.00234604 0.107813 0.35 0.203125 0.625
0 0.00255394 0.025 0.629687 0.05 0.396875
0 0.00285721 0.075 0.635938 0.15 0.315625
0 0.00300217 0.345313 0.0640625 0.190625 0.115625
0 0.00346756 0.526563 0.059375 0.190625 0.11875
0 0.00371742 0.373437 0.129688 0.215625 0.228125
0 0.00385475 0.134375 0.75 0.26875 0.4625
0 0.00407791 0.160938 0.63125 0.215625 0.275
1 0.00536346 0.448438 0.159375 0.196875 0.3125
2 0.00638962 0.965625 0.909375 0.06875 0.18125
0 0.00772858 0.43125 0.0328125 0.2 0.065625
0 0.011528 0.435937 0.0765625 0.209375 0.146875
1 0.0175171 0.567187 0.2125 0.190625 0.38125
0 0.0192871 0.56875 0.142188 0.1625 0.259375
0 0.0195007 0.710938 0.210938 0.165625 0.403125
0 0.0228729 0.94375 0.0984375 0.1125 0.184375
2 0.0274506 0.0375 0.809375 0.075 0.38125
0 0.027832 0.865625 0.326562 0.23125 0.571875
1 0.0279236 0.353125 0.276563 0.1875 0.521875
0 0.037384 0.967188 0.773438 0.065625 0.440625
2 0.0787354 0.973437 0.773438 0.053125 0.428125
1 0.0852051 0.392188 0.445312 0.209375 0.628125
1 0.141846 0.64375 0.192188 0.19375 0.371875
0 0.181641 0.859375 0.773438 0.26875 0.453125
0 0.217163 0.446875 0.1625 0.1875 0.325
0 0.255371 0.523438 0.217187 0.190625 0.403125
0 0.342041 0.36875 0.284375 0.2125 0.50625
0 0.60498 0.64375 0.190625 0.18125 0.35625
0 0.619629 0.389062 0.465625 0.190625 0.63125
2 0.851562 0.85625 0.775 0.275 0.44375
0 0.86377 0.548437 0.507812 0.178125 0.534375
2 0.9375 0.135937 0.753125 0.271875 0.46875
