2 0.00103092 0.928125 0.910937 0.1375 0.159375
2 0.00108814 0.18125 0.8875 0.2125 0.1875
2 0.00112629 0.104687 0.84375 0.171875 0.275
2 0.00113297 0.770312 0.96875 0.309375 0.0625
1 0.00126076 0.126563 0.260938 0.221875 0.521875
2 0.00126266 0.960938 0.121875 0.078125 0.24375
2 0.00141239 0.8625 0.935938 0.275 0.128125
0 0.00161076 0.18125 0.490625 0.19375 0.225
2 0.00163174 0.123438 0.01875 0.190625 0.0375
1 0.00175095 0.834375 0.0203125 0.15625 0.040625
1 0.00222778 0.090625 0.617188 0.11875 0.553125
1 0.00228119 0.664062 0.7875 0.203125 0.275
1 0.00244522 0.18125 0.503125 0.20625 0.25
2 0.00252914 0.9625 0.801562 0.075 0.390625
2 0.0029068 0.673437 0.9625 0.265625 0.075
0 0.00378609 0.090625 0.615625 0.125 0.55625
0 0.00466156 0.460938 0.542188 0.228125 0.515625
0 0.00469589 0.840625 0.323438 0.24375 0.484375
2 0.00498581 0.764063 0.770312 0.196875 0.328125
2 0.00523376 0.920313 0.960938 0.159375 0.078125
2 0.00542068 0.585938 0.932813 0.165625 0.128125
2 0.00598526 0.592188 0.971875 0.171875 0.05625
0 0.00601196 0.140625 0.640625 0.15625 0.53125
2 0.00965118 0.960938 0.926562 0.071875 0.146875
2 0.0115433 0.132812 0.917188 0.159375 0.121875
0 0.0142059 0.957812 0.770312 0.084375 0.440625
0 0.0160675 0.765625 0.76875 0.19375 0.325
0 0.0167084 0.829687 0.723437 0.171875 0.378125
2 0.0196533 0.875 0.625 0.225 0.28125
0 0.026947 0.898438 0.765625 0.203125 0.4625
2 0.0299835 0.676562 0.90625 0.284375 0.16875
1 0.0374146 0.185937 0.660937 0.246875 0.553125
0 0.0426331 0.973437 0.671875 0.053125 0.40625
2 0.110474 0.6875 0.782812 0.225 0.278125
0 0.138428 0.875 0.621875 0.21875 0.26875
0 0.307129 0.6875 0.78125 0.21875 0.26875
2 0.656738 0.192188 0.692187 0.240625 0.590625
2 0.673828 0.721875 0.835938 0.41875 0.321875
2 0.674316 0.873438 0.759375 0.253125 0.48125
