0 0.00101185 0.434375 0.476562 0.2 0.415625
0 0.00114059 0.810938 0.364062 0.171875 0.153125
0 0.00149441 0.8625 0.4375 0.125 0.3375
1 0.00190735 0.075 0.584375 0.1125 0.61875
0 0.00191593 0.853125 0.159375 0.23125 0.31875
2 0.00220299 0.129688 0.0171875 0.196875 0.034375
2 0.00270653 0.5125 0.753125 0.2625 0.49375
0 0.00300026 0.934375 0.11875 0.13125 0.225
0 0.00484848 0.482812 0.564062 0.221875 0.434375
0 0.0108719 0.78125 0.415625 0.225 0.23125
2 0.0173645 0.79375 0.590625 0.2375 0.51875
0 0.198975 0.795313 0.58125 0.234375 0.54375
1 0.540527 0.798437 0.571875 0.246875 0.54375
