0 0.00104809 0.964063 0.0640625 0.071875 0.128125
1 0.00144386 0.926562 0.0984375 0.146875 0.196875
0 0.00172806 0.773438 0.628125 0.190625 0.3875
1 0.00188828 0.0734375 0.575 0.115625 0.6375
0 0.00195885 0.871875 0.140625 0.19375 0.28125
0 0.00226593 0.598437 0.732813 0.103125 0.509375
2 0.002388 0.601562 0.76875 0.109375 0.45
0 0.00286674 0.040625 0.575 0.075 0.65
2 0.00335121 0.445312 0.829687 0.215625 0.334375
0 0.00392151 0.898438 0.0703125 0.165625 0.140625
0 0.00597382 0.846875 0.340625 0.24375 0.5625
0 0.00843811 0.809375 0.726562 0.15625 0.471875
0 0.0133209 0.678125 0.54375 0.20625 0.2
0 0.016037 0.11875 0.573438 0.19375 0.653125
0 0.0466309 0.696875 0.734375 0.31875 0.53125
0 0.0471191 0.420312 0.459375 0.221875 0.5125
0 0.0715332 0.9375 0.1 0.125 0.2
1 0.82959 0.423438 0.451562 0.215625 0.503125
2 0.875488 0.698438 0.725 0.315625 0.5375
