1 0.00120544 0.551562 0.2875 0.159375 0.19375
1 0.00136566 0.140625 0.564062 0.20625 0.653125
1 0.00148964 0.654688 0.43125 0.103125 0.43125
0 0.00168133 0.0359375 0.58125 0.059375 0.5875
1 0.0017767 0.820312 0.0234375 0.159375 0.046875
0 0.00197983 0.8625 0.370313 0.225 0.609375
0 0.00237274 0.14375 0.5625 0.23125 0.7125
2 0.00269318 0.473437 0.815625 0.134375 0.30625
1 0.00546265 0.26875 0.471875 0.2375 0.6375
1 0.00631714 0.06875 0.582812 0.1 0.609375
2 0.00691986 0.551562 0.448438 0.228125 0.509375
0 0.00960541 0.0703125 0.579687 0.109375 0.634375
1 0.0102615 0.951563 0.0984375 0.090625 0.190625
0 0.0167389 0.95 0.0984375 0.1 0.184375
1 0.946777 0.55 0.448438 0.23125 0.515625
