0 0.00106144 0.33125 0.0859375 0.1875 0.171875
0 0.00108624 0.54375 0.417188 0.1625 0.240625
0 0.00130367 0.404687 0.632812 0.134375 0.503125
2 0.00164223 0.657812 0.703125 0.215625 0.48125
1 0.00213242 0.440625 0.178125 0.1875 0.35625
0 0.00217056 0.109375 0.58125 0.18125 0.65625
0 0.00227547 0.307813 0.0328125 0.196875 0.065625
0 0.00282097 0.871875 0.332812 0.21875 0.584375
1 0.0032444 0.317187 0.671875 0.215625 0.56875
0 0.00476074 0.0796875 0.3625 0.153125 0.675
0 0.0070076 0.735937 0.528125 0.178125 0.325
0 0.00871277 0.85625 0.68125 0.175 0.51875
0 0.00918579 0.946875 0.0953125 0.10625 0.178125
1 0.00923157 0.354688 0.201562 0.159375 0.371875
1 0.0117874 0.507812 0.175 0.178125 0.34375
2 0.0151978 0.332812 0.685938 0.215625 0.553125
0 0.149048 0.446875 0.176563 0.16875 0.353125
0 0.442627 0.515625 0.178125 0.16875 0.35
0 0.587891 0.778125 0.735937 0.2125 0.528125
2 0.592285 0.779688 0.734375 0.221875 0.53125
0 0.720703 0.675 0.625 0.1625 0.5125
0 0.821777 0.357812 0.192188 0.165625 0.359375
0 0.911621 0.3375 0.6625 0.21875 0.60625
0 0.950684 0.557813 0.576563 0.159375 0.528125
