1 0.00110054 0.134375 0.582812 0.21875 0.690625
2 0.00117111 0.476562 0.828125 0.140625 0.33125
2 0.00132847 0.121875 0.0203125 0.1875 0.040625
1 0.00171947 0.478125 0.621875 0.18125 0.3375
0 0.00190735 0.478125 0.623438 0.19375 0.371875
1 0.00222397 0.823438 0.0234375 0.159375 0.046875
2 0.00277519 0.959375 0.10625 0.08125 0.20625
1 0.00357819 0.764063 0.339063 0.246875 0.584375
0 0.00566101 0.765625 0.332812 0.225 0.540625
1 0.0146713 0.951563 0.103125 0.096875 0.19375
0 0.0147858 0.948438 0.104687 0.103125 0.190625
1 0.936523 0.446875 0.259375 0.2125 0.45625
