1 0.00118828 0.348437 0.20625 0.215625 0.38125
2 0.00128078 0.125 0.0203125 0.2 0.040625
2 0.00130367 0.94375 0.901563 0.1125 0.196875
1 0.00144005 0.35 0.435937 0.26875 0.609375
0 0.00146484 0.9125 0.348437 0.175 0.571875
0 0.00147438 0.351562 0.432813 0.240625 0.540625
2 0.00152302 0.9625 0.69375 0.075 0.3375
0 0.00154686 0.884375 0.709375 0.2 0.33125
0 0.00161171 0.517187 0.45 0.209375 0.4
0 0.00215721 0.579687 0.164062 0.121875 0.234375
2 0.00215912 0.634375 0.9125 0.1125 0.16875
1 0.00233078 0.071875 0.584375 0.1 0.61875
1 0.00252533 0.825 0.0234375 0.1625 0.046875
0 0.00338936 0.839063 0.775 0.321875 0.45
2 0.00347137 0.959375 0.121875 0.08125 0.24375
2 0.00349808 0.85 0.629687 0.2125 0.184375
0 0.00395203 0.95 0.104687 0.1 0.190625
2 0.00444031 0.957812 0.94375 0.084375 0.1125
0 0.0125046 0.482812 0.571875 0.209375 0.45
2 0.0131989 0.690625 0.859375 0.13125 0.275
0 0.0141296 0.390625 0.125 0.15625 0.23125
0 0.0146637 0.81875 0.26875 0.25625 0.5125
0 0.0146942 0.853125 0.632812 0.2125 0.190625
2 0.0187073 0.934375 0.771875 0.13125 0.43125
2 0.0195618 0.96875 0.86875 0.0625 0.25625
0 0.0240021 0.93125 0.773438 0.1375 0.440625
2 0.047821 0.729688 0.7875 0.184375 0.39375
0 0.0566406 0.3375 0.115625 0.15 0.20625
1 0.397217 0.348437 0.110937 0.171875 0.209375
2 0.876465 0.809375 0.76875 0.36875 0.44375
