0 0.00100803 0.629687 0.664062 0.196875 0.396875
1 0.00102615 0.204688 0.576563 0.228125 0.609375
1 0.0010376 0.860937 0.348437 0.246875 0.696875
0 0.00106621 0.73125 0.24375 0.1625 0.425
2 0.00107384 0.226562 0.0171875 0.209375 0.034375
1 0.00126362 0.44375 0.542188 0.1125 0.534375
1 0.00167274 0.5875 0.1625 0.125 0.24375
0 0.00241089 0.864062 0.342187 0.221875 0.621875
0 0.00242424 0.748438 0.332812 0.246875 0.665625
1 0.00253868 0.709375 0.579687 0.13125 0.284375
0 0.00303459 0.0421875 0.575 0.078125 0.65
2 0.00329399 0.132812 0.01875 0.215625 0.0375
1 0.00381088 0.115625 0.589063 0.19375 0.603125
1 0.00680542 0.959375 0.09375 0.08125 0.18125
0 0.0145798 0.11875 0.584375 0.19375 0.63125
1 0.020462 0.489062 0.395312 0.190625 0.196875
2 0.0219879 0.490625 0.607813 0.23125 0.553125
0 0.0235291 0.945312 0.0921875 0.109375 0.178125
1 0.707031 0.625 0.625 0.16875 0.3875
1 0.852539 0.4875 0.601562 0.225 0.584375
