1 0.00108242 0.0734375 0.579687 0.109375 0.615625
2 0.00141621 0.859375 0.953125 0.19375 0.08125
1 0.00201797 0.171875 0.639063 0.225 0.521875
0 0.00215149 0.896875 0.0765625 0.18125 0.153125
2 0.00242805 0.278125 0.835938 0.24375 0.328125
2 0.00266266 0.539062 0.76875 0.290625 0.4625
0 0.00296402 0.857813 0.329688 0.253125 0.478125
0 0.00363922 0.171875 0.667188 0.225 0.584375
0 0.003685 0.303125 0.64375 0.23125 0.55
0 0.00390625 0.86875 0.148438 0.225 0.296875
0 0.00402832 0.075 0.578125 0.11875 0.65
0 0.00482178 0.93125 0.345313 0.1375 0.578125
2 0.00516891 0.614062 0.945312 0.253125 0.103125
0 0.00821686 0.75 0.226562 0.275 0.421875
2 0.00961304 0.823438 0.921875 0.209375 0.15625
0 0.0105209 0.410937 0.654688 0.240625 0.415625
0 0.0113678 0.89375 0.735937 0.15 0.509375
0 0.0137863 0.971875 0.723437 0.05 0.496875
0 0.0180511 0.945312 0.6875 0.103125 0.5375
2 0.0273285 0.592188 0.971875 0.171875 0.04375
0 0.0475769 0.940625 0.104687 0.11875 0.203125
0 0.0498962 0.8125 0.492188 0.225 0.271875
2 0.0571594 0.36875 0.714063 0.30625 0.559375
2 0.639648 0.814062 0.709375 0.259375 0.58125
1 0.777832 0.35625 0.58125 0.21875 0.48125
0 0.858398 0.8125 0.7 0.25625 0.6
