0 0.00116825 0.507812 0.585938 0.153125 0.490625
0 0.00122261 0.853125 0.579687 0.10625 0.553125
0 0.00127411 0.034375 0.351562 0.0625 0.578125
2 0.00131702 0.165625 0.953125 0.30625 0.08125
0 0.0014267 0.115625 0.448438 0.175 0.540625
0 0.00180149 0.882812 0.0546875 0.184375 0.109375
0 0.00239754 0.75625 0.389062 0.2375 0.290625
2 0.00245476 0.375 0.953125 0.23125 0.08125
0 0.00305367 0.928125 0.30625 0.14375 0.5625
1 0.00311852 0.94375 0.109375 0.10625 0.21875
0 0.00327301 0.960938 0.23125 0.078125 0.4625
2 0.00450516 0.040625 0.873438 0.08125 0.246875
1 0.00484085 0.0609375 0.332812 0.115625 0.640625
2 0.0051384 0.321875 0.664062 0.28125 0.615625
0 0.00823212 0.85625 0.234375 0.21875 0.46875
0 0.0107117 0.121875 0.854688 0.24375 0.278125
1 0.0110016 0.0765625 0.670313 0.153125 0.559375
0 0.0240021 0.0625 0.3375 0.11875 0.675
2 0.0243988 0.435937 0.928125 0.284375 0.14375
2 0.0270081 0.245312 0.846875 0.278125 0.30625
0 0.0287933 0.0328125 0.667188 0.059375 0.546875
2 0.0413208 0.35 0.914062 0.25 0.171875
2 0.0469055 0.10625 0.75 0.2125 0.5
0 0.0506592 0.940625 0.0921875 0.11875 0.184375
0 0.0514832 0.0671875 0.629687 0.128125 0.596875
2 0.0516052 0.460938 0.7 0.259375 0.5875
0 0.0527954 0.303125 0.473437 0.2125 0.259375
0 0.0600281 0.729688 0.210938 0.246875 0.396875
0 0.0822144 0.459375 0.476562 0.2125 0.259375
0 0.122009 0.128125 0.679688 0.2 0.578125
1 0.401123 0.775 0.592188 0.24375 0.603125
0 0.784668 0.773438 0.596875 0.228125 0.59375
0 0.821777 0.454688 0.685938 0.259375 0.628125
0 0.846191 0.285937 0.665625 0.215625 0.64375
2 0.851074 0.1375 0.871875 0.275 0.24375
