0 0.00111771 0.320312 0.24375 0.196875 0.4125
0 0.00113773 0.5375 0.448438 0.2375 0.396875
1 0.00147915 0.2375 0.646875 0.175 0.53125
0 0.00167179 0.759375 0.25625 0.24375 0.5
1 0.00180244 0.321875 0.246875 0.23125 0.475
2 0.00190449 0.126563 0.01875 0.196875 0.0375
0 0.00250816 0.109375 0.35 0.20625 0.7
1 0.00281715 0.826563 0.0234375 0.165625 0.046875
1 0.00481415 0.3125 0.6625 0.24375 0.5375
0 0.00579453 0.234375 0.646875 0.16875 0.53125
0 0.00644684 0.08125 0.576563 0.14375 0.709375
0 0.0109177 0.135937 0.579687 0.171875 0.590625
1 0.0181122 0.31875 0.525 0.21875 0.23125
0 0.0227356 0.320312 0.528125 0.221875 0.23125
0 0.457764 0.30625 0.690625 0.25625 0.55625
2 0.625488 0.296875 0.70625 0.26875 0.5875
