1 0.00108719 0.0703125 0.579687 0.096875 0.603125
0 0.00115395 0.96875 0.0625 0.0625 0.125
2 0.0015707 0.129688 0.01875 0.209375 0.0375
0 0.00172615 0.071875 0.578125 0.1125 0.63125
0 0.00191307 0.33125 0.509375 0.2 0.50625
1 0.0024662 0.9375 0.271875 0.1125 0.48125
0 0.00325966 0.807813 0.51875 0.128125 0.5125
0 0.00413132 0.9375 0.273438 0.125 0.465625
0 0.00504303 0.971875 0.184375 0.05625 0.36875
0 0.00583649 0.41875 0.489062 0.25 0.465625
0 0.0111237 0.914062 0.592188 0.165625 0.553125
0 0.0111847 0.726562 0.329688 0.209375 0.203125
2 0.0122452 0.5 0.64375 0.23125 0.35
0 0.0170898 0.948438 0.090625 0.103125 0.175
1 0.0213165 0.7375 0.514063 0.3 0.559375
0 0.0542908 0.503125 0.64375 0.21875 0.3375
0 0.688965 0.732813 0.520312 0.253125 0.534375
