1 0.00105095 0.265625 0.301562 0.33125 0.565625
1 0.00106239 0.948438 0.0859375 0.096875 0.165625
0 0.0010643 0.815625 0.465625 0.14375 0.3875
2 0.00120449 0.120312 0.0203125 0.190625 0.040625
0 0.00122643 0.117188 0.571875 0.215625 0.65
0 0.00139809 0.946875 0.0875 0.10625 0.1625
1 0.00152111 0.823438 0.021875 0.165625 0.04375
0 0.00179768 0.0421875 0.579687 0.078125 0.634375
1 0.00266647 0.071875 0.58125 0.1125 0.625
0 0.00475693 0.520312 0.557813 0.246875 0.515625
0 0.00837708 0.820312 0.35 0.234375 0.5625
1 0.859863 0.292188 0.295312 0.184375 0.446875
