2 0.0010376 0.44375 0.582812 0.35 0.384375
1 0.00109005 0.948438 0.107813 0.096875 0.203125
0 0.00135899 0.501562 0.771875 0.359375 0.45625
0 0.00152302 0.040625 0.576563 0.075 0.659375
2 0.00230598 0.621875 0.864062 0.09375 0.259375
2 0.00231171 0.335938 0.851562 0.121875 0.284375
2 0.00302315 0.95625 0.110937 0.0875 0.221875
0 0.00487137 0.7625 0.314063 0.26875 0.596875
0 0.00642014 0.220313 0.340625 0.234375 0.68125
0 0.00695419 0.121875 0.575 0.20625 0.6625
0 0.0090332 0.946875 0.101562 0.10625 0.190625
0 0.0152588 0.370313 0.671875 0.159375 0.46875
2 0.0487976 0.370313 0.776563 0.184375 0.446875
1 0.0861206 0.434375 0.573438 0.26875 0.315625
0 0.526855 0.432813 0.58125 0.246875 0.325
2 0.935059 0.4625 0.759375 0.4125 0.46875
