0 0.00115967 0.364062 0.442187 0.265625 0.553125
0 0.00118637 0.526563 0.465625 0.196875 0.43125
2 0.00124264 0.526563 0.96875 0.128125 0.05
1 0.00127888 0.126563 0.56875 0.190625 0.65
1 0.00133228 0.239063 0.0515625 0.171875 0.078125
2 0.0015049 0.129688 0.021875 0.209375 0.04375
0 0.0015707 0.128125 0.570312 0.2125 0.709375
0 0.00162601 0.864062 0.578125 0.140625 0.3375
1 0.00163555 0.0703125 0.58125 0.084375 0.59375
0 0.00170612 0.529688 0.69375 0.196875 0.58125
2 0.00171661 0.532812 0.9375 0.128125 0.1125
2 0.00172234 0.792188 0.604688 0.253125 0.309375
0 0.00182533 0.43125 0.471875 0.19375 0.40625
0 0.00182915 0.29375 0.232812 0.175 0.396875
2 0.00188637 0.678125 0.690625 0.20625 0.45625
2 0.00200272 0.675 0.964063 0.1875 0.065625
0 0.00231743 0.0703125 0.579687 0.103125 0.621875
2 0.00316048 0.865625 0.854688 0.13125 0.284375
2 0.00347519 0.58125 0.907812 0.1125 0.159375
2 0.00360489 0.95625 0.114063 0.0875 0.228125
2 0.00402451 0.96875 0.928125 0.0625 0.14375
1 0.00609589 0.289062 0.228125 0.165625 0.375
2 0.00688553 0.920313 0.9375 0.128125 0.125
2 0.00734711 0.865625 0.934375 0.1375 0.125
0 0.00794983 0.948438 0.103125 0.103125 0.19375
0 0.0115662 0.476562 0.575 0.209375 0.475
0 0.0115662 0.770312 0.540625 0.228125 0.19375
0 0.0130692 0.853125 0.729688 0.19375 0.528125
0 0.015564 0.76875 0.264062 0.2625 0.484375
2 0.131104 0.635938 0.789062 0.159375 0.396875
2 0.930664 0.748438 0.726562 0.403125 0.534375
