2 0.00101376 0.501562 0.65625 0.296875 0.56875
0 0.00104141 0.635938 0.225 0.128125 0.3875
0 0.00107574 0.714063 0.08125 0.178125 0.15
0 0.00131989 0.682813 0.126563 0.203125 0.215625
2 0.00161648 0.126563 0.01875 0.190625 0.0375
1 0.00175381 0.928125 0.348437 0.14375 0.565625
1 0.00225449 0.075 0.585938 0.1125 0.615625
0 0.00255394 0.753125 0.229687 0.11875 0.409375
0 0.0058136 0.946875 0.0796875 0.10625 0.159375
0 0.0080719 0.476562 0.570312 0.221875 0.459375
1 0.500977 0.696875 0.30625 0.21875 0.53125
0 0.716797 0.696875 0.315625 0.2125 0.525
