0 0.00101471 0.828125 0.334375 0.23125 0.55625
1 0.0011034 0.94375 0.126563 0.1125 0.234375
0 0.00126743 0.95 0.1 0.1 0.175
1 0.00152874 0.821875 0.0234375 0.16875 0.046875
2 0.00178051 0.95625 0.11875 0.0875 0.23125
1 0.001791 0.685938 0.1375 0.153125 0.26875
0 0.00213814 0.0640625 0.609375 0.115625 0.60625
0 0.00232315 0.7125 0.139062 0.15625 0.265625
1 0.00232697 0.764063 0.276563 0.259375 0.546875
0 0.00296974 0.61875 0.15 0.1625 0.3
1 0.00500107 0.228125 0.435937 0.175 0.190625
2 0.0117798 0.240625 0.639063 0.2125 0.578125
1 0.0129776 0.61875 0.157813 0.175 0.315625
0 0.218872 0.545313 0.1625 0.153125 0.275
1 0.457275 0.545313 0.157813 0.159375 0.271875
1 0.884766 0.242188 0.635938 0.203125 0.584375
