1 0.00100708 0.614062 0.11875 0.128125 0.225
2 0.00111485 0.451562 0.540625 0.246875 0.5375
1 0.00112534 0.078125 0.579687 0.11875 0.628125
1 0.0013113 0.471875 0.340625 0.19375 0.21875
0 0.00248909 0.617188 0.121875 0.134375 0.23125
2 0.0028286 0.125 0.0171875 0.20625 0.034375
1 0.00312233 0.679688 0.229687 0.153125 0.403125
0 0.00349998 0.682813 0.229687 0.165625 0.403125
0 0.00428391 0.946875 0.0984375 0.10625 0.178125
0 0.00436401 0.489062 0.104687 0.134375 0.196875
0 0.00447464 0.0796875 0.576563 0.128125 0.671875
1 0.00453949 0.495313 0.0921875 0.134375 0.171875
1 0.00648499 0.521875 0.382812 0.11875 0.390625
0 0.0267181 0.5375 0.120312 0.1625 0.234375
1 0.0327759 0.535937 0.11875 0.159375 0.2375
0 0.0715942 0.564062 0.23125 0.159375 0.41875
1 0.604004 0.551562 0.221875 0.171875 0.41875
1 0.926758 0.448438 0.525 0.240625 0.575
