0 0.00106812 0.8875 0.65 0.15 0.4875
2 0.00130081 0.514063 0.746875 0.203125 0.50625
2 0.00137234 0.9625 0.103125 0.075 0.2
0 0.001441 0.351562 0.435937 0.259375 0.540625
2 0.00144958 0.121875 0.01875 0.19375 0.0375
2 0.00178623 0.771875 0.815625 0.21875 0.36875
0 0.0018158 0.792188 0.440625 0.171875 0.1375
1 0.00192356 0.114063 0.589063 0.178125 0.571875
0 0.00309181 0.11875 0.5875 0.18125 0.5875
0 0.00310326 0.96875 0.18125 0.0625 0.3625
0 0.00341225 0.551562 0.684375 0.159375 0.61875
0 0.00346184 0.929688 0.320312 0.140625 0.553125
2 0.00409698 0.604688 0.704687 0.228125 0.578125
2 0.00443649 0.76875 0.68125 0.3125 0.61875
0 0.00684357 0.946875 0.0921875 0.10625 0.178125
0 0.00711441 0.8375 0.245312 0.275 0.490625
2 0.00747681 0.748438 0.910937 0.215625 0.178125
2 0.00914764 0.670313 0.9 0.240625 0.19375
2 0.0108643 0.576563 0.839063 0.234375 0.309375
0 0.0274353 0.810938 0.48125 0.196875 0.25625
0 0.0565491 0.639063 0.49375 0.190625 0.25625
0 0.820312 0.626562 0.678125 0.203125 0.60625
0 0.82373 0.795313 0.682813 0.209375 0.621875
