1 0.0011425 0.06875 0.58125 0.09375 0.6125
0 0.00144005 0.520312 0.628125 0.234375 0.39375
0 0.00153255 0.690625 0.564062 0.20625 0.446875
2 0.00172138 0.510938 0.65625 0.259375 0.45625
2 0.00198364 0.957812 0.115625 0.084375 0.23125
1 0.00217819 0.148438 0.575 0.234375 0.7
0 0.00226974 0.06875 0.579687 0.10625 0.640625
1 0.00281906 0.753125 0.321875 0.28125 0.64375
0 0.00325203 0.751562 0.314063 0.253125 0.596875
1 0.00366592 0.951563 0.103125 0.096875 0.1875
0 0.00401306 0.95 0.101562 0.1 0.184375
1 0.92041 0.454688 0.278125 0.221875 0.48125
