0 0.00118256 0.1375 0.478125 0.2375 0.76875
0 0.00195694 0.857813 0.325 0.228125 0.50625
2 0.00200081 0.51875 0.825 0.2 0.25
2 0.00208473 0.9625 0.10625 0.075 0.20625
0 0.00211334 0.709375 0.492188 0.19375 0.259375
2 0.00214767 0.121875 0.01875 0.19375 0.0375
0 0.00232315 0.767187 0.532812 0.153125 0.390625
1 0.00325584 0.075 0.578125 0.1125 0.59375
0 0.00578308 0.078125 0.575 0.125 0.61875
1 0.00611877 0.951563 0.103125 0.096875 0.19375
2 0.00901031 0.64375 0.65 0.2875 0.5875
2 0.00904083 0.629687 0.851562 0.259375 0.221875
0 0.00983429 0.754687 0.232812 0.265625 0.453125
0 0.0107193 0.95 0.103125 0.1 0.19375
1 0.0551147 0.65 0.65625 0.225 0.59375
0 0.0568237 0.609375 0.473437 0.20625 0.240625
1 0.0822754 0.55625 0.66875 0.19375 0.575
0 0.853516 0.717188 0.6625 0.203125 0.575
0 0.895508 0.564062 0.659375 0.203125 0.59375
