0 0.00122643 0.0734375 0.5875 0.109375 0.65
2 0.00132179 0.125 0.0171875 0.1875 0.034375
2 0.00234032 0.523438 0.61875 0.259375 0.45
2 0.00234413 0.957812 0.09375 0.084375 0.1875
0 0.00245857 0.551562 0.628125 0.215625 0.3875
1 0.00295067 0.76875 0.278125 0.25625 0.55625
0 0.00458527 0.765625 0.296875 0.2375 0.59375
1 0.00846863 0.948438 0.09375 0.096875 0.18125
0 0.00946808 0.946875 0.09375 0.10625 0.175
0 0.0102539 0.482812 0.564062 0.215625 0.459375
0 0.0314941 0.454688 0.226562 0.203125 0.415625
1 0.844238 0.453125 0.223438 0.20625 0.403125
