1 0.00132084 0.071875 0.585938 0.1125 0.615625
0 0.00173855 0.94375 0.0984375 0.1125 0.184375
0 0.0021553 0.51875 0.285937 0.1875 0.290625
0 0.00237274 0.164062 0.5625 0.246875 0.71875
0 0.00322151 0.44375 0.510938 0.175 0.465625
0 0.0044136 0.075 0.58125 0.125 0.64375
0 0.00448227 0.529688 0.634375 0.284375 0.29375
1 0.00656891 0.440625 0.509375 0.175 0.5
0 0.00939941 0.560938 0.226562 0.190625 0.215625
2 0.0117798 0.55 0.751562 0.2875 0.421875
0 0.374512 0.4875 0.401563 0.21875 0.515625
1 0.383545 0.632812 0.384375 0.190625 0.5375
1 0.45459 0.485938 0.403125 0.221875 0.525
0 0.805176 0.632812 0.385938 0.171875 0.503125
