0 0.00118256 0.80625 0.629687 0.1375 0.590625
0 0.00157261 0.08125 0.623438 0.11875 0.621875
2 0.00175953 0.5375 0.851562 0.25 0.290625
2 0.00221443 0.0640625 0.907812 0.128125 0.165625
1 0.00257301 0.223438 0.43125 0.178125 0.2
0 0.00262642 0.676562 0.0328125 0.215625 0.065625
0 0.00314331 0.967188 0.196875 0.065625 0.39375
2 0.00361443 0.125 0.021875 0.2 0.04375
1 0.0038662 0.301562 0.673437 0.153125 0.496875
1 0.00444412 0.710938 0.651563 0.240625 0.578125
0 0.00457001 0.767187 0.489062 0.178125 0.484375
2 0.00476074 0.021875 0.910937 0.04375 0.153125
2 0.00484848 0.3 0.814062 0.25625 0.221875
0 0.0053978 0.242188 0.651563 0.228125 0.615625
2 0.00551224 0.232812 0.634375 0.253125 0.60625
0 0.00965118 0.673437 0.434375 0.221875 0.54375
1 0.0261688 0.653125 0.278125 0.21875 0.45625
0 0.0303497 0.94375 0.0859375 0.1125 0.171875
0 0.032135 0.684375 0.134375 0.2125 0.2625
0 0.0576477 0.89375 0.345313 0.19375 0.609375
1 0.117615 0.715625 0.21875 0.2125 0.41875
0 0.626953 0.720312 0.225 0.196875 0.41875
0 0.721191 0.628125 0.326562 0.16875 0.471875
1 0.872559 0.2375 0.628125 0.24375 0.5875
0 0.876465 0.721875 0.621875 0.24375 0.60625
