0 0.00120163 0.964063 0.192188 0.071875 0.384375
1 0.00128651 0.928125 0.0890625 0.14375 0.171875
0 0.00141907 0.88125 0.110937 0.175 0.221875
0 0.00179863 0.028125 0.0796875 0.05625 0.159375
0 0.00204086 0.676562 0.240625 0.209375 0.2875
1 0.00213432 0.423438 0.0734375 0.203125 0.140625
0 0.00227737 0.326562 0.3 0.190625 0.29375
2 0.0022831 0.284375 0.826563 0.19375 0.234375
2 0.00294304 0.342187 0.7875 0.215625 0.31875
0 0.00310516 0.25 0.4875 0.25 0.4125
1 0.00377083 0.120312 0.370313 0.190625 0.415625
0 0.00418091 0.407813 0.0671875 0.190625 0.115625
0 0.0043602 0.13125 0.590625 0.14375 0.5875
0 0.0054245 0.940625 0.2875 0.11875 0.575
0 0.00580215 0.0765625 0.332812 0.146875 0.615625
0 0.00607681 0.689062 0.034375 0.215625 0.06875
0 0.00669479 0.11875 0.370313 0.175 0.371875
0 0.00684738 0.910937 0.4375 0.146875 0.6125
1 0.00792694 0.684375 0.132812 0.225 0.259375
1 0.00997162 0.2875 0.470313 0.1875 0.503125
0 0.0109558 0.485938 0.573438 0.178125 0.503125
0 0.0130768 0.33125 0.467187 0.1875 0.509375
2 0.0444946 0.179688 0.873438 0.215625 0.159375
0 0.0733032 0.340625 0.657812 0.18125 0.534375
1 0.0842285 0.790625 0.464063 0.18125 0.571875
0 0.103638 0.685938 0.123438 0.215625 0.246875
0 0.168335 0.939062 0.090625 0.121875 0.18125
2 0.32373 0.179688 0.659375 0.246875 0.5875
1 0.454102 0.34375 0.657812 0.1875 0.546875
0 0.504395 0.19375 0.646875 0.25625 0.6125
1 0.534668 0.667188 0.490625 0.178125 0.54375
1 0.536621 0.192188 0.645312 0.259375 0.609375
1 0.689453 0.328125 0.364062 0.19375 0.421875
0 0.727539 0.8 0.454688 0.175 0.596875
0 0.822266 0.671875 0.496875 0.16875 0.54375
1 0.833008 0.465625 0.579687 0.19375 0.521875
