0 0.00114441 0.948438 0.09375 0.103125 0.175
1 0.00130367 0.071875 0.58125 0.09375 0.6
2 0.00195694 0.126563 0.01875 0.196875 0.0375
0 0.00208092 0.314063 0.529688 0.221875 0.496875
0 0.00212288 0.14375 0.557813 0.23125 0.740625
0 0.00225449 0.853125 0.334375 0.23125 0.53125
0 0.00238228 0.575 0.592188 0.18125 0.315625
0 0.00238419 0.0734375 0.579687 0.109375 0.628125
0 0.00460434 0.703125 0.640625 0.1375 0.50625
0 0.00690842 0.670313 0.535937 0.178125 0.246875
0 0.0083847 0.545313 0.717188 0.146875 0.503125
2 0.418457 0.63125 0.703125 0.29375 0.575
0 0.825195 0.632812 0.70625 0.271875 0.575
