0 0.0010376 0.354688 0.50625 0.209375 0.3625
0 0.0013752 0.0359375 0.578125 0.059375 0.61875
2 0.00144196 0.248437 0.714063 0.246875 0.409375
0 0.00168324 0.673437 0.182812 0.171875 0.221875
0 0.00275421 0.648438 0.50625 0.196875 0.34375
0 0.00320435 0.275 0.0921875 0.175 0.171875
0 0.00377846 0.573438 0.326562 0.146875 0.390625
0 0.00410843 0.0703125 0.125 0.134375 0.2375
0 0.00486374 0.948438 0.096875 0.103125 0.18125
0 0.00554276 0.071875 0.570312 0.125 0.696875
0 0.00614166 0.04375 0.360938 0.08125 0.709375
0 0.00689316 0.0703125 0.04375 0.140625 0.0875
1 0.0119858 0.260938 0.170312 0.184375 0.321875
0 0.0127029 0.414062 0.375 0.128125 0.41875
0 0.0194092 0.273438 0.676562 0.215625 0.453125
0 0.0298309 0.114063 0.435937 0.209375 0.740625
0 0.0376892 0.0375 0.084375 0.075 0.16875
1 0.0857544 0.326562 0.334375 0.209375 0.49375
1 0.185913 0.504687 0.489062 0.203125 0.590625
0 0.453857 0.2625 0.176563 0.1625 0.315625
1 0.615234 0.675 0.3375 0.175 0.5125
0 0.736816 0.50625 0.4875 0.18125 0.54375
0 0.811523 0.673437 0.346875 0.178125 0.5
0 0.841309 0.3375 0.339063 0.2 0.484375
