2 0.0010767 0.595312 0.7625 0.140625 0.4625
2 0.00119019 0.382812 0.865625 0.115625 0.25
2 0.00119305 0.65625 0.63125 0.175 0.225
2 0.00143528 0.95625 0.120312 0.0875 0.234375
0 0.00153446 0.657812 0.654688 0.178125 0.209375
2 0.00160408 0.521875 0.90625 0.15625 0.175
0 0.00163364 0.034375 0.578125 0.05625 0.59375
0 0.00172043 0.623438 0.659375 0.171875 0.34375
0 0.00179482 0.217187 0.464063 0.209375 0.534375
2 0.00187111 0.126563 0.01875 0.203125 0.0375
1 0.00192165 0.071875 0.576563 0.1125 0.621875
0 0.00229454 0.948438 0.0953125 0.103125 0.171875
2 0.00335884 0.420312 0.909375 0.146875 0.16875
0 0.00354576 0.153125 0.451562 0.25625 0.784375
0 0.00358582 0.782812 0.265625 0.246875 0.5125
0 0.00361633 0.378125 0.69375 0.1375 0.5875
1 0.00440979 0.48125 0.46875 0.2375 0.2
0 0.00814056 0.075 0.571875 0.11875 0.65625
0 0.0149155 0.484375 0.485938 0.2625 0.234375
0 0.0164642 0.579687 0.5625 0.203125 0.41875
0 0.0661621 0.514063 0.684375 0.334375 0.58125
2 0.0719604 0.378125 0.729688 0.1375 0.515625
2 0.754883 0.495313 0.682813 0.365625 0.634375
