0 0.00168228 0.392188 0.2875 0.171875 0.24375
2 0.00194359 0.957812 0.953125 0.078125 0.09375
0 0.00243187 0.56875 0.71875 0.15 0.2375
0 0.00247955 0.484375 0.1125 0.15625 0.20625
0 0.00255775 0.0765625 0.579687 0.121875 0.653125
1 0.00277901 0.41875 0.282813 0.15 0.321875
0 0.00299454 0.523438 0.384375 0.171875 0.33125
2 0.00497437 0.923437 0.703125 0.146875 0.24375
0 0.00566101 0.859375 0.346875 0.21875 0.575
0 0.0125275 0.95 0.695312 0.1 0.234375
0 0.0171814 0.939062 0.0953125 0.121875 0.184375
0 0.0203705 0.760938 0.234375 0.178125 0.41875
1 0.227051 0.659375 0.226562 0.16875 0.428125
0 0.692383 0.665625 0.221875 0.16875 0.41875
1 0.724609 0.5125 0.25625 0.16875 0.45625
0 0.746582 0.507812 0.253125 0.171875 0.45625
2 0.887207 0.89375 0.789062 0.2 0.409375
1 0.912109 0.370313 0.525 0.209375 0.60625
