0 0.00106812 0.535937 0.66875 0.190625 0.5125
2 0.00111961 0.770312 0.509375 0.259375 0.25
0 0.00112629 0.68125 0.470313 0.1875 0.334375
0 0.00113773 0.854688 0.170312 0.234375 0.334375
0 0.00115299 0.0421875 0.579687 0.078125 0.628125
0 0.00117397 0.35625 0.446875 0.275 0.55625
2 0.00140381 0.125 0.01875 0.19375 0.0375
0 0.00162315 0.8625 0.598437 0.18125 0.465625
0 0.00198555 0.121875 0.5625 0.20625 0.7125
2 0.00239182 0.765625 0.879687 0.175 0.221875
0 0.00272179 0.804688 0.448438 0.178125 0.178125
1 0.00310707 0.0734375 0.579687 0.115625 0.628125
0 0.00624466 0.76875 0.24375 0.2875 0.45
1 0.00800323 0.95 0.1 0.09375 0.19375
0 0.0115509 0.948438 0.101562 0.103125 0.190625
0 0.0115585 0.467187 0.56875 0.215625 0.475
2 0.015976 0.646875 0.86875 0.15625 0.25
0 0.0206299 0.775 0.503125 0.25 0.23125
0 0.0527344 0.675 0.735937 0.175 0.521875
0 0.0566101 0.7875 0.685938 0.33125 0.565625
2 0.182373 0.673437 0.753125 0.184375 0.48125
2 0.813477 0.770312 0.69375 0.353125 0.60625
