1 0.00111294 0.823438 0.0234375 0.165625 0.046875
2 0.00134373 0.128125 0.01875 0.2 0.0375
2 0.00143528 0.9625 0.103125 0.075 0.2
1 0.00159359 0.703125 0.5 0.11875 0.35
1 0.00229836 0.071875 0.589063 0.1 0.609375
1 0.0025692 0.951563 0.0953125 0.090625 0.178125
1 0.00265121 0.514063 0.426562 0.165625 0.184375
1 0.00284767 0.2625 0.445312 0.2125 0.553125
0 0.00335693 0.139062 0.570312 0.221875 0.696875
1 0.00345802 0.646875 0.41875 0.16875 0.19375
0 0.00406265 0.075 0.585938 0.1125 0.634375
0 0.00428009 0.95 0.0953125 0.1 0.178125
2 0.105286 0.498437 0.603125 0.190625 0.55625
1 0.811035 0.5 0.603125 0.2 0.55625
1 0.884277 0.657812 0.614062 0.196875 0.559375
