0 0.00110149 0.55625 0.615625 0.1875 0.43125
2 0.00122166 0.485938 0.6625 0.215625 0.28125
0 0.00137997 0.46875 0.8625 0.16875 0.25625
1 0.00163841 0.83125 0.270312 0.2125 0.503125
2 0.00234032 0.0890625 0.823438 0.178125 0.353125
0 0.00265884 0.1125 0.585938 0.2125 0.709375
1 0.00274849 0.825 0.021875 0.1625 0.04375
0 0.002882 0.0390625 0.592188 0.071875 0.571875
2 0.00305367 0.471875 0.81875 0.1625 0.35
2 0.00319672 0.129688 0.01875 0.196875 0.0375
0 0.00333214 0.948438 0.103125 0.103125 0.20625
2 0.00377846 0.959375 0.101562 0.08125 0.196875
0 0.00426483 0.721875 0.265625 0.16875 0.5125
2 0.00608826 0.059375 0.95 0.10625 0.0875
1 0.00610352 0.948438 0.096875 0.103125 0.18125
0 0.00645065 0.482812 0.567187 0.228125 0.478125
2 0.00695801 0.0578125 0.878125 0.115625 0.24375
0 0.00909424 0.682813 0.617188 0.184375 0.390625
1 0.0107956 0.735937 0.28125 0.240625 0.5375
1 0.0207825 0.0609375 0.5875 0.103125 0.59375
2 0.0408936 0.03125 0.9125 0.0625 0.16875
0 0.144043 0.0625 0.68125 0.125 0.6375
2 0.43042 0.053125 0.725 0.10625 0.5375
