0 0.00127506 0.046875 0.585938 0.08125 0.596875
2 0.00129509 0.470313 0.8625 0.184375 0.26875
2 0.00131512 0.120312 0.01875 0.190625 0.0375
0 0.00189209 0.110937 0.589063 0.153125 0.584375
0 0.00264359 0.259375 0.615625 0.20625 0.53125
2 0.00267601 0.46875 0.753125 0.25 0.48125
0 0.00290298 0.94375 0.0859375 0.1125 0.165625
1 0.00447464 0.075 0.589063 0.1 0.596875
0 0.00810242 0.682813 0.340625 0.190625 0.24375
0 0.192993 0.721875 0.442187 0.14375 0.446875
1 0.282715 0.670313 0.514063 0.221875 0.509375
0 0.742188 0.673437 0.51875 0.221875 0.5
