0 0.00101757 0.920313 0.315625 0.159375 0.5
0 0.00103283 0.58125 0.159375 0.125 0.2375
2 0.00133514 0.489062 0.673437 0.209375 0.265625
1 0.00154018 0.445312 0.46875 0.259375 0.53125
2 0.0016489 0.196875 0.942187 0.11875 0.115625
0 0.00166321 0.0953125 0.65 0.184375 0.65
2 0.00204277 0.526563 0.660937 0.303125 0.496875
2 0.00214195 0.121875 0.79375 0.21875 0.4125
1 0.00220108 0.0734375 0.59375 0.109375 0.65
2 0.00240707 0.129688 0.01875 0.196875 0.0375
1 0.00312614 0.95 0.0984375 0.09375 0.184375
2 0.00337029 0.928125 0.946875 0.14375 0.1
0 0.00360107 0.8375 0.329688 0.225 0.540625
0 0.00425339 0.946875 0.0984375 0.10625 0.184375
0 0.00435638 0.478125 0.459375 0.16875 0.38125
2 0.00453186 0.846875 0.9 0.11875 0.1875
2 0.00462341 0.953125 0.915625 0.09375 0.16875
1 0.00566483 0.120312 0.66875 0.184375 0.60625
0 0.00720596 0.528125 0.61875 0.20625 0.4
0 0.0123215 0.945312 0.54375 0.109375 0.225
2 0.021698 0.04375 0.929688 0.06875 0.134375
2 0.0301361 0.884375 0.8625 0.16875 0.2625
0 0.0834351 0.923437 0.685938 0.153125 0.478125
2 0.773926 0.910937 0.725 0.178125 0.55
2 0.853027 0.114063 0.926562 0.190625 0.140625
