0 0.00109863 0.1125 0.49375 0.1625 0.275
0 0.00113392 0.428125 0.470313 0.20625 0.409375
0 0.00118065 0.15625 0.5375 0.14375 0.425
1 0.00171185 0.83125 0.021875 0.1625 0.04375
2 0.00186825 0.960938 0.103125 0.078125 0.20625
2 0.00199509 0.126563 0.01875 0.203125 0.0375
0 0.0020504 0.73125 0.278125 0.1375 0.4375
2 0.00274277 0.0484375 0.929688 0.090625 0.134375
0 0.00313568 0.946875 0.10625 0.10625 0.2125
1 0.00566483 0.109375 0.492188 0.18125 0.265625
0 0.00613022 0.482812 0.56875 0.221875 0.4625
1 0.00648117 0.107813 0.635938 0.196875 0.571875
1 0.00715256 0.95 0.1 0.1 0.1875
1 0.00811005 0.115625 0.225 0.20625 0.45
0 0.0135803 0.107813 0.646875 0.196875 0.525
2 0.0613708 0.101562 0.925 0.140625 0.14375
0 0.0942993 0.05 0.664062 0.1 0.596875
2 0.10083 0.05 0.665625 0.1 0.575
2 0.653809 0.0984375 0.682813 0.196875 0.634375
