1 0.00106049 0.828125 0.021875 0.175 0.04375
0 0.00126171 0.2625 0.540625 0.25625 0.66875
0 0.00137329 0.865625 0.326562 0.21875 0.521875
2 0.00140667 0.451562 0.839063 0.259375 0.290625
1 0.00186253 0.129688 0.559375 0.221875 0.7
1 0.0019722 0.075 0.58125 0.1125 0.6
0 0.00209427 0.695312 0.625 0.140625 0.50625
0 0.00216103 0.670313 0.479688 0.165625 0.265625
2 0.00284004 0.128125 0.01875 0.1875 0.0375
2 0.00329399 0.607813 0.61875 0.321875 0.575
0 0.00365067 0.61875 0.445312 0.2 0.240625
0 0.00365448 0.075 0.579687 0.125 0.621875
0 0.00807953 0.94375 0.096875 0.1125 0.18125
1 0.385986 0.628125 0.625 0.24375 0.5625
0 0.727539 0.63125 0.628125 0.25 0.56875
