0 0.00112343 0.26875 0.620313 0.20625 0.534375
0 0.00121403 0.76875 0.242188 0.1875 0.471875
0 0.00179386 0.1375 0.626562 0.20625 0.646875
1 0.00204849 0.834375 0.345313 0.28125 0.659375
0 0.00249672 0.701563 0.732813 0.165625 0.459375
1 0.00266075 0.075 0.5875 0.1125 0.6125
2 0.00310326 0.129688 0.01875 0.203125 0.0375
2 0.0043602 0.440625 0.890625 0.09375 0.2
0 0.00540924 0.832812 0.34375 0.253125 0.59375
0 0.00593567 0.075 0.584375 0.125 0.64375
1 0.00971222 0.539062 0.5375 0.178125 0.225
2 0.013176 0.559375 0.860937 0.26875 0.271875
0 0.0140076 0.539062 0.539062 0.178125 0.228125
0 0.0162354 0.946875 0.101562 0.10625 0.190625
1 0.017868 0.95 0.1 0.1 0.19375
0 0.0376282 0.621875 0.725 0.30625 0.51875
1 0.0452271 0.579687 0.63125 0.253125 0.425
0 0.0718384 0.573438 0.604688 0.253125 0.365625
2 0.134521 0.475 0.8625 0.175 0.2625
2 0.793945 0.571875 0.723437 0.35625 0.553125
