1 0.0010643 0.829687 0.021875 0.153125 0.04375
0 0.0011034 0.835938 0.3375 0.228125 0.5875
1 0.00111961 0.84375 0.282813 0.20625 0.521875
2 0.00134373 0.954687 0.117188 0.090625 0.234375
2 0.00148678 0.214062 0.707812 0.196875 0.371875
2 0.00165939 0.485938 0.679688 0.196875 0.209375
0 0.00201416 0.285937 0.185937 0.178125 0.340625
1 0.00248528 0.06875 0.5875 0.09375 0.6375
1 0.0035553 0.946875 0.1 0.1 0.1875
0 0.00391388 0.945312 0.1 0.109375 0.18125
1 0.911621 0.278125 0.192188 0.175 0.340625
