2 0.0010891 0.473437 0.81875 0.153125 0.3375
0 0.00133514 0.854688 0.55625 0.196875 0.55
2 0.00249672 0.0359375 0.80625 0.071875 0.3625
0 0.00273323 0.717188 0.389062 0.171875 0.303125
0 0.00296402 0.0578125 0.321875 0.109375 0.6
0 0.00317192 0.948438 0.096875 0.103125 0.18125
1 0.0045929 0.05625 0.323438 0.1 0.571875
0 0.00706482 0.384375 0.123438 0.15 0.246875
1 0.0128937 0.6875 0.565625 0.2125 0.60625
1 0.0136414 0.034375 0.501562 0.0625 0.471875
1 0.0913086 0.459375 0.135937 0.18125 0.271875
2 0.333252 0.05 0.635938 0.1 0.553125
0 0.377686 0.4625 0.134375 0.1625 0.26875
0 0.471436 0.292188 0.16875 0.178125 0.31875
1 0.624512 0.296875 0.167187 0.175 0.303125
1 0.633789 0.05 0.639063 0.1 0.553125
0 0.771973 0.689062 0.55625 0.196875 0.575
