0 0.00106144 0.85 0.357812 0.2625 0.659375
1 0.00110626 0.446875 0.473437 0.28125 0.553125
2 0.00116634 0.959375 0.115625 0.08125 0.23125
1 0.00130081 0.075 0.3 0.15 0.55
1 0.00149632 0.851562 0.354688 0.234375 0.596875
2 0.00156689 0.128125 0.01875 0.19375 0.0375
2 0.00167274 0.0265625 0.49375 0.053125 0.3
2 0.00174618 0.11875 0.953125 0.125 0.08125
2 0.00175285 0.06875 0.948438 0.13125 0.096875
0 0.00200272 0.740625 0.239063 0.16875 0.459375
1 0.00201416 0.826563 0.0234375 0.159375 0.046875
0 0.00214005 0.478125 0.46875 0.19375 0.4375
0 0.00267601 0.946875 0.09375 0.10625 0.16875
0 0.00294495 0.0453125 0.64375 0.084375 0.475
2 0.00307083 0.0359375 0.604688 0.071875 0.465625
1 0.00310707 0.948438 0.09375 0.096875 0.175
0 0.00368309 0.528125 0.5625 0.20625 0.4125
1 0.004673 0.0296875 0.55 0.053125 0.3625
1 0.00470352 0.0546875 0.495313 0.096875 0.346875
2 0.00522232 0.489062 0.682813 0.228125 0.234375
0 0.00891876 0.101562 0.635938 0.165625 0.496875
2 0.0112 0.0671875 0.553125 0.128125 0.3625
2 0.0116196 0.151562 0.925 0.140625 0.14375
1 0.0335999 0.078125 0.642187 0.15 0.478125
2 0.0820312 0.065625 0.854688 0.13125 0.284375
2 0.87793 0.084375 0.707812 0.1625 0.584375
