2 0.00114059 0.121875 0.01875 0.19375 0.0375
2 0.0012579 0.5 0.635938 0.2875 0.515625
2 0.00139999 0.48125 0.778125 0.20625 0.44375
0 0.00142097 0.515625 0.576563 0.20625 0.359375
0 0.001441 0.723437 0.075 0.190625 0.15
0 0.00196648 0.790625 0.25 0.2375 0.45625
0 0.0025959 0.0734375 0.584375 0.115625 0.6125
1 0.00273132 0.0734375 0.585938 0.103125 0.590625
0 0.00468063 0.628125 0.229687 0.1625 0.353125
0 0.00600433 0.965625 0.26875 0.06875 0.5375
0 0.00714111 0.917188 0.446875 0.159375 0.6375
0 0.00960541 0.764063 0.126563 0.184375 0.253125
1 0.0100861 0.704687 0.189063 0.228125 0.359375
0 0.0109406 0.457812 0.546875 0.271875 0.50625
0 0.0474548 0.94375 0.084375 0.1125 0.16875
0 0.409668 0.396875 0.145313 0.15 0.265625
1 0.434082 0.390625 0.159375 0.14375 0.24375
0 0.508789 0.6875 0.228125 0.1875 0.4375
0 0.84668 0.7625 0.434375 0.2125 0.53125
