0 0.00122166 0.0328125 0.245312 0.059375 0.484375
0 0.00124168 0.2 0.61875 0.1625 0.5625
0 0.00128365 0.075 0.364062 0.14375 0.678125
0 0.00129128 0.414062 0.221875 0.209375 0.35625
0 0.00130081 0.03125 0.0578125 0.0625 0.115625
0 0.00166893 0.3 0.5375 0.1375 0.425
0 0.00202942 0.94375 0.09375 0.1125 0.175
1 0.00209045 0.165625 0.604688 0.1875 0.653125
0 0.00294495 0.321875 0.0375 0.19375 0.075
0 0.00411987 0.5125 0.675 0.2375 0.31875
2 0.00460052 0.354688 0.101562 0.228125 0.203125
2 0.00608063 0.271875 0.121875 0.19375 0.2125
2 0.0085907 0.03125 0.645312 0.0625 0.546875
0 0.0100174 0.10625 0.615625 0.175 0.6
0 0.0140305 0.329688 0.21875 0.240625 0.41875
1 0.0154648 0.340625 0.120312 0.225 0.240625
1 0.0199127 0.420312 0.104687 0.171875 0.196875
1 0.0235596 0.271875 0.134375 0.18125 0.24375
0 0.0254364 0.342187 0.115625 0.203125 0.225
0 0.0502319 0.0328125 0.484375 0.059375 0.65625
0 0.0545044 0.273438 0.13125 0.153125 0.225
1 0.0725708 0.0359375 0.614062 0.065625 0.590625
0 0.140137 0.4125 0.1 0.175 0.2
0 0.22998 0.05625 0.582812 0.10625 0.721875
1 0.278076 0.70625 0.471875 0.2 0.5625
1 0.571289 0.264062 0.634375 0.196875 0.55
0 0.608398 0.265625 0.634375 0.175 0.54375
0 0.853027 0.709375 0.475 0.1875 0.5625
