0 0.00103664 0.485938 0.615625 0.259375 0.41875
1 0.00107765 0.357812 0.45 0.278125 0.55
0 0.00120163 0.323438 0.465625 0.178125 0.44375
0 0.00125885 0.942187 0.264062 0.115625 0.459375
2 0.00133324 0.740625 0.734375 0.15 0.46875
0 0.0013504 0.970312 0.646875 0.059375 0.30625
1 0.00166225 0.0734375 0.582812 0.103125 0.634375
2 0.00202751 0.126563 0.01875 0.184375 0.0375
2 0.00218582 0.828125 0.9625 0.225 0.075
2 0.00286484 0.870313 0.935938 0.190625 0.128125
2 0.00304031 0.521875 0.764063 0.2625 0.465625
0 0.00371742 0.876562 0.576563 0.203125 0.303125
2 0.00429153 0.76875 0.923437 0.24375 0.153125
2 0.00462341 0.934375 0.921875 0.125 0.15
1 0.00606155 0.945312 0.09375 0.103125 0.18125
0 0.00733948 0.478125 0.475 0.2 0.43125
2 0.00779343 0.834375 0.567187 0.25 0.246875
0 0.00898743 0.94375 0.0953125 0.1125 0.178125
0 0.00919342 0.804688 0.251563 0.234375 0.490625
2 0.0113525 0.965625 0.903125 0.06875 0.19375
0 0.0123367 0.792188 0.717188 0.240625 0.503125
0 0.0134735 0.914062 0.759375 0.165625 0.48125
2 0.0187988 0.914062 0.760938 0.171875 0.478125
2 0.0211792 0.679688 0.904688 0.121875 0.178125
0 0.0270538 0.829687 0.5375 0.215625 0.2
0 0.0449829 0.9625 0.771875 0.075 0.45625
2 0.0613708 0.710938 0.834375 0.165625 0.325
2 0.076355 0.967188 0.773438 0.065625 0.446875
2 0.834473 0.828125 0.725 0.34375 0.54375
