2 0.00104713 0.598437 0.721875 0.178125 0.49375
0 0.00109386 0.0453125 0.589063 0.078125 0.615625
0 0.00109863 0.970312 0.096875 0.059375 0.18125
0 0.00139427 0.867188 0.44375 0.190625 0.5375
2 0.00140476 0.910937 0.853125 0.153125 0.26875
2 0.00164795 0.671875 0.953125 0.25 0.08125
1 0.00185966 0.142188 0.58125 0.215625 0.6875
1 0.0021286 0.665625 0.534375 0.23125 0.2
2 0.00214958 0.125 0.01875 0.18125 0.0375
0 0.00222397 0.834375 0.576563 0.18125 0.478125
2 0.00237465 0.826563 0.882812 0.203125 0.234375
2 0.00240135 0.490625 0.9375 0.14375 0.1125
1 0.00266457 0.071875 0.590625 0.1 0.61875
2 0.00299835 0.498437 0.846875 0.178125 0.3
0 0.00312233 0.423438 0.471875 0.203125 0.41875
1 0.00327873 0.807813 0.273438 0.234375 0.546875
0 0.00787354 0.778125 0.2625 0.24375 0.49375
0 0.0106277 0.665625 0.539062 0.23125 0.209375
2 0.0157013 0.809375 0.776563 0.23125 0.421875
2 0.0157471 0.534375 0.915625 0.13125 0.15625
0 0.0185394 0.8125 0.776563 0.2375 0.421875
1 0.0251312 0.645312 0.671875 0.203125 0.475
0 0.0550842 0.684375 0.68125 0.275 0.475
2 0.0996704 0.670313 0.873438 0.290625 0.253125
2 0.13501 0.573438 0.879687 0.165625 0.240625
2 0.699707 0.6875 0.720312 0.35 0.559375
