1 0.00117588 0.823438 0.0234375 0.165625 0.046875
1 0.00142097 0.0875 0.509375 0.16875 0.3
0 0.0015955 0.479688 0.565625 0.221875 0.475
2 0.00176525 0.484375 0.778125 0.19375 0.43125
2 0.00240707 0.0890625 0.803125 0.178125 0.31875
2 0.00435638 0.95625 0.0921875 0.0875 0.178125
1 0.00590515 0.103125 0.234375 0.175 0.44375
2 0.00600433 0.0453125 0.657812 0.084375 0.534375
1 0.00614166 0.0453125 0.6625 0.078125 0.5375
1 0.00891113 0.946875 0.0921875 0.10625 0.171875
2 0.505859 0.101562 0.657812 0.196875 0.559375
1 0.769043 0.104687 0.660937 0.203125 0.565625
