0 0.00100231 0.721875 0.271875 0.1625 0.4375
0 0.00100517 0.948438 0.104687 0.103125 0.209375
0 0.00104904 0.473437 0.465625 0.159375 0.375
2 0.00114632 0.075 0.695312 0.1375 0.384375
0 0.00116253 0.526563 0.56875 0.209375 0.4
0 0.00148964 0.579687 0.154687 0.121875 0.240625
1 0.00156307 0.8375 0.282813 0.225 0.509375
2 0.00160694 0.06875 0.959375 0.1375 0.075
0 0.00164223 0.834375 0.334375 0.24375 0.55625
2 0.00165176 0.959375 0.114063 0.08125 0.228125
1 0.00192547 0.225 0.0984375 0.125 0.159375
1 0.00208282 0.953125 0.0984375 0.09375 0.184375
2 0.00229073 0.126563 0.0265625 0.209375 0.053125
2 0.00229073 0.210938 0.915625 0.115625 0.15625
1 0.00299263 0.228125 0.267188 0.1125 0.359375
1 0.00641251 0.204688 0.0484375 0.165625 0.084375
2 0.00697708 0.0421875 0.921875 0.084375 0.15625
2 0.0243225 0.028125 0.789062 0.05625 0.409375
2 0.853027 0.120312 0.790625 0.234375 0.40625
