1 0.00122929 0.345313 0.335938 0.246875 0.571875
2 0.00135994 0.129688 0.0203125 0.203125 0.040625
0 0.00143242 0.515625 0.65625 0.29375 0.6875
0 0.00146103 0.482812 0.470313 0.184375 0.421875
0 0.0018177 0.845312 0.35625 0.246875 0.625
1 0.00182915 0.128125 0.576563 0.2 0.634375
0 0.00214958 0.684375 0.14375 0.18125 0.28125
1 0.00242615 0.823438 0.0203125 0.159375 0.040625
2 0.0024395 0.0765625 0.90625 0.153125 0.16875
0 0.0026226 0.071875 0.58125 0.11875 0.6875
1 0.00322723 0.70625 0.240625 0.2375 0.45625
2 0.00428009 0.5 0.890625 0.1875 0.19375
0 0.00577927 0.729688 0.273438 0.171875 0.521875
0 0.00895691 0.945312 0.1 0.109375 0.1875
1 0.00933075 0.946875 0.1 0.1 0.1875
2 0.0159607 0.182812 0.904688 0.128125 0.171875
2 0.0506287 0.221875 0.865625 0.19375 0.25625
2 0.968262 0.348437 0.839063 0.490625 0.315625
