1 0.00106716 0.589063 0.160938 0.121875 0.253125
2 0.00178528 0.960938 0.0953125 0.078125 0.184375
0 0.00192165 0.946875 0.096875 0.10625 0.19375
0 0.00193787 0.479688 0.515625 0.196875 0.45
1 0.00196838 0.221875 0.167187 0.1 0.265625
0 0.00205803 0.590625 0.160938 0.125 0.259375
2 0.00216103 0.120312 0.025 0.196875 0.05
1 0.0021801 0.820312 0.0234375 0.159375 0.046875
1 0.00246811 0.203125 0.0484375 0.15 0.084375
0 0.00299072 0.521875 0.621875 0.21875 0.39375
2 0.0035553 0.1 0.717188 0.1625 0.496875
1 0.00411224 0.0328125 0.557813 0.065625 0.459375
1 0.00437546 0.948438 0.090625 0.096875 0.16875
0 0.0044632 0.68125 0.628125 0.18125 0.3625
1 0.0207672 0.04375 0.690625 0.08125 0.475
2 0.490479 0.0359375 0.703125 0.071875 0.50625
