0 0.00113583 0.746875 0.248437 0.24375 0.459375
2 0.00116634 0.953125 0.120312 0.09375 0.240625
0 0.00165462 0.940625 0.104687 0.11875 0.184375
2 0.00171089 0.132812 0.0171875 0.203125 0.034375
2 0.00183868 0.273438 0.692187 0.290625 0.203125
1 0.00192738 0.792188 0.0234375 0.190625 0.046875
2 0.00240135 0.45625 0.83125 0.2 0.325
2 0.00317383 0.11875 0.910937 0.16875 0.171875
2 0.00440979 0.0546875 0.915625 0.109375 0.15625
2 0.0578613 0.175 0.829687 0.225 0.340625
2 0.188232 0.0859375 0.8625 0.165625 0.275
2 0.888184 0.30625 0.796875 0.49375 0.40625
