0 0.00105 0.078125 0.345313 0.14375 0.690625
2 0.00114727 0.545313 0.825 0.246875 0.3375
1 0.00129986 0.529688 0.414062 0.190625 0.565625
0 0.00130939 0.553125 0.596875 0.175 0.26875
0 0.00148678 0.629687 0.371875 0.134375 0.59375
0 0.00148964 0.840625 0.240625 0.19375 0.46875
0 0.00168514 0.235938 0.44375 0.203125 0.45
0 0.00239372 0.607813 0.0671875 0.171875 0.128125
0 0.00281715 0.0359375 0.579687 0.059375 0.603125
0 0.00346947 0.767187 0.339063 0.171875 0.346875
2 0.00365829 0.8625 0.951563 0.275 0.084375
0 0.00374985 0.634375 0.0359375 0.1875 0.071875
0 0.00386238 0.91875 0.434375 0.1625 0.64375
1 0.00395966 0.0671875 0.575 0.109375 0.63125
2 0.00496292 0.776563 0.965625 0.171875 0.06875
2 0.00683594 0.964063 0.86875 0.065625 0.25
2 0.00747299 0.773438 0.920313 0.184375 0.146875
0 0.00803375 0.9 0.865625 0.19375 0.24375
0 0.0149536 0.1375 0.464063 0.24375 0.753125
0 0.0170441 0.0703125 0.570312 0.115625 0.671875
0 0.0294189 0.94375 0.09375 0.1125 0.18125
0 0.0365601 0.653125 0.120312 0.2 0.221875
1 0.0431213 0.646875 0.154687 0.2125 0.296875
0 0.0526123 0.68125 0.320312 0.16875 0.509375
1 0.124207 0.726562 0.459375 0.215625 0.55625
1 0.142944 0.360938 0.30625 0.165625 0.43125
0 0.34375 0.6375 0.226562 0.19375 0.403125
0 0.830566 0.721875 0.479688 0.20625 0.528125
0 0.853516 0.55 0.429688 0.175 0.559375
0 0.875 0.364062 0.309375 0.153125 0.44375
2 0.901855 0.854688 0.871875 0.284375 0.25
