2 0.00120544 0.126563 0.01875 0.215625 0.0375
2 0.00159645 0.959375 0.110937 0.08125 0.215625
1 0.00168228 0.71875 0.239063 0.13125 0.403125
1 0.00169754 0.829687 0.0234375 0.165625 0.046875
0 0.00184345 0.034375 0.573438 0.0625 0.590625
1 0.00192928 0.851562 0.359375 0.240625 0.61875
1 0.00269508 0.107813 0.453125 0.184375 0.6875
0 0.00367928 0.110937 0.457812 0.209375 0.746875
1 0.00421143 0.06875 0.573438 0.1 0.609375
1 0.00440598 0.953125 0.0984375 0.09375 0.178125
0 0.00453949 0.95 0.096875 0.1 0.175
0 0.00470734 0.685938 0.260938 0.203125 0.471875
0 0.00554657 0.0703125 0.571875 0.109375 0.64375
1 0.0114822 0.665625 0.325 0.25625 0.6
1 0.929688 0.370313 0.298438 0.209375 0.503125
