0 0.00107765 0.189063 0.689062 0.259375 0.621875
2 0.00111389 0.926562 0.917188 0.146875 0.159375
1 0.00116634 0.9125 0.360938 0.175 0.559375
0 0.00124836 0.43125 0.426562 0.2 0.403125
2 0.00130463 0.245312 0.940625 0.109375 0.1125
2 0.00175858 0.103125 0.61875 0.1625 0.45625
0 0.00217056 0.946875 0.1 0.10625 0.18125
2 0.00226593 0.95625 0.94375 0.0875 0.1125
2 0.00278664 0.125 0.0171875 0.1875 0.034375
1 0.00293541 0.826563 0.279687 0.228125 0.521875
2 0.00300217 0.85625 0.695312 0.2375 0.228125
1 0.00341797 0.040625 0.560938 0.075 0.265625
2 0.00409698 0.028125 0.784375 0.05625 0.43125
2 0.00439835 0.920313 0.775 0.159375 0.38125
0 0.00471497 0.9625 0.771875 0.075 0.375
0 0.00605774 0.857813 0.696875 0.228125 0.23125
2 0.00837708 0.964063 0.739062 0.071875 0.346875
0 0.00839233 0.482812 0.564062 0.234375 0.471875
0 0.00996399 0.829687 0.346875 0.253125 0.58125
2 0.0121384 0.975 0.857813 0.05 0.284375
0 0.017334 0.926562 0.732813 0.140625 0.315625
2 0.0291901 0.04375 0.676562 0.0875 0.565625
2 0.0301971 0.173438 0.9375 0.146875 0.125
2 0.0726929 0.721875 0.867188 0.14375 0.253125
1 0.194214 0.0703125 0.60625 0.134375 0.31875
2 0.418945 0.0609375 0.590625 0.115625 0.28125
2 0.756836 0.125 0.739062 0.2375 0.521875
2 0.915527 0.81875 0.785937 0.35625 0.409375
