0 0.0011282 0.767187 0.285937 0.203125 0.496875
1 0.00115681 0.825 0.021875 0.1625 0.04375
0 0.00115776 0.0359375 0.578125 0.059375 0.58125
2 0.00115871 0.129688 0.01875 0.196875 0.0375
0 0.00136375 0.1375 0.567187 0.225 0.703125
1 0.00173187 0.7375 0.284375 0.11875 0.43125
1 0.0017767 0.846875 0.454688 0.25625 0.696875
2 0.00183678 0.542188 0.35625 0.209375 0.5125
1 0.00203323 0.134375 0.353125 0.23125 0.70625
1 0.00330353 0.0703125 0.578125 0.103125 0.59375
0 0.00386429 0.846875 0.451562 0.23125 0.659375
0 0.00507736 0.071875 0.575 0.1125 0.6125
1 0.00772095 0.285937 0.45625 0.234375 0.6
1 0.0098877 0.776563 0.354688 0.203125 0.534375
1 0.0122986 0.946875 0.0953125 0.1 0.184375
0 0.0173492 0.946875 0.096875 0.10625 0.18125
1 0.950195 0.545313 0.360938 0.203125 0.509375
