0 0.934082 0.883984 0.652246 0.232031 0.656445
0 0.903809 0.500391 0.166992 0.147656 0.305859
0 0.893555 0.782812 0.527344 0.179688 0.645312
0 0.85498 0.630859 0.170654 0.139844 0.306348
1 0.854492 0.201562 0.184961 0.116797 0.336328
2 0.667969 0.588281 0.718359 0.222656 0.563281
0 0.496826 0.588281 0.717578 0.226562 0.563281
1 0.436279 0.345215 0.195996 0.15332 0.35332
0 0.380127 0.344727 0.196631 0.156641 0.355957
0 0.0222931 0.786914 0.317773 0.160547 0.226953
0 0.0152435 0.201562 0.183643 0.117188 0.337402
1 0.0128937 0.588672 0.718164 0.225781 0.563672
