2 0.0171875 0.784375 0.034375 0.43125 0.00232658
2 0.08125 0.884375 0.1625 0.23125 0.00259566
2 0.982813 0.785937 0.034375 0.421875 0.00268078
2 0.960938 0.807813 0.078125 0.371875 0.00308897
2 0.0375 0.8625 0.075 0.275 0.00459345
0 0.595312 0.20625 0.103125 0.35 0.00889914
0 0.371875 0.278125 0.175 0.3125 0.849995
0 0.521875 0.339063 0.16875 0.453125 0.862677
0 0.696875 0.215625 0.18125 0.41875 0.862848
0 0.41875 0.135937 0.175 0.246875 0.872452
0 0.389062 0.5625 0.184375 0.5 0.887462
0 0.570312 0.621875 0.190625 0.5125 0.903875
2 0.901563 0.809375 0.196875 0.38125 0.933266
2 0.134375 0.785937 0.26875 0.428125 0.948474
