0 0.376563 0.601562 0.171875 0.340625 0.0010373
0 0.964063 0.70625 0.065625 0.58125 0.00122836
2 0.557813 0.976562 0.078125 0.046875 0.00162732
2 0.903125 0.790625 0.19375 0.41875 0.00174785
2 0.942187 0.975 0.115625 0.05 0.00206336
2 0.559375 0.93125 0.075 0.1375 0.00248248
2 0.967188 0.953125 0.065625 0.09375 0.011648
2 0.98125 0.81875 0.0375 0.3625 0.0251373
2 0.95625 0.779688 0.0875 0.440625 0.0642025
1 0.325 0.557813 0.2625 0.428125 0.886307
2 0.365625 0.821875 0.46875 0.35625 0.921545
2 0.823438 0.698438 0.278125 0.603125 0.929062
