2 0.853125 0.939062 0.26875 0.121875 0.00556259
2 0.982813 0.834375 0.034375 0.33125 0.0320605
2 0.046875 0.746875 0.09375 0.50625 0.0362972
2 0.95 0.96875 0.1 0.0625 0.160019
0 0.529688 0.135937 0.153125 0.234375 0.280452
2 0.95 0.903125 0.1 0.19375 0.303496
0 0.635938 0.142188 0.115625 0.265625 0.723917
0 0.385938 0.165625 0.159375 0.3 0.799766
0 0.390625 0.451562 0.15625 0.478125 0.88425
0 0.55 0.401563 0.1625 0.478125 0.896386
2 0.8125 0.742188 0.275 0.515625 0.941448
2 0.123438 0.735937 0.246875 0.528125 0.951418
