2 0.225 0.8 0.28125 0.35625 0.00113715
0 0.634375 0.464063 0.13125 0.196875 0.00238839
0 0.509375 0.195312 0.1125 0.346875 0.00322002
2 0.964063 0.80625 0.071875 0.36875 0.00343674
2 0.978125 0.8875 0.04375 0.225 0.00654927
2 0.985937 0.8 0.028125 0.35625 0.00745316
0 0.632812 0.576563 0.134375 0.403125 0.176222
0 0.5625 0.439063 0.2 0.146875 0.248794
0 0.634375 0.192188 0.18125 0.359375 0.866993
0 0.835938 0.65 0.253125 0.58125 0.909773
0 0.460938 0.245312 0.203125 0.453125 0.910604
0 0.564062 0.698438 0.265625 0.603125 0.913907
2 0.882812 0.810938 0.234375 0.378125 0.914805
