0 0.728125 0.56875 0.09375 0.4875 0.00165774
0 0.507812 0.421875 0.153125 0.19375 0.00422834
0 0.604688 0.485938 0.165625 0.528125 0.00451299
0 0.7875 0.328125 0.13125 0.16875 0.00476308
0 0.0375 0.08125 0.075 0.14375 0.00572053
0 0.521875 0.53125 0.11875 0.4125 0.273032
0 0.60625 0.339063 0.15 0.228125 0.626008
0 0.785937 0.45625 0.134375 0.425 0.645621
0 0.48125 0.290625 0.1625 0.2 0.694517
0 0.3625 0.185937 0.18125 0.315625 0.856304
0 0.328125 0.507812 0.20625 0.509375 0.873105
0 0.470313 0.648438 0.196875 0.615625 0.894827
0 0.8625 0.673437 0.21875 0.584375 0.911878
0 0.673437 0.623438 0.221875 0.590625 0.916912
