0 0.9969022 0.5890776634216308 0.6038251399993897 0.2100545883178711 0.6000542640686035
0 0.9866605 0.7576592445373536 0.32188143730163576 0.19190897941589355 0.2758355140686035
0 0.985629 0.7547768592834473 0.6289593696594238 0.2251124858856201 0.575960922241211
0 0.9515945 0.46421384811401367 0.2261341094970703 0.1877053499221802 0.3884075403213501
0 0.85174465 0.5645453929901123 0.3294945001602173 0.18951053619384767 0.19149298667907716
0 0.7553897 0.28868808746337893 0.3468297004699707 0.16168661117553712 0.45052947998046877
1 0.7385367 0.2879295349121094 0.34203553199768066 0.16860623359680177 0.459017276763916
0 0.61453974 0.6158616542816162 0.20235843658447267 0.20669336318969728 0.3533926486968994
0 0.26695308 0.6707822799682617 0.36217217445373534 0.09897594451904297 0.1700221061706543
0 0.2222472 0.5239784240722656 0.2578909873962402 0.17518787384033202 0.3921544075012207
0 0.129474 0.5747679233551025 0.35173954963684084 0.19647397994995117 0.3655369758605957
0 0.12500179 0.6692933082580567 0.5900778770446777 0.1138193130493164 0.6068421840667725
0 0.09577476 0.6093220233917236 0.3286225080490112 0.11064434051513672 0.16023564338684082
1 0.07932778 0.45951547622680666 0.21211752891540528 0.1726224899291992 0.3829125642776489
0 0.07132938 0.6418168544769287 0.3445742130279541 0.11748266220092773 0.17324905395507811
0 0.0678378 0.7785116672515869 0.4366731643676758 0.17610597610473633 0.207016921043396
0 0.063694805 0.6866917133331298 0.32690675258636476 0.2832282066345215 0.3115063190460205
2 0.060027927 0.7532651424407959 0.6220881938934326 0.22259511947631835 0.5674174308776856
