1 0.99130005 0.2925680875778198 0.3029303073883057 0.18335933685302735 0.2967856407165527
0 0.94195306 0.617473840713501 0.1627565622329712 0.15521821975708008 0.30327773094177246
1 0.93448424 0.3127907752990723 0.6035134315490722 0.23534116744995118 0.5492453098297119
0 0.93313545 0.8378812789916992 0.6647021293640136 0.25002059936523435 0.6084300994873046
0 0.8458168 0.4551236152648926 0.16754631996154784 0.12469625473022461 0.30104265213012693
1 0.4621368 0.32839150428771974 0.47028326988220215 0.19371540546417237 0.2952156066894531
0 0.2808025 0.6865066051483154 0.16365447044372558 0.08584384918212891 0.2948798179626465
2 0.1261546 0.8366974830627442 0.6577376842498779 0.2529083251953125 0.5910958290100098
2 0.086969845 0.30731232166290284 0.6051430702209473 0.2427441120147705 0.5424882888793945
1 0.08663477 0.43430142402648925 0.17194063663482667 0.16755685806274415 0.3177839756011963
0 0.058835942 0.5284931182861328 0.1626988410949707 0.25000753402709963 0.3137377738952637
0 0.05882635 0.31334800720214845 0.5981141090393066 0.23519589900970458 0.5520954132080078
0 0.054562755 0.29708008766174315 0.2967733860015869 0.18552808761596679 0.29757812023162844
