2 0.9969042 0.6963891506195068 0.7874404907226562 0.41777772903442384 0.4211719989776611
0 0.97549 0.8208104133605957 0.6231886863708496 0.198529052734375 0.4901700973510742
1 0.9721716 0.2532597303390503 0.2170032501220703 0.18522238731384277 0.39222002029418945
0 0.8968141 0.597703218460083 0.5902095317840577 0.2046441078186035 0.48563947677612307
2 0.5563955 0.8130231857299804 0.7029250144958497 0.21359901428222655 0.49530348777770994
2 0.42704245 0.5880992889404297 0.6415474891662598 0.2093647003173828 0.595064926147461
0 0.18255237 0.7859387397766113 0.6738363265991211 0.2837097644805908 0.2615508556365967
2 0.1049972 0.7608388423919678 0.7329771041870117 0.2398076057434082 0.32483534812927245
1 0.08543832 0.5940193176269531 0.5857634544372559 0.21328954696655272 0.4905702590942383
0 0.08037884 0.25886287689208987 0.21225404739379883 0.17881954908370973 0.39031429290771485
1 0.077956036 0.19829578399658204 0.26440489292144775 0.09692916870117188 0.2883779048919678
2 0.06595884 0.5949249267578125 0.8053313255310058 0.21395301818847656 0.3703144073486328
0 0.05021922 0.6738917827606201 0.6367178916931152 0.29035558700561526 0.5490871429443359
