0 0.9944882 0.8622677803039551 0.6390663146972656 0.22876853942871095 0.5121007919311523
0 0.9865986 0.6804064750671387 0.393716835975647 0.16251163482666015 0.4162022113800049
0 0.9796586 0.4809724807739258 0.34449920654296873 0.16913232803344727 0.48915681838989256
2 0.9758723 0.8869403839111328 0.9113999366760254 0.20981669425964355 0.17490215301513673
0 0.9733661 0.785295057296753 0.5102348327636719 0.1508347511291504 0.47357769012451173
0 0.96589845 0.40525569915771487 0.18495510816574096 0.16051528453826905 0.3326192617416382
0 0.90062124 0.5760250568389893 0.6702704906463623 0.22921791076660156 0.5843888282775879
1 0.8841308 0.2325725555419922 0.1738165020942688 0.1605970859527588 0.3139374017715454
0 0.47123495 0.6573058605194092 0.14240942001342774 0.15780773162841796 0.25362348556518555
0 0.41125554 0.23591985702514648 0.1709822416305542 0.15622901916503906 0.30493950843811035
2 0.37152177 0.5760480403900147 0.6546037673950196 0.2195664405822754 0.5856206893920899
0 0.20923726 0.7249361038208008 0.489825439453125 0.18116378784179688 0.5098837852478028
0 0.19305462 0.6682578563690186 0.5460040092468261 0.18584671020507812 0.5639516353607178
0 0.14555907 0.8012064933776856 0.410797119140625 0.14588775634765624 0.2702655792236328
1 0.09522369 0.47997288703918456 0.3487213373184204 0.16881024837493896 0.5332374095916748
0 0.06059502 0.6764663219451904 0.2600137948989868 0.17225170135498047 0.39200615882873535
2 0.059675705 0.5766773223876953 0.5235955238342285 0.2013528823852539 0.2953916549682617
1 0.054599587 0.40193352699279783 0.18575141429901124 0.15882513523101807 0.3530160427093506
0 0.052944824 0.5785390853881835 0.5102856636047364 0.19134283065795898 0.29208624362945557
0 0.05175494 0.5355958938598633 0.46242785453796387 0.1577303886413574 0.22425296306610107
