2 0.99934715 0.7194455146789551 0.851710033416748 0.3284503936767578 0.2960317134857178
0 0.9977451 0.7410106658935547 0.5281965732574463 0.202260160446167 0.41495609283447266
1 0.9923872 0.3090712547302246 0.47495055198669434 0.17774500846862792 0.5241871833801269
0 0.9789205 0.49136714935302733 0.5750459671020508 0.2030588150024414 0.5330480575561524
0 0.9789009 0.7763769626617432 0.3057165384292603 0.1622544288635254 0.3416102886199951
0 0.96441776 0.49399805068969727 0.20077090263366698 0.15494699478149415 0.3679839611053467
0 0.9322191 0.643962049484253 0.2946218490600586 0.1746190071105957 0.36937589645385743
0 0.90365803 0.7705850601196289 0.43059649467468264 0.18492980003356935 0.45821323394775393
1 0.3391085 0.33107266426086424 0.15487507581710816 0.12533092498779297 0.26490609645843505
0 0.20499434 0.7085350513458252 0.2940480709075928 0.1902909278869629 0.3271381378173828
0 0.14113364 0.3297277450561523 0.14301310777664183 0.12089014053344727 0.23105108737945557
0 0.13015334 0.4899155616760254 0.2674954891204834 0.14107990264892578 0.17354269027709962
0 0.110924974 0.6596130847930908 0.46706080436706543 0.14943227767944336 0.4060380935668945
0 0.08903512 0.6508970737457276 0.36109471321105957 0.13822097778320314 0.2046060562133789
1 0.080982745 0.48741698265075684 0.5753640174865723 0.20466556549072265 0.5688147068023681
2 0.0668735 0.4902097225189209 0.5660019874572754 0.20893001556396484 0.5084432601928711
0 0.064856485 0.7910209178924561 0.41767048835754395 0.1667649269104004 0.23263683319091796
0 0.06308699 0.564760398864746 0.18543469905853271 0.17460966110229492 0.3441739559173584
0 0.061738342 0.3126394748687744 0.4732783794403076 0.18080289363861085 0.52001953125
