0 0.9900856 0.7123616218566895 0.29446094036102294 0.18794803619384765 0.3925920963287354
2 0.98893845 0.8291309356689454 0.6871738910675049 0.30365328788757323 0.6251307487487793
1 0.97798604 0.27535314559936525 0.21604201793670655 0.20063576698303223 0.39317145347595217
0 0.9680482 0.39634487628936765 0.6728948593139649 0.2587703227996826 0.5647985458374023
0 0.91801095 0.6703885555267334 0.6772099494934082 0.20033597946166992 0.6150166988372803
2 0.6638348 0.738031530380249 0.6883124828338623 0.23829984664916992 0.6210124015808105
1 0.23798272 0.22345197200775146 0.20985209941864014 0.10363359451293945 0.3770586490631104
2 0.119385935 0.6627978801727294 0.671605396270752 0.21280994415283203 0.6215544223785401
0 0.1118813 0.8344542503356933 0.691133975982666 0.3136583805084229 0.6092893123626709
2 0.10066475 0.3940258979797363 0.6733993053436279 0.2487123727798462 0.5747414588928222
1 0.07528753 0.3891312122344971 0.660954475402832 0.26221466064453125 0.58712158203125
0 0.0636319 0.2612745761871338 0.21640443801879883 0.20869603157043456 0.4061703681945801
0 0.06304074 0.7051688671112061 0.4306490898132324 0.13990335464477538 0.1513514518737793
