0 0.99439406 0.4326035022735596 0.40668621063232424 0.19476759433746338 0.4893980026245117
0 0.9565651 0.6292109012603759 0.16292457580566405 0.13634862899780273 0.2973152160644531
0 0.9054873 0.7463851928710937 0.6351806640625 0.2444969654083252 0.5951267719268799
1 0.84957856 0.0655547022819519 0.6661785125732422 0.1311094045639038 0.5223939895629883
1 0.78750235 0.3039611577987671 0.21625170707702637 0.2013716220855713 0.4133609771728516
0 0.4089276 0.30318422317504884 0.21501655578613282 0.1996713399887085 0.40044689178466797
2 0.342211 0.05969269275665283 0.6639430046081543 0.11938538551330566 0.5340686798095703
2 0.20464005 0.7480534553527832 0.6346402645111084 0.24220542907714843 0.5819424629211426
0 0.16423295 0.06699928641319275 0.6711843013763428 0.13324395418167115 0.5487822532653809
1 0.11185385 0.7477473258972168 0.637460470199585 0.24571709632873534 0.5849770545959473
0 0.07697659 0.40898990631103516 0.31181182861328127 0.1617511749267578 0.3588815450668335
0 0.074794784 0.34676921367645264 0.2288691759109497 0.10505490303039551 0.3794516086578369
1 0.060986586 0.34547173976898193 0.22497482299804689 0.10454955101013183 0.3908505439758301
