0 0.99550027 0.6924485683441162 0.4633195877075195 0.20668392181396483 0.5439217567443848
0 0.99040025 0.5420640468597412 0.19834558963775634 0.19873228073120117 0.3742236614227295
0 0.85494655 0.3779754161834717 0.20843894481658937 0.1634603261947632 0.3866072177886963
1 0.8011494 0.34162197113037107 0.5680028915405273 0.2308427572250366 0.5526821613311768
1 0.76446605 0.2413404941558838 0.46195282936096194 0.17908316850662231 0.5534845352172851
1 0.49611735 0.3794198274612427 0.24482736587524415 0.167503023147583 0.45798530578613283
0 0.42022026 0.33511250019073485 0.5721558094024658 0.22662100791931153 0.5532877922058106
1 0.26419804 0.24128389358520508 0.3542496204376221 0.15982886552810668 0.30780229568481443
0 0.22342171 0.23822553157806398 0.14688448905944823 0.1648475170135498 0.257811450958252
0 0.19186714 0.2364720106124878 0.3667139530181885 0.16189018487930298 0.3767544746398926
1 0.16451408 0.23476729393005372 0.19513895511627197 0.1614865779876709 0.3235067844390869
2 0.16216375 0.33595225811004636 0.5664396286010742 0.237833833694458 0.554514741897583
0 0.092195526 0.4456357479095459 0.20669095516204833 0.2183295249938965 0.39890360832214355
