0 0.9903347 0.6651368141174316 0.2121652126312256 0.1799635887145996 0.4088595390319824
2 0.92920345 0.788818645477295 0.7022910118103027 0.25716071128845214 0.5954179286956787
1 0.85736346 0.2513499021530151 0.15022289752960205 0.13974509239196778 0.26172852516174316
0 0.6637058 0.31793551445007323 0.5683120727539063 0.27068490982055665 0.49854354858398436
1 0.5426781 0.31590733528137205 0.5749417304992676 0.28219940662384035 0.507281494140625
2 0.3816953 0.3126518726348877 0.5674022674560547 0.2586176872253418 0.4815813064575195
0 0.15284349 0.7796599388122558 0.6944070339202881 0.23581466674804688 0.6100459098815918
0 0.064348064 0.25665152072906494 0.1487514019012451 0.12961831092834472 0.2641338348388672
2 0.06384676 0.8501007080078125 0.7042755603790283 0.1454301357269287 0.5115738868713379
0 0.0517756 0.8430872917175293 0.7076942443847656 0.16825127601623535 0.5427387237548829
