0 0.9968176 0.5362745761871338 0.23608133792877198 0.1749582290649414 0.4293188571929932
0 0.980789 0.5219063282012939 0.6372450351715088 0.20924835205078124 0.5514298439025879
0 0.9684097 0.7093964099884034 0.40238523483276367 0.20658369064331056 0.5285164833068847
1 0.9506527 0.22024521827697754 0.18469877243041993 0.13637620210647583 0.32522077560424806
0 0.8434808 0.33380703926086425 0.34946861267089846 0.19910335540771484 0.5207324981689453
1 0.6316283 0.3295194149017334 0.3513329982757568 0.20744800567626953 0.5345778465270996
1 0.15952617 0.7120366096496582 0.40801100730895995 0.21312789916992186 0.5223454475402832
0 0.13709198 0.21586217880249023 0.18151562213897704 0.12940058708190919 0.3082919120788574
1 0.115555495 0.30250399112701415 0.23065388202667236 0.2155698299407959 0.3991418361663818
2 0.05565109 0.5204530715942383 0.639637565612793 0.20956649780273437 0.5576202869415283
