2 0.9994653 0.14114904403686523 0.7860558509826661 0.2634449005126953 0.4278882503509521
2 0.9989316 0.8984383583068848 0.7995519638061523 0.19822840690612792 0.4008961200714111
0 0.9898483 0.42034225463867186 0.1422785520553589 0.1758352279663086 0.25249714851379396
0 0.9894076 0.3758680820465088 0.48094754219055175 0.21108658313751222 0.6825509071350098
0 0.9833771 0.5294703006744385 0.280319356918335 0.16191377639770507 0.33997812271118166
0 0.9793465 0.5688307762145997 0.6125144004821778 0.19586868286132814 0.5195779800415039
0 0.95159924 0.6923478126525879 0.22760615348815919 0.1991893768310547 0.41621980667114256
0 0.45246017 0.3695693492889404 0.31487069129943845 0.19506709575653075 0.361815071105957
1 0.33965138 0.5688762187957763 0.6170163631439209 0.1917886734008789 0.532630443572998
1 0.10975582 0.6977204322814942 0.2241485595703125 0.187393856048584 0.4206233978271484
0 0.05985499 0.5657258987426758 0.23691468238830565 0.134747314453125 0.3546886444091797
2 0.054290056 0.9294005393981933 0.6980062007904053 0.13530635833740234 0.18268566131591796
