2 0.99804866 0.9064491271972657 0.7413113594055176 0.18381309509277344 0.5173772811889649
2 0.9976978 0.4102776050567627 0.7576328754425049 0.33932087421417234 0.47231321334838866
0 0.9965257 0.7193864822387696 0.37303791046142576 0.19396500587463378 0.5516574859619141
0 0.98278975 0.5251137733459472 0.2400620698928833 0.1800313949584961 0.4238881587982178
0 0.951115 0.5757447719573975 0.6482138633728027 0.2537050247192383 0.6042205810546875
2 0.68520856 0.5217621326446533 0.717085599899292 0.24850234985351563 0.5094443321228027
0 0.29602084 0.6474950313568115 0.2773254156112671 0.15814533233642578 0.4399364948272705
0 0.18289213 0.5888762950897217 0.24689910411834717 0.17202367782592773 0.4140326023101807
0 0.124394275 0.49337568283081057 0.19700229167938232 0.10622806549072265 0.3415657043457031
2 0.116950035 0.5756627082824707 0.6165177822113037 0.24328022003173827 0.5381623268127441
0 0.08134214 0.6195035934448242 0.4727653980255127 0.22819318771362304 0.23188884258270265
0 0.08050724 0.624980878829956 0.26768906116485597 0.07073507308959961 0.3842013835906982
0 0.06740123 0.5873098850250245 0.3845247507095337 0.2209676742553711 0.4815176486968994
0 0.062416773 0.5399999618530273 0.3136026620864868 0.13158416748046875 0.26947436332702634
0 0.059059802 0.649507713317871 0.4892590999603271 0.19390830993652344 0.38730411529541015
0 0.05644922 0.9099573135375977 0.7345596313476562 0.18008527755737305 0.5308806896209717
