2 0.99888986 0.27283143997192383 0.8109888076782227 0.4252195358276367 0.37344608306884763
0 0.99676895 0.7741117477416992 0.5225428581237793 0.19227542877197265 0.533784294128418
0 0.98597205 0.6204563617706299 0.5111232280731202 0.1842639923095703 0.48900423049926756
0 0.976183 0.5319794178009033 0.3402280807495117 0.16186847686767578 0.3522217035293579
0 0.9042902 0.7116458892822266 0.17723219394683837 0.16567859649658204 0.29999327659606934
2 0.8907936 0.4857779502868652 0.6846935272216796 0.2878291130065918 0.6130112171173095
0 0.53189045 0.4886349678039551 0.6871010303497315 0.2878425598144531 0.6257979393005371
0 0.5059311 0.6790501594543457 0.4812323093414307 0.19652652740478516 0.5250249862670898
0 0.2926721 0.5322179794311523 0.4481844425201416 0.21931095123291017 0.44780969619750977
0 0.1937653 0.5792955875396728 0.3737199783325195 0.18362350463867189 0.3757047414779663
0 0.15427728 0.550728702545166 0.2683751344680786 0.17724847793579102 0.19485163688659668
0 0.15389577 0.5577480316162109 0.5828496932983398 0.16677989959716796 0.46231861114501954
0 0.13127263 0.5655427932739258 0.24677517414093017 0.2058879852294922 0.37636828422546387
0 0.086448856 0.6438764572143555 0.1878664970397949 0.22959432601928711 0.33290934562683105
0 0.07162807 0.5792104721069335 0.5300716400146485 0.2315683364868164 0.7143909931182861
1 0.06360312 0.7094624042510986 0.1698124051094055 0.16288433074951172 0.28001081943511963
0 0.052676238 0.4982443332672119 0.4379544258117676 0.12371692657470704 0.1316840887069702
