0 0.9773661 0.41518611907958985 0.24770922660827638 0.16640233993530273 0.4528999328613281
0 0.9688579 0.5641854286193848 0.2076643943786621 0.17651596069335937 0.38907251358032224
0 0.96680653 0.7289292335510253 0.3143612384796143 0.1985647201538086 0.5364321708679199
1 0.838363 0.03619302213191986 0.5981243133544922 0.0668043076992035 0.5747082233428955
1 0.70461965 0.23724832534790039 0.2616917610168457 0.17934098243713378 0.4912832260131836
0 0.6579124 0.23738138675689696 0.24953413009643555 0.16774144172668456 0.46335926055908205
2 0.5361816 0.035969209671020505 0.6003927707672119 0.06916558742523193 0.5524737358093261
0 0.16619176 0.6429904937744141 0.24625077247619628 0.18777017593383788 0.4574591636657715
1 0.09330138 0.7298788070678711 0.3143676996231079 0.20069217681884766 0.5539783954620361
1 0.06966562 0.41527276039123534 0.2424975872039795 0.16915426254272461 0.4662322044372559
0 0.05618859 0.5064502716064453 0.19542829990386962 0.08373556137084961 0.36487507820129395
