0 0.991619 0.7613242149353028 0.4918865203857422 0.22278156280517578 0.5746585845947265
0 0.9899714 0.4799694061279297 0.28958654403686523 0.19072458744049073 0.2931378364562988
0 0.9880989 0.6100659370422363 0.32466845512390136 0.16156206130981446 0.45485353469848633
0 0.97648174 0.4990102767944336 0.5996583461761474 0.22731075286865235 0.5884427070617676
0 0.45528197 0.5468722820281983 0.3184376239776611 0.17644453048706055 0.39633655548095703
0 0.14955245 0.5092021942138671 0.43062520027160645 0.226432204246521 0.21557397842407228
1 0.14290637 0.49770550727844237 0.6043078899383545 0.21402130126953126 0.5921790122985839
0 0.10857397 0.49978461265563967 0.4438951015472412 0.20392627716064454 0.4737713813781738
0 0.0758917 0.5092911720275879 0.4073362350463867 0.20544719696044922 0.08227145671844482
2 0.07151771 0.4975579738616943 0.6021542549133301 0.20765066146850586 0.6005889892578125
0 0.061198305 0.6118453979492188 0.0979946494102478 0.13053712844848633 0.1610058069229126
0 0.05211459 0.7051700115203857 0.37739522457122804 0.17828292846679689 0.46689591407775877
