0 0.98482484 0.7429999351501465 0.33675851821899416 0.18967537879943847 0.39399471282958987
0 0.9781805 0.6980987548828125 0.5438028335571289 0.21553535461425782 0.5210525035858155
0 0.9614468 0.5478781223297119 0.16292943954467773 0.14954919815063478 0.29999866485595705
0 0.87446105 0.5229273796081543 0.6076457977294922 0.1800546646118164 0.5717602252960206
0 0.59596896 0.4155416965484619 0.11161971092224121 0.11907703876495361 0.19925087690353394
0 0.59332377 0.6228806972503662 0.5794989585876464 0.30271520614624026 0.5613632202148438
1 0.23723432 0.5204521179199219 0.6017879009246826 0.19330959320068358 0.5763314247131348
0 0.13864413 0.634326171875 0.5445406436920166 0.16193008422851562 0.4876727104187012
0 0.10370253 0.6639744281768799 0.16941113471984864 0.11100387573242188 0.3007552146911621
1 0.091472104 0.6187933444976806 0.5810049533843994 0.307430362701416 0.5632378578186035
0 0.06800519 0.7008641719818115 0.21983602046966552 0.13643245697021483 0.2524240970611572
