0 0.9968804 0.83212251663208 0.6038256645202636 0.21661620140075682 0.5552772521972656
0 0.9915045 0.691669511795044 0.3402904987335205 0.21636734008789063 0.5036911010742188
0 0.9761643 0.5041460514068603 0.3316991329193115 0.14630422592163086 0.5256016731262207
1 0.7565051 0.3968392848968506 0.48067946434020997 0.1853581666946411 0.5437748908996582
0 0.6773933 0.3955905199050903 0.475555944442749 0.1882176876068115 0.5665987968444824
0 0.48743662 0.46367583274841306 0.3848207950592041 0.1596780776977539 0.5334044456481933
0 0.27628028 0.6551244258880615 0.23953170776367189 0.1570281982421875 0.3702235221862793
0 0.20693623 0.7677352905273438 0.5419049263000488 0.12104015350341797 0.48919172286987306
0 0.13730389 0.7669435501098633 0.41058802604675293 0.0809898853302002 0.2488865852355957
1 0.0992746 0.4642460823059082 0.3873568534851074 0.15900304317474365 0.5419816970825195
0 0.086442 0.5965264320373536 0.32758526802062987 0.17775497436523438 0.49200944900512694
0 0.07464902 0.7487938880920411 0.4217653274536133 0.13350920677185057 0.3599918127059937
0 0.067839056 0.7225094795227051 0.4653313636779785 0.19528541564941407 0.5023323059082031
1 0.057262037 0.5060688495635987 0.32961573600769045 0.14376630783081054 0.5345034599304199
