2 0.00112105 0.0421875 0.828125 0.084375 0.34375
1 0.00116089 0.01875 0.657812 0.0375 0.459375
2 0.00148388 0.028125 0.865625 0.05625 0.26875
2 0.00234212 0.015625 0.7875 0.03125 0.425
2 0.0027021 0.01875 0.81875 0.0375 0.3625
0 0.00316721 0.0265625 0.667188 0.053125 0.609375
1 0.00331562 0.025 0.65625 0.05 0.525
2 0.00338924 0.0328125 0.757812 0.065625 0.484375
0 0.00372262 0.0390625 0.0796875 0.078125 0.134375
0 0.00446207 0.0546875 0.623438 0.109375 0.534375
2 0.00580489 0.0734375 0.707812 0.140625 0.584375
2 0.0058577 0.021875 0.709375 0.04375 0.58125
0 0.00698098 0.01875 0.6875 0.0375 0.625
0 0.87359 0.101562 0.615625 0.190625 0.53125
2 0.921638 0.198437 0.70625 0.215625 0.58125
