2 0.0010018 0.034375 0.754687 0.06875 0.484375
0 0.00124333 0.234375 0.457812 0.2125 0.240625
0 0.00129989 0.221875 0.56875 0.20625 0.43125
0 0.00144152 0.0796875 0.65 0.103125 0.61875
0 0.00169683 0.551562 0.65625 0.121875 0.48125
2 0.00182964 0.0453125 0.889063 0.090625 0.221875
2 0.00187452 0.065625 0.909375 0.13125 0.18125
0 0.00237869 0.028125 0.679688 0.05625 0.634375
0 0.00276546 0.275 0.420312 0.15625 0.259375
2 0.00286417 0.0265625 0.821875 0.053125 0.35625
2 0.00347174 0.021875 0.704687 0.04375 0.590625
0 0.00441212 0.253125 0.532812 0.175 0.378125
0 0.00493121 0.090625 0.632812 0.175 0.640625
2 0.00580566 0.0078125 0.876562 0.015625 0.246875
1 0.00914732 0.284375 0.420312 0.16875 0.253125
1 0.014155 0.328125 0.664062 0.16875 0.428125
2 0.0158393 0.009375 0.784375 0.01875 0.43125
1 0.0751997 0.298438 0.448438 0.184375 0.309375
1 0.608217 0.332812 0.592188 0.146875 0.559375
1 0.714915 0.303125 0.579687 0.19375 0.584375
0 0.826716 0.2 0.645312 0.25625 0.615625
0 0.909002 0.50625 0.701563 0.2125 0.596875
2 0.923436 0.251563 0.785937 0.303125 0.428125
