0 0.00113297 0.773438 0.520312 0.090625 0.384375
0 0.00117115 0.282813 0.578125 0.134375 0.50625
0 0.00150869 0.698438 0.245312 0.165625 0.196875
0 0.00150872 0.745313 0.33125 0.184375 0.25625
0 0.00179884 0.726562 0.451562 0.203125 0.471875
0 0.00189848 0.990625 0.68125 0.01875 0.475
0 0.00195968 0.879687 0.515625 0.128125 0.28125
0 0.00304077 0.753125 0.546875 0.10625 0.45625
0 0.00617163 0.570312 0.154687 0.115625 0.284375
0 0.00748417 0.2875 0.628125 0.10625 0.525
0 0.0113409 0.753125 0.375 0.16875 0.34375
0 0.0657781 0.673437 0.126563 0.153125 0.240625
0 0.132131 0.485938 0.198437 0.134375 0.346875
0 0.132136 0.723437 0.6125 0.115625 0.6125
0 0.632947 0.75625 0.440625 0.1625 0.475
0 0.769572 0.345313 0.679688 0.140625 0.534375
0 0.775751 0.714063 0.614062 0.171875 0.596875
0 0.79519 0.282813 0.642187 0.271875 0.640625
0 0.855423 0.345313 0.23125 0.165625 0.40625
0 0.888718 0.901563 0.6375 0.171875 0.53125
0 0.888837 0.467187 0.53125 0.184375 0.55
0 0.889179 0.610937 0.623438 0.234375 0.628125
