2 0.00109753 0.0765625 0.89375 0.153125 0.2125
2 0.00113291 0.009375 0.721875 0.01875 0.34375
2 0.00129548 0.025 0.909375 0.05 0.18125
2 0.00138359 0.028125 0.864062 0.05625 0.271875
2 0.00171512 0.0984375 0.875 0.196875 0.25
1 0.00197883 0.315625 0.179688 0.13125 0.328125
2 0.00211185 0.0234375 0.776563 0.046875 0.440625
2 0.00264723 0.0125 0.759375 0.025 0.4125
2 0.00273398 0.1125 0.934375 0.225 0.13125
2 0.0235689 0.0609375 0.80625 0.121875 0.3875
2 0.944802 0.1125 0.776563 0.225 0.446875
