0 0.00103667 0.015625 0.446875 0.03125 0.21875
0 0.00107662 0.0234375 0.695312 0.046875 0.484375
0 0.00113548 0.046875 0.448438 0.09375 0.196875
0 0.00128662 0.0578125 0.407813 0.084375 0.115625
0 0.00187268 0.015625 0.503125 0.03125 0.325
0 0.00219081 0.04375 0.423438 0.0875 0.153125
0 0.00302455 0.025 0.610937 0.05 0.534375
0 0.0036334 0.0171875 0.5625 0.034375 0.4375
0 0.00403542 0.065625 0.6375 0.13125 0.58125
0 0.00430656 0.03125 0.676562 0.0625 0.559375
0 0.219573 0.0375 0.61875 0.075 0.55625
1 0.881009 0.354688 0.195312 0.184375 0.359375
2 0.944835 0.382812 0.698438 0.290625 0.596875
0 0.948399 0.110937 0.648438 0.221875 0.596875
