2 0.00129884 0.975 0.7375 0.05 0.3
0 0.00251715 0.55625 0.665625 0.1375 0.45625
2 0.00574097 0.94375 0.885938 0.1125 0.228125
2 0.00585575 0.984375 0.751562 0.03125 0.334375
2 0.00687773 0.975 0.782812 0.05 0.421875
2 0.00855831 0.951563 0.789062 0.096875 0.421875
2 0.0119875 0.98125 0.796875 0.0375 0.40625
2 0.0184828 0.964063 0.734375 0.071875 0.525
2 0.445332 0.9625 0.814062 0.075 0.371875
2 0.516595 0.960938 0.88125 0.078125 0.2375
0 0.879064 0.542188 0.720312 0.178125 0.559375
2 0.930297 0.446875 0.723437 0.25625 0.553125
0 0.931329 0.39375 0.239063 0.2 0.446875
