0 0.0012241 0.0265625 0.465625 0.053125 0.16875
0 0.00138487 0.0671875 0.639063 0.121875 0.228125
0 0.00209042 0.301562 0.596875 0.121875 0.425
2 0.00220931 0.053125 0.773438 0.10625 0.434375
0 0.00221079 0.040625 0.68125 0.08125 0.5625
0 0.00339595 0.025 0.589063 0.05 0.403125
0 0.00444967 0.028125 0.49375 0.05625 0.225
2 0.00860249 0.0359375 0.692187 0.071875 0.496875
0 0.00885511 0.0203125 0.485938 0.040625 0.253125
0 0.017596 0.021875 0.545313 0.04375 0.365625
2 0.1029 0.025 0.753125 0.05 0.49375
0 0.748314 0.0625 0.68125 0.125 0.55625
0 0.90477 0.595312 0.628125 0.178125 0.58125
2 0.916394 0.151562 0.784375 0.303125 0.43125
0 0.917001 0.28125 0.69375 0.225 0.6
1 0.923447 0.357812 0.370313 0.209375 0.546875
0 0.934256 0.765625 0.664062 0.25625 0.659375
