2 0.00104016 0.957812 0.796875 0.084375 0.40625
2 0.00123746 0.384375 0.576563 0.18125 0.309375
2 0.00172182 0.446875 0.848437 0.38125 0.303125
2 0.00184179 0.425 0.882812 0.35 0.234375
2 0.00208938 0.989062 0.770312 0.021875 0.459375
0 0.0027637 0.040625 0.0796875 0.08125 0.146875
0 0.535164 0.729688 0.69375 0.215625 0.6125
2 0.537024 0.729688 0.689062 0.215625 0.609375
0 0.774249 0.878125 0.473437 0.175 0.246875
0 0.859922 0.60625 0.417188 0.1875 0.303125
0 0.866432 0.29375 0.192188 0.18125 0.353125
2 0.879647 0.378125 0.710938 0.19375 0.578125
2 0.932137 0.509375 0.7125 0.30625 0.575
2 0.933097 0.839063 0.740625 0.321875 0.51875
