0 0.00100991 0.0125 0.428125 0.025 0.16875
0 0.00103062 0.034375 0.68125 0.06875 0.50625
2 0.00145424 0.1 0.639063 0.05625 0.515625
0 0.00163531 0.034375 0.08125 0.06875 0.15
0 0.0021788 0.025 0.560938 0.05 0.434375
0 0.00273527 0.0171875 0.440625 0.034375 0.19375
0 0.00329069 0.0234375 0.459375 0.046875 0.23125
0 0.00401424 0.028125 0.50625 0.05625 0.325
0 0.00540728 0.101562 0.645312 0.053125 0.503125
0 0.0132547 0.025 0.6875 0.05 0.59375
0 0.873671 0.601562 0.215625 0.190625 0.4125
2 0.877843 0.760938 0.671875 0.334375 0.65625
0 0.917887 0.065625 0.642187 0.13125 0.596875
