0 0.00109869 0.0421875 0.473437 0.084375 0.265625
0 0.00123686 0.034375 0.43125 0.06875 0.18125
0 0.00135727 0.0125 0.423438 0.025 0.184375
0 0.00381412 0.0171875 0.446875 0.034375 0.21875
0 0.0041008 0.0234375 0.46875 0.046875 0.25625
0 0.00502064 0.03125 0.596875 0.0625 0.5125
0 0.00669588 0.0296875 0.496875 0.059375 0.31875
0 0.0179627 0.679688 0.198437 0.128125 0.353125
0 0.0294307 0.0375 0.673437 0.075 0.528125
0 0.0432549 0.0640625 0.65 0.078125 0.44375
0 0.870396 0.05 0.640625 0.1 0.60625
0 0.896721 0.6375 0.301562 0.19375 0.553125
0 0.898771 0.359375 0.221875 0.1625 0.40625
2 0.940775 0.810938 0.689062 0.315625 0.621875
