0 0.00114188 0.984375 0.74375 0.03125 0.5125
2 0.00125144 0.975 0.8 0.05 0.4
2 0.00134152 0.940625 0.8 0.11875 0.4
2 0.00148069 0.984375 0.74375 0.03125 0.50625
2 0.00171533 0.989062 0.798437 0.021875 0.396875
0 0.00174013 0.959375 0.657812 0.08125 0.521875
0 0.00226711 0.9125 0.759375 0.175 0.48125
0 0.00326059 0.0375 0.0796875 0.075 0.146875
0 0.00616892 0.98125 0.678125 0.0375 0.4625
0 0.00903386 0.976562 0.740625 0.046875 0.5125
0 0.853987 0.2125 0.1625 0.14375 0.29375
0 0.89542 0.598437 0.24375 0.178125 0.4625
0 0.898496 0.865625 0.628125 0.2625 0.525
0 0.90427 0.698438 0.421875 0.178125 0.53125
2 0.923542 0.785937 0.8125 0.415625 0.375
