2 0.00111121 0.2 0.403125 0.13125 0.15
1 0.00140577 0.3125 0.123438 0.14375 0.209375
2 0.00156397 0.210938 0.457812 0.159375 0.259375
1 0.00163834 0.207813 0.46875 0.171875 0.28125
1 0.00168124 0.226562 0.660937 0.240625 0.665625
1 0.00219947 0.148438 0.657812 0.215625 0.634375
2 0.0028586 0.021875 0.70625 0.04375 0.5875
2 0.0123768 0.03125 0.70625 0.0625 0.54375
2 0.0293526 0.220313 0.659375 0.190625 0.6625
1 0.0385629 0.20625 0.632812 0.1625 0.609375
1 0.0431314 0.204688 0.539062 0.153125 0.421875
2 0.86704 0.0484375 0.670313 0.096875 0.646875
2 0.917797 0.209375 0.671875 0.28125 0.65625
2 0.937549 0.459375 0.740625 0.28125 0.51875
2 0.943519 0.64375 0.767187 0.3875 0.465625
