0 0.00107944 0.985937 0.757812 0.028125 0.484375
0 0.00185024 0.960938 0.778125 0.078125 0.44375
0 0.00188791 0.990625 0.746875 0.01875 0.50625
2 0.00354357 0.989062 0.784375 0.021875 0.43125
2 0.00620055 0.978125 0.753125 0.04375 0.49375
0 0.180478 0.795313 0.454688 0.184375 0.271875
0 0.810789 0.79375 0.5625 0.18125 0.4875
0 0.882841 0.609375 0.19375 0.2 0.36875
0 0.902111 0.453125 0.21875 0.175 0.4
0 0.918759 0.442187 0.696875 0.246875 0.60625
0 0.922937 0.871875 0.707812 0.25625 0.584375
