2 0.00202097 0.792188 0.982813 0.159375 0.034375
2 0.00205111 0.0390625 0.8875 0.078125 0.225
2 0.00315886 0.0609375 0.904688 0.121875 0.190625
2 0.00882271 0.985937 0.853125 0.028125 0.29375
1 0.00946229 0.423438 0.609375 0.140625 0.6
2 0.0150447 0.978125 0.8625 0.04375 0.275
2 0.0153037 0.951563 0.8625 0.096875 0.275
2 0.0283129 0.3625 0.8125 0.28125 0.375
2 0.132679 0.151562 0.917188 0.303125 0.165625
2 0.20528 0.115625 0.917188 0.23125 0.165625
1 0.769239 0.414062 0.476562 0.109375 0.321875
1 0.849423 0.326562 0.475 0.140625 0.3375
1 0.864913 0.479688 0.64375 0.190625 0.55625
2 0.909525 0.254687 0.8125 0.509375 0.375
2 0.914363 0.8625 0.8625 0.275 0.275
