0 0.00101625 0.548437 0.514063 0.121875 0.109375
2 0.00125886 0.517187 0.528125 0.078125 0.1125
0 0.00133842 0.629687 0.117188 0.178125 0.209375
0 0.00197144 0.0375 0.08125 0.075 0.14375
0 0.00209887 0.990625 0.654688 0.01875 0.546875
0 0.00230153 0.9625 0.68125 0.075 0.6375
0 0.00277674 0.659375 0.114063 0.15 0.209375
2 0.00401546 0.585938 0.51875 0.196875 0.13125
0 0.00459898 0.9875 0.695312 0.025 0.559375
0 0.0051514 0.575 0.517187 0.1625 0.128125
2 0.014937 0.54375 0.521875 0.11875 0.125
0 0.755294 0.601562 0.470313 0.209375 0.253125
0 0.808902 0.679688 0.340625 0.221875 0.425
2 0.833948 0.409375 0.690625 0.175 0.3875
0 0.887136 0.471875 0.342187 0.20625 0.365625
2 0.898226 0.5125 0.801562 0.425 0.396875
2 0.920428 0.609375 0.7125 0.25 0.5
0 0.939342 0.879687 0.667188 0.240625 0.665625
