2 0.0013703 0.0171875 0.778125 0.034375 0.44375
2 0.00150453 0.157813 0.459375 0.153125 0.20625
2 0.00165018 0.110937 0.464063 0.065625 0.153125
2 0.00190355 0.0328125 0.88125 0.065625 0.23125
2 0.00193453 0.14375 0.457812 0.11875 0.159375
1 0.00231982 0.6875 0.534375 0.23125 0.49375
2 0.00253008 0.134375 0.498437 0.1125 0.178125
2 0.00793559 0.117188 0.473437 0.071875 0.128125
1 0.884451 0.721875 0.56875 0.21875 0.575
1 0.906598 0.579687 0.535937 0.215625 0.434375
1 0.916637 0.1875 0.651563 0.21875 0.609375
2 0.919267 0.1 0.690625 0.2 0.61875
