2 0.0013425 0.0421875 0.698438 0.084375 0.603125
1 0.0017317 0.04375 0.69375 0.0875 0.60625
2 0.00600643 0.0125 0.521875 0.025 0.2875
0 0.0171805 0.0125 0.565625 0.025 0.38125
2 0.0175932 0.015625 0.773438 0.03125 0.446875
2 0.0201373 0.0109375 0.584375 0.021875 0.4125
1 0.0395492 0.0125 0.626562 0.025 0.471875
1 0.0402198 0.0140625 0.690625 0.028125 0.6125
2 0.106475 0.0140625 0.651563 0.028125 0.515625
2 0.259166 0.0171875 0.695312 0.034375 0.603125
1 0.864472 0.595312 0.192188 0.165625 0.365625
1 0.880178 0.45 0.164062 0.175 0.303125
1 0.922963 0.445312 0.6125 0.234375 0.575
