2 0.00114844 0.634375 0.557813 0.21875 0.484375
0 0.00181082 0.70625 0.540625 0.11875 0.44375
1 0.00299796 0.710938 0.542188 0.109375 0.434375
2 0.00300082 0.709375 0.54375 0.1125 0.4375
2 0.00381404 0.659375 0.432813 0.225 0.265625
0 0.00463749 0.654688 0.414062 0.221875 0.228125
1 0.00605883 0.651563 0.364062 0.203125 0.146875
0 0.00826692 0.68125 0.434375 0.175 0.2625
1 0.0210892 0.654688 0.432813 0.234375 0.259375
0 0.0221839 0.653125 0.353125 0.18125 0.125
0 0.0253534 0.653125 0.367188 0.2125 0.146875
0 0.0389946 0.667188 0.576563 0.196875 0.559375
1 0.0497847 0.654688 0.460938 0.196875 0.334375
2 0.0519133 0.6625 0.528125 0.2 0.4625
1 0.0597301 0.653125 0.5375 0.20625 0.475
1 0.100003 0.651563 0.392188 0.228125 0.190625
1 0.851027 0.35625 0.160938 0.15625 0.284375
1 0.920183 0.3625 0.515625 0.2 0.49375
2 0.930766 0.640625 0.648438 0.24375 0.646875
