2 0.00144658 0.028125 0.765625 0.05625 0.275
0 0.00250695 0.682813 0.0515625 0.190625 0.103125
2 0.0025669 0.034375 0.801562 0.06875 0.378125
2 0.00340475 0.984375 0.8 0.03125 0.38125
2 0.0035649 0.0203125 0.795313 0.040625 0.409375
2 0.00430005 0.965625 0.803125 0.06875 0.38125
0 0.0083788 0.673437 0.0453125 0.146875 0.090625
2 0.697916 0.0671875 0.83125 0.134375 0.3375
0 0.897972 0.704687 0.271875 0.203125 0.5125
0 0.917406 0.526563 0.348437 0.196875 0.534375
1 0.918706 0.245312 0.3 0.196875 0.45
2 0.93474 0.884375 0.804688 0.23125 0.390625
