0 0.754687 0.146875 0.215625 0.28125 0.00111294
2 0.123438 0.0171875 0.196875 0.034375 0.00141144
0 0.945312 0.096875 0.109375 0.18125 0.00294495
1 0.0765625 0.592188 0.096875 0.584375 0.00317955
0 0.078125 0.589063 0.1125 0.603125 0.00336075
1 0.746875 0.5 0.21875 0.425 0.00452805
0 0.642187 0.6375 0.153125 0.4625 0.00807953
0 0.739062 0.389062 0.196875 0.221875 0.0154419
2 0.68125 0.7375 0.24375 0.525 0.0559387
1 0.58125 0.151562 0.1375 0.265625 0.112122
0 0.754687 0.532812 0.190625 0.478125 0.310059
1 0.439063 0.185937 0.159375 0.321875 0.456299
0 0.579687 0.15 0.140625 0.2875 0.511719
0 0.442187 0.179688 0.153125 0.328125 0.674316
0 0.698438 0.678125 0.259375 0.64375 0.715332
