2 0.957812 0.11875 0.084375 0.2375 0.00100708
1 0.509375 0.675 0.19375 0.2625 0.00100899
1 0.078125 0.578125 0.11875 0.6125 0.00102329
1 0.851562 0.353125 0.215625 0.5875 0.00121498
2 0.125 0.0171875 0.19375 0.034375 0.0017767
2 0.489062 0.676562 0.190625 0.253125 0.00191402
0 0.946875 0.096875 0.10625 0.175 0.00268364
1 0.760938 0.248437 0.209375 0.453125 0.0042572
0 0.510938 0.676562 0.196875 0.278125 0.00803375
0 0.595312 0.246875 0.190625 0.4875 0.0157928
1 0.589063 0.251563 0.190625 0.490625 0.90332
