0 0.065625 0.06875 0.11875 0.1375 0.00116539
2 0.501562 0.629687 0.253125 0.503125 0.00127983
1 0.1125 0.579687 0.1625 0.565625 0.00141048
1 0.823438 0.0234375 0.165625 0.046875 0.00145721
2 0.9625 0.101562 0.075 0.203125 0.00150871
0 0.95 0.1 0.1 0.18125 0.00169373
1 0.489062 0.639063 0.221875 0.334375 0.00178909
0 0.520312 0.0234375 0.159375 0.046875 0.00180912
2 0.473437 0.821875 0.153125 0.3375 0.00218201
2 0.485938 0.676562 0.196875 0.253125 0.00320053
0 0.485938 0.679688 0.196875 0.240625 0.00364113
0 0.525 0.620313 0.2 0.396875 0.00733566
0 0.410937 0.171875 0.165625 0.3 0.0949707
0 0.610937 0.154687 0.153125 0.265625 0.132202
0 0.235938 0.171875 0.153125 0.2875 0.268799
1 0.60625 0.151562 0.16875 0.284375 0.633789
1 0.235938 0.167187 0.159375 0.290625 0.738281
1 0.4125 0.171875 0.175 0.30625 0.785156
