2 0.135937 0.01875 0.215625 0.0375 0.00103664
2 0.285937 0.859375 0.184375 0.25625 0.0011425
0 0.192188 0.615625 0.121875 0.5625 0.00122547
0 0.610937 0.526563 0.159375 0.365625 0.00124264
0 0.282813 0.4375 0.184375 0.15625 0.0012722
0 0.760938 0.259375 0.265625 0.45625 0.00182343
2 0.6 0.65625 0.275 0.55 0.00189304
0 0.65625 0.671875 0.1375 0.46875 0.00214005
0 0.360938 0.634375 0.128125 0.53125 0.00321579
0 0.040625 0.367188 0.075 0.665625 0.00349617
0 0.282813 0.496875 0.234375 0.28125 0.00390053
0 0.565625 0.484375 0.18125 0.21875 0.00407791
1 0.821875 0.0234375 0.16875 0.046875 0.00416946
0 0.846875 0.354688 0.2625 0.603125 0.00897217
0 0.096875 0.325 0.16875 0.6125 0.0140457
1 0.95 0.101562 0.1 0.190625 0.0153961
0 0.0765625 0.578125 0.140625 0.70625 0.0164337
0 0.948438 0.101562 0.103125 0.190625 0.0252228
2 0.282813 0.685938 0.265625 0.615625 0.0317383
1 0.571875 0.66875 0.2375 0.55625 0.121826
0 0.2875 0.665625 0.2625 0.6125 0.812012
0 0.570312 0.657812 0.228125 0.553125 0.846191
