2 0.125 0.0171875 0.19375 0.034375 0.00104332
2 0.960938 0.0984375 0.078125 0.196875 0.00105762
1 0.0734375 0.484375 0.140625 0.4375 0.00127029
0 0.95 0.0953125 0.1 0.178125 0.00163269
1 0.951563 0.0953125 0.090625 0.178125 0.00170612
0 0.51875 0.729688 0.1875 0.365625 0.00182152
0 0.473437 0.473437 0.196875 0.428125 0.00220108
0 0.214062 0.642187 0.178125 0.590625 0.00271034
2 0.484375 0.773438 0.1875 0.415625 0.00315475
1 0.11875 0.253125 0.2125 0.50625 0.00424576
0 0.0765625 0.4875 0.153125 0.44375 0.0060997
1 0.0359375 0.63125 0.065625 0.575 0.0154419
0 0.040625 0.63125 0.075 0.59375 0.0213623
2 0.176563 0.835938 0.278125 0.215625 0.0668335
0 0.129688 0.646875 0.234375 0.58125 0.0986328
1 0.132812 0.642187 0.234375 0.565625 0.781738
