2 0.126563 0.01875 0.196875 0.0375 0.00212669
0 0.960938 0.214062 0.078125 0.421875 0.00223541
2 0.476562 0.748438 0.253125 0.459375 0.00239372
0 0.367188 0.53125 0.271875 0.5125 0.00244141
1 0.0703125 0.585938 0.096875 0.603125 0.00293732
0 0.260938 0.614062 0.203125 0.528125 0.0033741
0 0.0734375 0.582812 0.109375 0.628125 0.00353432
0 0.5 0.66875 0.2375 0.3875 0.00691223
0 0.945312 0.0921875 0.109375 0.178125 0.0090332
1 0.7 0.542188 0.2125 0.546875 0.0244751
0 0.7 0.53125 0.21875 0.575 0.86084
