0 0.535937 0.125 0.159375 0.2375 0.00135517
1 0.0765625 0.573438 0.128125 0.646875 0.00143433
0 0.809375 0.260938 0.21875 0.503125 0.00151443
0 0.0375 0.576563 0.0625 0.615625 0.00151825
0 0.471875 0.065625 0.16875 0.13125 0.00153351
0 0.025 0.078125 0.05 0.15625 0.0016861
2 0.290625 0.065625 0.23125 0.11875 0.00172234
0 0.420312 0.0390625 0.253125 0.078125 0.00176144
0 0.278125 0.046875 0.20625 0.08125 0.00183964
0 0.040625 0.367188 0.075 0.659375 0.00201988
0 0.948438 0.0984375 0.103125 0.178125 0.00244141
1 0.379687 0.11875 0.259375 0.23125 0.00304794
0 0.10625 0.36875 0.175 0.625 0.00427628
0 0.346875 0.396875 0.1875 0.21875 0.00591278
0 0.078125 0.570312 0.1375 0.696875 0.00981903
2 0.389062 0.071875 0.278125 0.14375 0.01017
1 0.301562 0.0859375 0.165625 0.171875 0.0162964
0 0.398438 0.117188 0.240625 0.234375 0.0213776
0 0.30625 0.0890625 0.1625 0.178125 0.0301819
2 0.535937 0.6375 0.221875 0.5625 0.045166
0 0.340625 0.598437 0.21875 0.584375 0.0522461
1 0.34375 0.598437 0.2125 0.590625 0.80127
1 0.535937 0.645312 0.209375 0.559375 0.874023
