0 0.66875 0.432813 0.175 0.296875 0.00135422
0 0.5375 0.567187 0.14375 0.621875 0.00224304
2 0.053125 0.65625 0.09375 0.5875 0.0024147
0 0.117188 0.485938 0.215625 0.659375 0.00274658
0 0.0359375 0.367188 0.065625 0.634375 0.00278473
0 0.939062 0.284375 0.121875 0.56875 0.00281906
2 0.435937 0.798437 0.228125 0.265625 0.00297356
0 0.667188 0.220313 0.184375 0.346875 0.00362396
1 0.60625 0.154687 0.2 0.303125 0.00478363
0 0.595312 0.654688 0.134375 0.578125 0.00496292
0 0.403125 0.492188 0.16875 0.328125 0.00653458
0 0.967188 0.234375 0.065625 0.46875 0.00709915
2 0.0265625 0.657812 0.046875 0.571875 0.00939941
2 0.5625 0.845312 0.2625 0.209375 0.00997925
0 0.95 0.129688 0.1 0.259375 0.0162354
1 0.409375 0.654688 0.19375 0.534375 0.0183258
1 0.0625 0.575 0.125 0.65 0.023468
0 0.028125 0.58125 0.05 0.61875 0.0396118
0 0.610937 0.278125 0.171875 0.2625 0.0881348
0 0.735937 0.285937 0.165625 0.309375 0.0903931
0 0.0671875 0.575 0.128125 0.7 0.135498
0 0.589063 0.139062 0.171875 0.278125 0.331055
0 0.582812 0.476562 0.159375 0.484375 0.497559
0 0.764063 0.460938 0.159375 0.565625 0.776855
0 0.410937 0.621875 0.209375 0.60625 0.850098
0 0.667188 0.626562 0.234375 0.590625 0.866211
