0 0.159375 0.682813 0.16875 0.478125 0.00100136
1 0.159375 0.684375 0.19375 0.5 0.00104809
2 0.10625 0.851562 0.175 0.296875 0.00118446
0 0.679688 0.315625 0.209375 0.525 0.00119019
0 0.90625 0.448438 0.1875 0.615625 0.00121212
2 0.476562 0.778125 0.140625 0.425 0.00121498
2 0.121875 0.01875 0.1875 0.0375 0.00123787
2 0.2375 0.920313 0.1375 0.153125 0.00124073
2 0.634375 0.640625 0.24375 0.23125 0.0014286
1 0.29375 0.621875 0.2375 0.28125 0.00157261
0 0.851562 0.357812 0.234375 0.590625 0.00173378
2 0.525 0.932813 0.19375 0.134375 0.00177956
2 0.9 0.926562 0.175 0.140625 0.00186539
2 0.689062 0.884375 0.315625 0.225 0.00198555
2 0.384375 0.9625 0.225 0.06875 0.00222778
0 0.948438 0.096875 0.103125 0.18125 0.00264931
2 0.264062 0.95625 0.159375 0.08125 0.00341988
0 0.754687 0.259375 0.253125 0.49375 0.00403976
2 0.328125 0.590625 0.21875 0.2 0.00461578
1 0.107813 0.360938 0.190625 0.665625 0.00482941
2 0.626562 0.934375 0.246875 0.13125 0.00587082
1 0.64375 0.7625 0.29375 0.475 0.0067482
2 0.846875 0.95 0.18125 0.1 0.00738525
0 0.103125 0.56875 0.16875 0.5875 0.00823212
1 0.115625 0.565625 0.16875 0.55 0.0121765
2 0.542188 0.76875 0.109375 0.425 0.0339966
2 0.1875 0.829687 0.1875 0.328125 0.0697021
2 0.428125 0.928125 0.21875 0.14375 0.0751953
2 0.7625 0.934375 0.3 0.13125 0.411133
2 0.335938 0.75 0.309375 0.4875 0.868164
2 0.645312 0.7625 0.296875 0.475 0.875977
