2 0.08125 0.85625 0.1625 0.2875 0.00111866
2 0.120312 0.01875 0.190625 0.0375 0.00113583
0 0.576563 0.4625 0.203125 0.4 0.00116062
1 0.11875 0.64375 0.1625 0.5125 0.0012207
1 0.110937 0.271875 0.203125 0.54375 0.00138092
1 0.825 0.267188 0.225 0.496875 0.00158787
0 0.08125 0.54375 0.14375 0.31875 0.00175381
2 0.05625 0.951563 0.1125 0.084375 0.00201607
0 0.945312 0.096875 0.109375 0.175 0.0021286
1 0.948438 0.096875 0.103125 0.18125 0.00213051
2 0.0453125 0.698438 0.084375 0.553125 0.00230217
0 0.528125 0.573438 0.20625 0.434375 0.00319862
0 0.05625 0.721875 0.1 0.50625 0.00352287
0 0.11875 0.646875 0.16875 0.50625 0.00376701
2 0.08125 0.926562 0.14375 0.146875 0.0486145
2 0.09375 0.721875 0.18125 0.55625 0.841797
