1 0.120312 0.359375 0.190625 0.56875 0.0010643
2 0.960938 0.0984375 0.078125 0.196875 0.00122929
2 0.028125 0.745313 0.05 0.328125 0.00125408
0 0.946875 0.101562 0.10625 0.203125 0.00165844
2 0.257812 0.871875 0.084375 0.25 0.00279427
2 0.128125 0.0171875 0.1875 0.034375 0.00292778
1 0.720312 0.26875 0.246875 0.525 0.00297928
0 0.710938 0.235938 0.165625 0.428125 0.002985
1 0.95 0.096875 0.1 0.18125 0.00380325
2 0.0375 0.835938 0.075 0.321875 0.0150452
2 0.139062 0.821875 0.271875 0.35625 0.938477
