1 0.828125 0.0234375 0.15625 0.046875 0.00105
0 0.825 0.339063 0.21875 0.565625 0.00107193
2 0.125 0.01875 0.18125 0.0375 0.00132751
0 0.471875 0.729688 0.18125 0.540625 0.00137615
2 0.45625 0.921875 0.175 0.14375 0.00197983
2 0.41875 0.878125 0.23125 0.24375 0.0022316
2 0.096875 0.840625 0.1375 0.31875 0.00272942
0 0.071875 0.573438 0.11875 0.690625 0.00284386
0 0.315625 0.6375 0.21875 0.1875 0.00616455
0 0.94375 0.09375 0.1125 0.18125 0.00669479
2 0.139062 0.867188 0.109375 0.253125 0.00861359
2 0.190625 0.821875 0.20625 0.35625 0.0335693
2 0.296875 0.771875 0.475 0.45625 0.906738
