1 0.95 0.0953125 0.09375 0.178125 0.00100517
1 0.828125 0.021875 0.1625 0.04375 0.00105667
0 0.584375 0.164062 0.13125 0.253125 0.00105953
0 0.765625 0.326562 0.25 0.590625 0.00107765
0 0.48125 0.476562 0.175 0.334375 0.00111103
0 0.028125 0.0796875 0.05625 0.159375 0.00115967
0 0.946875 0.0953125 0.10625 0.178125 0.00120449
0 0.0359375 0.367188 0.059375 0.621875 0.00123215
1 0.06875 0.573438 0.1 0.640625 0.00143814
1 0.823438 0.271875 0.215625 0.5 0.00171947
0 0.040625 0.575 0.075 0.6875 0.00269318
0 0.546875 0.45625 0.2625 0.45 0.00287819
0 0.721875 0.565625 0.20625 0.43125 0.00292015
0 0.06875 0.360938 0.125 0.703125 0.00657272
0 0.123438 0.4375 0.221875 0.6625 0.00856018
0 0.520312 0.615625 0.221875 0.41875 0.0113754
0 0.315625 0.346875 0.19375 0.50625 0.0465698
1 0.315625 0.34375 0.19375 0.5125 0.828125
