2 0.025 0.823438 0.05 0.334375 0.00102043
1 0.490625 0.634375 0.2 0.325 0.00115585
1 0.2125 0.64375 0.24375 0.5625 0.00115681
1 0.0703125 0.578125 0.090625 0.59375 0.0011797
2 0.473437 0.81875 0.140625 0.325 0.00132656
2 0.125 0.0171875 0.1875 0.034375 0.00138092
0 0.448438 0.290625 0.184375 0.34375 0.00142002
2 0.05 0.845312 0.1 0.303125 0.00167751
0 0.071875 0.578125 0.10625 0.61875 0.00192261
2 0.478125 0.7375 0.225 0.46875 0.00227928
2 0.0484375 0.957812 0.096875 0.078125 0.00442123
0 0.5125 0.63125 0.21875 0.3625 0.00533676
0 0.510938 0.25 0.171875 0.45 0.0751343
2 0.0296875 0.925 0.059375 0.1375 0.081665
1 0.445312 0.320312 0.184375 0.328125 0.118591
1 0.5 0.254687 0.19375 0.453125 0.758301
