2 0.754687 0.896875 0.203125 0.20625 0.00124454
0 0.860937 0.31875 0.209375 0.50625 0.00135708
0 0.50625 0.0296875 0.1875 0.053125 0.00138187
0 0.475 0.665625 0.2125 0.2625 0.00157166
2 0.123438 0.0171875 0.190625 0.034375 0.00157738
0 0.445312 0.565625 0.234375 0.5 0.00208855
0 0.754687 0.496875 0.234375 0.26875 0.00265121
1 0.71875 0.228125 0.225 0.43125 0.0030899
0 0.859375 0.670313 0.13125 0.540625 0.00700378
0 0.715625 0.226562 0.2 0.396875 0.00776291
2 0.760938 0.685938 0.278125 0.609375 0.131592
0 0.614062 0.195312 0.184375 0.340625 0.299561
1 0.6125 0.19375 0.19375 0.34375 0.488037
0 0.759375 0.685938 0.26875 0.628125 0.86377
