2 0.0390625 0.545313 0.078125 0.259375 0.00106335
1 0.507812 0.10625 0.128125 0.19375 0.00130939
1 0.075 0.5125 0.15 0.2625 0.0013113
2 0.0828125 0.539062 0.146875 0.221875 0.00133038
0 0.145313 0.721875 0.234375 0.5125 0.0014658
0 0.721875 0.259375 0.18125 0.51875 0.00152302
2 0.960938 0.1 0.078125 0.2 0.00172138
0 0.946875 0.103125 0.10625 0.20625 0.00173473
1 0.0375 0.6875 0.075 0.5375 0.00378036
1 0.95 0.0984375 0.09375 0.184375 0.00386429
2 0.0890625 0.90625 0.146875 0.175 0.00410461
0 0.0890625 0.285937 0.178125 0.534375 0.00526047
1 0.096875 0.260938 0.175 0.484375 0.00640488
0 0.425 0.134375 0.1625 0.24375 0.00829315
1 0.423438 0.128125 0.159375 0.23125 0.00881195
0 0.4625 0.217187 0.1625 0.396875 0.0106277
2 0.040625 0.7125 0.08125 0.5375 0.0158081
0 0.354688 0.225 0.203125 0.41875 0.0208893
0 0.496875 0.134375 0.1375 0.24375 0.027359
1 0.482812 0.179688 0.146875 0.321875 0.0536194
1 0.120312 0.723437 0.240625 0.521875 0.0792236
1 0.421875 0.225 0.19375 0.40625 0.199219
2 0.115625 0.7125 0.23125 0.575 0.75293
1 0.348437 0.223438 0.196875 0.403125 0.875
