0 0.73125 0.407813 0.2 0.503125 0.0010519
0 0.448438 0.317187 0.203125 0.190625 0.00127888
1 0.953125 0.096875 0.09375 0.18125 0.00136375
0 0.340625 0.270312 0.19375 0.296875 0.00151157
0 0.909375 0.45 0.18125 0.7 0.00178623
1 0.389062 0.528125 0.109375 0.525 0.00181675
0 0.95 0.096875 0.1 0.18125 0.00225258
1 0.101562 0.335938 0.184375 0.571875 0.00397873
0 0.0984375 0.332812 0.159375 0.515625 0.00736237
0 0.0734375 0.579687 0.128125 0.709375 0.00817871
0 0.289062 0.642187 0.246875 0.578125 0.009758
0 0.817187 0.353125 0.259375 0.625 0.00979614
2 0.276563 0.646875 0.240625 0.56875 0.134277
1 0.273438 0.642187 0.228125 0.584375 0.802246
1 0.459375 0.528125 0.2125 0.575 0.92041
