0 0.585938 0.1625 0.128125 0.25 0.00118732
2 0.476562 0.779688 0.196875 0.390625 0.00129509
2 0.121875 0.946875 0.2 0.09375 0.00136662
2 0.959375 0.103125 0.08125 0.20625 0.00171566
0 0.0578125 0.526563 0.109375 0.221875 0.00182915
0 0.946875 0.10625 0.10625 0.2125 0.00221443
2 0.126563 0.01875 0.196875 0.0375 0.0023632
0 0.482812 0.620313 0.234375 0.434375 0.00266266
0 0.471875 0.467187 0.175 0.365625 0.00311661
1 0.0734375 0.621875 0.146875 0.39375 0.00313568
0 0.0375 0.596875 0.075 0.39375 0.0031414
2 0.0421875 0.920313 0.078125 0.153125 0.00455856
2 0.0609375 0.534375 0.109375 0.24375 0.00498581
1 0.95 0.101562 0.1 0.190625 0.00601196
2 0.20625 0.9125 0.1 0.1625 0.00617218
2 0.175 0.890625 0.125 0.21875 0.00913239
0 0.0640625 0.654688 0.128125 0.484375 0.0213318
0 0.121875 0.695312 0.21875 0.528125 0.040863
2 0.0515625 0.714063 0.096875 0.559375 0.0478821
2 0.114063 0.878125 0.196875 0.2375 0.179932
2 0.114063 0.715625 0.221875 0.5625 0.755859
