0 0.454688 0.70625 0.253125 0.5375 0.00117207
0 0.151562 0.651563 0.221875 0.634375 0.0014267
2 0.123438 0.01875 0.190625 0.0375 0.00168037
0 0.0375 0.584375 0.0625 0.58125 0.00173759
0 0.584375 0.154687 0.125 0.240625 0.00251961
0 0.75 0.314063 0.25 0.596875 0.00357437
1 0.0734375 0.5875 0.103125 0.6 0.00376511
1 0.946875 0.096875 0.10625 0.18125 0.00627518
0 0.94375 0.096875 0.1125 0.18125 0.00725555
0 0.0765625 0.582812 0.115625 0.621875 0.0076828
1 0.46875 0.50625 0.2125 0.2125 0.00887299
1 0.457812 0.684375 0.234375 0.5375 0.0253296
2 0.459375 0.690625 0.24375 0.60625 0.923828
