0 0.31875 0.439063 0.15625 0.240625 0.00109482
0 0.81875 0.353125 0.2375 0.575 0.00145149
0 0.0390625 0.578125 0.065625 0.60625 0.00151157
2 0.309375 0.832812 0.18125 0.240625 0.001647
2 0.128125 0.0171875 0.20625 0.034375 0.00166702
0 0.114063 0.345313 0.209375 0.690625 0.00169468
1 0.828125 0.025 0.1625 0.05 0.00176334
0 0.489062 0.521875 0.184375 0.475 0.00186253
1 0.08125 0.578125 0.14375 0.6375 0.00249863
2 0.320312 0.684375 0.184375 0.5375 0.00345039
0 0.084375 0.573438 0.15 0.684375 0.0188904
0 0.334375 0.632812 0.18125 0.584375 0.0280762
1 0.325 0.634375 0.175 0.60625 0.845215
