0 0.0328125 0.582812 0.059375 0.609375 0.00105381
2 0.540625 0.928125 0.14375 0.13125 0.00107384
2 0.76875 0.69375 0.19375 0.56875 0.00117111
0 0.9375 0.373437 0.125 0.590625 0.00138855
0 0.54375 0.132812 0.19375 0.253125 0.00146389
0 0.375 0.226562 0.21875 0.365625 0.00151062
0 0.967188 0.176563 0.065625 0.353125 0.001688
1 0.4125 0.560938 0.1875 0.565625 0.0022583
2 0.609375 0.9625 0.15625 0.0625 0.00264168
1 0.401563 0.135937 0.209375 0.271875 0.00268555
0 0.520312 0.589063 0.146875 0.446875 0.0034008
0 0.160938 0.554688 0.253125 0.746875 0.00424576
0 0.75625 0.226562 0.28125 0.415625 0.00525665
0 0.760938 0.504687 0.209375 0.259375 0.00830078
0 0.871875 0.31875 0.225 0.51875 0.0086441
2 0.585938 0.909375 0.196875 0.18125 0.0103455
0 0.078125 0.575 0.1375 0.675 0.0103531
0 0.945312 0.1 0.109375 0.19375 0.016571
0 0.58125 0.473437 0.175 0.178125 0.0172119
0 0.401563 0.132812 0.196875 0.265625 0.0721436
0 0.589063 0.684375 0.259375 0.5875 0.546387
2 0.585938 0.690625 0.253125 0.6125 0.841309
0 0.421875 0.546875 0.1875 0.55 0.909668
0 0.75625 0.665625 0.19375 0.5625 0.921875
