0 0.757812 0.317187 0.246875 0.584375 0.00112724
2 0.123438 0.01875 0.196875 0.0375 0.0013504
2 0.378125 0.914062 0.15 0.171875 0.00142002
1 0.823438 0.021875 0.165625 0.04375 0.00195694
2 0.959375 0.101562 0.08125 0.203125 0.00227737
0 0.0375 0.579687 0.0625 0.615625 0.00242805
1 0.360938 0.65625 0.190625 0.5625 0.00248909
0 0.115625 0.451562 0.21875 0.771875 0.00299644
1 0.95625 0.1125 0.0875 0.21875 0.00351906
1 0.075 0.578125 0.125 0.64375 0.00383949
0 0.078125 0.573438 0.13125 0.696875 0.0235443
0 0.365625 0.69375 0.2 0.5875 0.474365
2 0.373437 0.695312 0.203125 0.596875 0.811035
