1 0.401563 0.5 0.171875 0.35625 0.00108719
1 0.576563 0.28125 0.140625 0.2375 0.00113392
1 0.117188 0.335938 0.178125 0.584375 0.00120544
1 0.926562 0.342187 0.146875 0.578125 0.00139523
0 0.148438 0.654688 0.165625 0.559375 0.00157928
2 0.129688 0.01875 0.209375 0.0375 0.00172329
0 0.86875 0.554688 0.2 0.596875 0.00250244
2 0.414062 0.815625 0.178125 0.275 0.00254631
1 0.0734375 0.582812 0.096875 0.609375 0.00311279
1 0.828125 0.021875 0.15 0.04375 0.00331116
1 0.5625 0.617188 0.1625 0.540625 0.003479
1 0.409375 0.3875 0.15625 0.23125 0.00361061
0 0.879687 0.35 0.184375 0.575 0.00376511
0 0.498437 0.546875 0.190625 0.5625 0.00416565
0 0.0765625 0.58125 0.109375 0.6375 0.00443649
2 0.515625 0.696875 0.23125 0.525 0.00465775
1 0.948438 0.090625 0.096875 0.16875 0.00699234
0 0.946875 0.0890625 0.10625 0.165625 0.00954437
1 0.470313 0.398438 0.171875 0.271875 0.0284882
2 0.409375 0.640625 0.225 0.64375 0.493408
1 0.482812 0.540625 0.159375 0.55625 0.65625
1 0.396875 0.65625 0.2125 0.575 0.772949
1 0.601562 0.425 0.165625 0.53125 0.904785
