2 0.95625 0.117188 0.0875 0.234375 0.00140095
1 0.423438 0.329688 0.171875 0.171875 0.00146866
1 0.951563 0.0984375 0.090625 0.178125 0.00154114
1 0.0765625 0.5875 0.121875 0.6125 0.00166512
0 0.717188 0.55625 0.215625 0.4625 0.00173473
0 0.35625 0.704687 0.2125 0.534375 0.00211716
0 0.948438 0.096875 0.103125 0.175 0.00211716
1 0.828125 0.021875 0.15625 0.04375 0.00233459
2 0.128125 0.01875 0.2 0.0375 0.00234032
1 0.378125 0.53125 0.20625 0.4 0.00256538
0 0.757812 0.309375 0.228125 0.61875 0.0026207
0 0.0796875 0.58125 0.128125 0.6375 0.00609589
1 0.35625 0.685938 0.2125 0.534375 0.0270844
2 0.370313 0.696875 0.221875 0.58125 0.76416
1 0.445312 0.490625 0.190625 0.49375 0.847168
