2 0.289062 0.875 0.153125 0.2375 0.00109291
0 0.348437 0.707812 0.215625 0.578125 0.00115108
1 0.242188 0.6375 0.109375 0.53125 0.00125504
2 0.245312 0.670313 0.121875 0.546875 0.00128365
0 0.0328125 0.578125 0.059375 0.59375 0.00133896
2 0.957812 0.11875 0.084375 0.2375 0.00164127
1 0.823438 0.021875 0.165625 0.04375 0.00167274
2 0.125 0.01875 0.19375 0.0375 0.00175285
1 0.1 0.33125 0.1625 0.55 0.00212479
1 0.0703125 0.579687 0.103125 0.603125 0.00216866
0 0.764063 0.270312 0.253125 0.515625 0.00230026
1 0.95 0.101562 0.1 0.184375 0.00375557
0 0.0703125 0.576563 0.115625 0.628125 0.00531769
1 0.295312 0.496875 0.184375 0.225 0.00558853
0 0.946875 0.101562 0.10625 0.184375 0.00619125
2 0.342187 0.9125 0.190625 0.175 0.00680923
2 0.459375 0.904688 0.20625 0.190625 0.0109711
1 0.471875 0.421875 0.19375 0.175 0.0151138
1 0.440625 0.628125 0.125 0.55625 0.0173035
2 0.554688 0.89375 0.190625 0.2125 0.0331116
1 0.309375 0.65625 0.21875 0.5375 0.148804
2 0.507812 0.665625 0.240625 0.66875 0.696777
1 0.507812 0.640625 0.240625 0.6 0.796875
2 0.30625 0.690625 0.23125 0.6 0.84082
