1 0.24375 0.0859375 0.16875 0.159375 0.0010128
0 0.289062 0.548437 0.240625 0.484375 0.00105476
1 0.0671875 0.571875 0.103125 0.63125 0.00112915
0 0.91875 0.545313 0.15 0.540625 0.00121593
0 0.24375 0.0828125 0.175 0.153125 0.00130653
2 0.5875 0.7625 0.1625 0.44375 0.00145626
0 0.490625 0.376563 0.10625 0.453125 0.00149155
0 0.628125 0.535937 0.175 0.315625 0.00157738
0 0.25 0.409375 0.19375 0.59375 0.00159073
0 0.0359375 0.576563 0.059375 0.603125 0.00167561
0 0.20625 0.125 0.1375 0.2375 0.00168896
0 0.546875 0.63125 0.14375 0.4875 0.00188065
0 0.965625 0.19375 0.06875 0.3875 0.00302124
0 0.570312 0.184375 0.165625 0.2125 0.00345993
0 0.0328125 0.0578125 0.065625 0.115625 0.00391769
1 0.278125 0.132812 0.1875 0.228125 0.0039711
2 0.639063 0.873438 0.253125 0.240625 0.0046196
0 0.3125 0.135937 0.175 0.240625 0.0046463
0 0.0640625 0.0734375 0.121875 0.146875 0.00494766
0 0.76875 0.63125 0.175 0.4375 0.00522232
2 0.584375 0.909375 0.15625 0.1625 0.0057373
1 0.209375 0.179688 0.1375 0.353125 0.00595093
0 0.06875 0.567187 0.1125 0.671875 0.0062027
0 0.121875 0.370313 0.2 0.671875 0.00704193
0 0.621875 0.640625 0.2375 0.41875 0.00707626
0 0.582812 0.717188 0.140625 0.446875 0.00815582
1 0.371875 0.217187 0.15 0.353125 0.00898743
0 0.604688 0.428125 0.196875 0.43125 0.0113831
0 0.940625 0.289062 0.11875 0.578125 0.0129471
0 0.723437 0.525 0.196875 0.28125 0.0133743
0 0.36875 0.289062 0.19375 0.378125 0.0148926
0 0.754687 0.2625 0.178125 0.2375 0.0216217
0 0.376563 0.167187 0.140625 0.271875 0.0219269
0 0.240625 0.192188 0.15625 0.346875 0.0227509
0 0.946875 0.0875 0.10625 0.175 0.0482788
1 0.75625 0.38125 0.1875 0.44375 0.0932007
1 0.55 0.365625 0.18125 0.51875 0.104065
0 0.709375 0.729688 0.28125 0.503125 0.14917
0 0.284375 0.25625 0.20625 0.5 0.234497
1 0.28125 0.248437 0.20625 0.471875 0.512695
0 0.759375 0.3875 0.18125 0.425 0.658691
1 0.38125 0.435937 0.20625 0.553125 0.664551
0 0.38125 0.446875 0.1875 0.53125 0.679688
2 0.673437 0.717188 0.328125 0.553125 0.83252
0 0.548437 0.365625 0.171875 0.5 0.84082
