0 0.114063 0.326562 0.203125 0.609375 0.00101185
1 0.321875 0.53125 0.15 0.35625 0.00116253
0 0.2875 0.0625 0.2 0.125 0.00124836
0 0.31875 0.0328125 0.175 0.065625 0.00125408
2 0.38125 0.86875 0.09375 0.24375 0.00129509
1 0.371875 0.0796875 0.15625 0.153125 0.00134373
0 0.5875 0.1625 0.125 0.2375 0.00136566
2 0.276563 0.0265625 0.221875 0.053125 0.00142956
2 0.18125 0.6875 0.1 0.525 0.00149632
2 0.357812 0.7125 0.121875 0.5125 0.00178814
1 0.948438 0.103125 0.096875 0.1875 0.00203514
0 0.946875 0.101562 0.10625 0.184375 0.00260353
1 0.403125 0.142188 0.11875 0.265625 0.00318527
0 0.334375 0.134375 0.18125 0.2625 0.00526428
1 0.360938 0.63125 0.115625 0.6 0.00905609
1 0.334375 0.132812 0.18125 0.259375 0.0146255
1 0.3625 0.310937 0.1875 0.578125 0.86377
2 0.267188 0.728125 0.278125 0.54375 0.973633
