1 0.521875 0.679688 0.1625 0.228125 0.00108242
0 0.723437 0.564062 0.190625 0.421875 0.00113583
2 0.96875 0.090625 0.0625 0.16875 0.00122356
0 0.54375 0.184375 0.14375 0.33125 0.00122547
1 0.540625 0.139062 0.14375 0.265625 0.00131798
1 0.825 0.0234375 0.16875 0.046875 0.00137997
0 0.714063 0.23125 0.146875 0.44375 0.00151539
1 0.06875 0.58125 0.1 0.6 0.00183582
1 0.496875 0.389062 0.19375 0.328125 0.00222015
2 0.525 0.675 0.24375 0.3625 0.00228691
2 0.235938 0.714063 0.203125 0.365625 0.00237656
0 0.946875 0.0890625 0.10625 0.165625 0.0026741
0 0.521875 0.682813 0.175 0.259375 0.00352478
1 0.726562 0.275 0.246875 0.55 0.00360489
1 0.376563 0.279687 0.096875 0.465625 0.00411606
0 0.0703125 0.58125 0.109375 0.625 0.0043602
1 0.684375 0.267188 0.11875 0.490625 0.00577545
1 0.682813 0.132812 0.140625 0.265625 0.0231934
0 0.684375 0.129688 0.14375 0.259375 0.0309143
0 0.598437 0.167187 0.134375 0.303125 0.0446777
1 0.589063 0.170312 0.134375 0.303125 0.606445
1 0.475 0.265625 0.2125 0.5 0.927246
1 0.292188 0.3375 0.190625 0.5125 0.939453
