1 0.703125 0.0921875 0.175 0.171875 0.00101757
1 0.0734375 0.592188 0.103125 0.603125 0.00112057
0 0.839063 0.229687 0.159375 0.446875 0.00126839
2 0.792188 0.921875 0.165625 0.15625 0.00127411
1 0.759375 0.128125 0.13125 0.25625 0.00135612
0 0.584375 0.15625 0.13125 0.2625 0.00146484
0 0.439063 0.465625 0.196875 0.40625 0.00154781
1 0.839063 0.226562 0.140625 0.434375 0.0017643
2 0.521875 0.742188 0.33125 0.515625 0.00198936
1 0.132812 0.5875 0.196875 0.63125 0.00219727
0 0.904688 0.439063 0.190625 0.690625 0.00246429
1 0.823438 0.021875 0.153125 0.04375 0.0028286
0 0.48125 0.565625 0.21875 0.4625 0.00400162
2 0.959375 0.114063 0.08125 0.221875 0.005867
1 0.828125 0.353125 0.24375 0.64375 0.0069809
2 0.948438 0.914062 0.103125 0.159375 0.00775146
0 0.946875 0.101562 0.10625 0.203125 0.00990295
1 0.948438 0.096875 0.096875 0.1875 0.0157776
0 0.717188 0.228125 0.184375 0.43125 0.0276947
1 0.7125 0.235938 0.19375 0.440625 0.0670776
2 0.876562 0.9125 0.246875 0.175 0.818359
