1 0.0375 0.24375 0.06875 0.4625 0.00110912
0 0.0328125 0.48125 0.065625 0.24375 0.00139809
0 0.904688 0.560938 0.178125 0.615625 0.00150585
2 0.1 0.882812 0.2 0.171875 0.00157642
1 0.0859375 0.284375 0.171875 0.56875 0.00242805
0 0.0609375 0.279687 0.115625 0.559375 0.00254822
1 0.825 0.0234375 0.1625 0.046875 0.00406265
0 0.08125 0.490625 0.14375 0.25625 0.00419617
2 0.95625 0.115625 0.0875 0.23125 0.00424957
0 0.125 0.498437 0.19375 0.359375 0.00453186
0 0.823438 0.345313 0.246875 0.571875 0.00545502
1 0.95 0.0984375 0.09375 0.184375 0.00562668
2 0.117188 0.803125 0.209375 0.34375 0.00703812
0 0.948438 0.0984375 0.103125 0.184375 0.00817108
0 0.448438 0.345313 0.190625 0.490625 0.00904846
2 0.51875 0.73125 0.13125 0.51875 0.0093689
0 0.14375 0.326562 0.20625 0.584375 0.0142288
0 0.0484375 0.667188 0.090625 0.634375 0.0333557
0 0.120312 0.689062 0.209375 0.578125 0.374756
1 0.117188 0.689062 0.228125 0.578125 0.704102
1 0.454688 0.345313 0.196875 0.465625 0.885254
2 0.596875 0.745313 0.275 0.503125 0.921875
