0 0.0328125 0.582812 0.059375 0.596875 0.00104713
1 0.259375 0.464063 0.2625 0.696875 0.00107384
2 0.248437 0.89375 0.121875 0.2 0.00110054
0 0.825 0.334375 0.2375 0.58125 0.00147343
1 0.075 0.5875 0.11875 0.625 0.0015316
0 0.43125 0.832812 0.35625 0.334375 0.00154018
0 0.148438 0.564062 0.240625 0.715625 0.00157261
2 0.953125 0.114063 0.09375 0.228125 0.00158691
1 0.820312 0.0234375 0.165625 0.046875 0.00183868
2 0.126563 0.01875 0.190625 0.0375 0.00285912
2 0.6 0.942187 0.15625 0.109375 0.00312042
0 0.282813 0.470313 0.203125 0.496875 0.00360489
2 0.510938 0.946875 0.278125 0.1 0.00444794
0 0.0765625 0.584375 0.128125 0.65625 0.00614929
1 0.945312 0.0984375 0.103125 0.184375 0.00743103
0 0.94375 0.0984375 0.1125 0.184375 0.00797272
2 0.292188 0.917188 0.159375 0.146875 0.0114136
2 0.325 0.8625 0.2375 0.2625 0.0910645
2 0.40625 0.828125 0.4625 0.325 0.954102
