0 0.209375 0.4625 0.19375 0.45625 0.00116062
0 0.44375 0.601562 0.3 0.571875 0.0011816
0 0.946875 0.09375 0.10625 0.16875 0.00120735
0 0.346875 0.717188 0.14375 0.478125 0.00129032
2 0.123438 0.01875 0.196875 0.0375 0.00144005
2 0.426562 0.867188 0.178125 0.253125 0.00149822
1 0.0765625 0.578125 0.128125 0.63125 0.00168705
1 0.435937 0.5375 0.290625 0.44375 0.00191879
0 0.13125 0.348437 0.2125 0.646875 0.00207329
0 0.040625 0.576563 0.075 0.653125 0.00238228
2 0.348437 0.71875 0.140625 0.49375 0.00408554
0 0.410937 0.471875 0.215625 0.3 0.00466156
0 0.765625 0.309375 0.25625 0.59375 0.0113831
1 0.446875 0.41875 0.2375 0.2 0.0114975
0 0.121875 0.575 0.20625 0.64375 0.0168304
2 0.446875 0.664062 0.29375 0.671875 0.915039
