1 0.832812 0.260938 0.246875 0.496875 0.00102139
0 0.135937 0.357812 0.209375 0.646875 0.00116348
1 0.676562 0.48125 0.196875 0.20625 0.00122929
2 0.326562 0.775 0.203125 0.33125 0.00128841
2 0.460938 0.929688 0.159375 0.128125 0.00131893
1 0.0796875 0.576563 0.134375 0.634375 0.00140858
2 0.565625 0.93125 0.18125 0.1125 0.00141621
2 0.571875 0.964063 0.16875 0.059375 0.00142479
2 0.63125 0.959375 0.1625 0.06875 0.00144196
2 0.464063 0.967188 0.178125 0.059375 0.00156116
0 0.040625 0.576563 0.075 0.653125 0.00186348
2 0.9625 0.120312 0.075 0.240625 0.00202942
0 0.20625 0.582812 0.24375 0.621875 0.00209808
0 0.876562 0.329688 0.228125 0.559375 0.00226784
2 0.675 0.485938 0.2 0.209375 0.00230789
0 0.470313 0.434375 0.203125 0.2375 0.00291252
0 0.948438 0.0984375 0.103125 0.184375 0.00304604
2 0.675 0.909375 0.20625 0.16875 0.00465012
0 0.45625 0.628125 0.24375 0.55 0.00510788
0 0.754687 0.2375 0.265625 0.45625 0.00514984
0 0.676562 0.5 0.215625 0.25 0.00667191
1 0.571875 0.632812 0.1 0.546875 0.00728226
0 0.11875 0.573438 0.2125 0.640625 0.0107193
1 0.464063 0.4125 0.215625 0.20625 0.0111923
2 0.571875 0.632812 0.10625 0.534375 0.0138931
1 0.682813 0.65 0.271875 0.525 0.0368958
1 0.45625 0.628125 0.25 0.625 0.228149
2 0.460938 0.65625 0.240625 0.65 0.758301
2 0.68125 0.676562 0.26875 0.590625 0.814941
