2 0.129688 0.0171875 0.203125 0.034375 0.00104332
2 0.06875 0.954687 0.125 0.078125 0.0012989
1 0.826563 0.0234375 0.159375 0.046875 0.00136948
2 0.304688 0.723437 0.109375 0.490625 0.00148296
2 0.95625 0.115625 0.0875 0.23125 0.00173283
0 0.267188 0.642187 0.159375 0.471875 0.0018425
0 0.0765625 0.367188 0.140625 0.596875 0.00232506
1 0.95 0.0984375 0.09375 0.184375 0.00238991
0 0.946875 0.0984375 0.10625 0.184375 0.00299644
0 0.179688 0.492188 0.209375 0.215625 0.00478363
0 0.125 0.6375 0.1375 0.525 0.00514603
2 0.0359375 0.926562 0.065625 0.134375 0.00624084
2 0.0734375 0.91875 0.146875 0.15625 0.00777435
0 0.198437 0.692187 0.284375 0.571875 0.231201
2 0.20625 0.698438 0.2875 0.584375 0.678223
