0 0.770312 0.425 0.246875 0.5875 0.00103569
1 0.829687 0.0234375 0.159375 0.046875 0.00126457
0 0.526563 0.565625 0.221875 0.44375 0.0018425
0 0.9375 0.65625 0.125 0.24375 0.00193024
2 0.95625 0.114063 0.0875 0.221875 0.00197029
1 0.446875 0.4875 0.26875 0.525 0.00258827
2 0.126563 0.01875 0.190625 0.0375 0.00283623
0 0.735937 0.276563 0.165625 0.453125 0.00302315
1 0.95 0.0984375 0.1 0.184375 0.00335693
2 0.490625 0.678125 0.21875 0.20625 0.00354195
0 0.946875 0.1 0.10625 0.18125 0.00357628
0 0.454688 0.526563 0.271875 0.584375 0.00374794
2 0.95 0.690625 0.09375 0.24375 0.00505066
0 0.857813 0.5375 0.190625 0.5 0.00617981
1 0.917188 0.36875 0.165625 0.61875 0.0088501
0 0.86875 0.36875 0.2375 0.63125 0.013176
2 0.842188 0.864062 0.171875 0.265625 0.0222778
2 0.88125 0.789062 0.225 0.409375 0.910645
