1 0.2375 0.703125 0.25625 0.59375 0.00114822
0 0.239063 0.69375 0.278125 0.6125 0.0013504
1 0.83125 0.021875 0.1625 0.04375 0.00167656
1 0.448438 0.540625 0.265625 0.5875 0.00177574
2 0.95625 0.1125 0.0875 0.225 0.00195122
0 0.48125 0.5125 0.20625 0.43125 0.00250626
2 0.45625 0.965625 0.15625 0.0625 0.00257874
2 0.125 0.01875 0.18125 0.0375 0.00259018
2 0.265625 0.79375 0.2875 0.4125 0.00487518
0 0.94375 0.1 0.1125 0.1875 0.0101089
1 0.945312 0.1 0.103125 0.1875 0.0103531
0 0.720312 0.24375 0.184375 0.425 0.0108185
2 0.409375 0.935938 0.15625 0.121875 0.0109253
1 0.734375 0.253125 0.25625 0.5 0.0123749
2 0.19375 0.921875 0.11875 0.14375 0.0308685
2 0.290625 0.909375 0.28125 0.175 0.657227
