1 0.760938 0.225 0.128125 0.375 0.00125027
1 0.682813 0.0296875 0.184375 0.059375 0.00132084
1 0.584375 0.195312 0.1875 0.240625 0.00137329
0 0.473437 0.675 0.203125 0.25625 0.00153065
0 0.960938 0.176563 0.078125 0.334375 0.00188923
2 0.475 0.745313 0.23125 0.396875 0.0022831
1 0.0703125 0.584375 0.103125 0.5875 0.0023632
1 0.671875 0.0796875 0.1625 0.140625 0.00240326
1 0.2875 0.465625 0.2375 0.64375 0.00270271
0 0.0734375 0.58125 0.115625 0.60625 0.00345421
1 0.654688 0.228125 0.090625 0.39375 0.00364494
0 0.86875 0.454688 0.2375 0.659375 0.00465775
1 0.88125 0.378125 0.2125 0.63125 0.00501251
1 0.717188 0.21875 0.115625 0.40625 0.0056839
0 0.589063 0.375 0.228125 0.58125 0.00874329
1 0.946875 0.0921875 0.1 0.178125 0.00881195
0 0.945312 0.0921875 0.109375 0.171875 0.0106506
1 0.585938 0.379687 0.215625 0.590625 0.921387
