1 0.0734375 0.585938 0.096875 0.596875 0.00107956
1 0.825 0.265625 0.2 0.4875 0.00111294
0 0.479688 0.46875 0.178125 0.40625 0.00122547
0 0.0765625 0.582812 0.109375 0.621875 0.00129414
0 0.58125 0.154687 0.13125 0.253125 0.00132465
0 0.515625 0.675 0.19375 0.4875 0.00134182
1 0.821875 0.021875 0.15625 0.04375 0.00144005
0 0.945312 0.103125 0.109375 0.20625 0.00198364
1 0.128125 0.575 0.2125 0.675 0.00198746
0 0.690625 0.614062 0.1875 0.428125 0.00200081
2 0.954687 0.115625 0.090625 0.23125 0.00203133
2 0.123438 0.01875 0.178125 0.0375 0.00230026
1 0.946875 0.0984375 0.1 0.184375 0.00462341
0 0.451562 0.665625 0.284375 0.66875 0.0046463
2 0.4625 0.73125 0.2375 0.4875 0.0211182
2 0.4375 0.892187 0.20625 0.203125 0.92041
