0 0.926562 0.289062 0.146875 0.490625 0.00111008
2 0.526563 0.957812 0.171875 0.078125 0.00118446
2 0.446875 0.882812 0.075 0.221875 0.00120926
2 0.796875 0.31875 0.40625 0.6375 0.00128841
2 0.66875 0.934375 0.1375 0.13125 0.00131893
0 0.878125 0.0609375 0.18125 0.121875 0.00137711
2 0.957812 0.946875 0.071875 0.10625 0.00153542
0 0.15 0.553125 0.2375 0.75625 0.00168896
0 0.871875 0.692187 0.23125 0.384375 0.00193787
0 0.075 0.578125 0.11875 0.66875 0.00196838
2 0.579687 0.935938 0.234375 0.128125 0.00208473
2 0.128125 0.01875 0.19375 0.0375 0.00223351
1 0.945312 0.103125 0.103125 0.20625 0.00240135
0 0.320312 0.445312 0.234375 0.515625 0.00311852
2 0.453125 0.7625 0.09375 0.4375 0.00320053
2 0.929688 0.928125 0.140625 0.14375 0.00346184
2 0.729688 0.751562 0.121875 0.478125 0.00351906
0 0.7125 0.25 0.2375 0.45 0.00374794
0 0.696875 0.585938 0.19375 0.321875 0.00376129
2 0.617188 0.9625 0.190625 0.075 0.00416183
0 0.859375 0.585938 0.19375 0.196875 0.00521469
2 0.48125 0.910937 0.125 0.159375 0.00611115
0 0.610937 0.723437 0.321875 0.528125 0.00758743
2 0.86875 0.964063 0.21875 0.071875 0.00869751
0 0.253125 0.55625 0.2625 0.70625 0.00938416
2 0.854688 0.623438 0.221875 0.246875 0.0152206
0 0.726562 0.734375 0.140625 0.50625 0.0186462
0 0.607813 0.51875 0.259375 0.20625 0.0254517
0 0.925 0.764063 0.15 0.471875 0.027298
2 0.775 0.75625 0.1125 0.475 0.035553
0 0.84375 0.321875 0.2625 0.55625 0.0369873
0 0.94375 0.0953125 0.1125 0.184375 0.0395813
2 0.490625 0.7375 0.11875 0.50625 0.0505981
2 0.959375 0.775 0.08125 0.43125 0.0739136
2 0.592188 0.7125 0.328125 0.5625 0.853516
2 0.859375 0.75 0.2625 0.49375 0.863281
