1 0.823438 0.0203125 0.165625 0.040625 0.00100613
0 0.321875 0.471875 0.16875 0.45625 0.00103951
0 0.798437 0.726562 0.140625 0.490625 0.00119019
0 0.842188 0.56875 0.190625 0.51875 0.001194
0 0.14375 0.632812 0.1875 0.603125 0.00123405
1 0.4375 0.565625 0.225 0.4875 0.00131893
0 0.9125 0.44375 0.175 0.6125 0.0014534
0 0.0421875 0.578125 0.078125 0.6375 0.00189686
2 0.960938 0.101562 0.078125 0.196875 0.00217247
2 0.634375 0.909375 0.14375 0.16875 0.00218391
0 0.589063 0.165625 0.134375 0.24375 0.00229645
2 0.125 0.01875 0.1875 0.0375 0.00253868
0 0.854688 0.346875 0.234375 0.6 0.00275612
1 0.071875 0.582812 0.1125 0.634375 0.00334549
0 0.948438 0.101562 0.103125 0.203125 0.00334549
2 0.854688 0.929688 0.165625 0.140625 0.00342941
0 0.74375 0.31875 0.24375 0.55625 0.00521469
1 0.95 0.096875 0.09375 0.18125 0.00674057
0 0.43125 0.54375 0.2625 0.6125 0.00822449
2 0.603125 0.76875 0.11875 0.4625 0.00827026
2 0.692187 0.7375 0.284375 0.50625 0.908203
