0 0.439063 0.114063 0.140625 0.228125 0.00104046
0 0.289062 0.0625 0.165625 0.1125 0.00121498
0 0.521875 0.321875 0.16875 0.36875 0.00134563
0 0.264062 0.0265625 0.203125 0.046875 0.00142193
0 0.373437 0.0796875 0.171875 0.153125 0.00162792
0 0.576563 0.114063 0.171875 0.215625 0.00179958
0 0.807813 0.528125 0.146875 0.45625 0.00196648
0 0.075 0.56875 0.13125 0.6875 0.00221062
1 0.767187 0.25625 0.215625 0.35625 0.00266838
2 0.90625 0.915625 0.1625 0.16875 0.00269127
0 0.676562 0.378125 0.153125 0.30625 0.00333214
0 0.490625 0.08125 0.1875 0.1625 0.00344658
0 0.684375 0.03125 0.21875 0.0625 0.00444031
0 0.717188 0.83125 0.359375 0.325 0.00466156
2 0.590625 0.909375 0.13125 0.16875 0.004673
0 0.704687 0.0765625 0.203125 0.146875 0.00561523
0 0.590625 0.217187 0.15 0.403125 0.00585938
0 0.482812 0.0296875 0.203125 0.059375 0.00743484
0 0.909375 0.565625 0.1375 0.51875 0.0085144
1 0.489062 0.210938 0.171875 0.403125 0.0116806
0 0.56875 0.479688 0.16875 0.490625 0.0171509
0 0.760938 0.371875 0.209375 0.325 0.0177612
1 0.3125 0.167187 0.16875 0.265625 0.0272064
0 0.43125 0.425 0.1625 0.44375 0.0309143
0 0.71875 0.192188 0.225 0.334375 0.038147
0 0.94375 0.0828125 0.1125 0.165625 0.0634766
0 0.942187 0.28125 0.115625 0.5625 0.119568
1 0.490625 0.567187 0.2125 0.528125 0.164551
0 0.31875 0.157813 0.15 0.253125 0.277588
0 0.65 0.246875 0.19375 0.44375 0.475586
0 0.323438 0.471875 0.184375 0.51875 0.620117
1 0.320312 0.479688 0.184375 0.534375 0.621582
0 0.779688 0.26875 0.165625 0.325 0.624023
0 0.495313 0.575 0.203125 0.51875 0.722168
0 0.489062 0.2125 0.159375 0.40625 0.75293
0 0.74375 0.528125 0.2 0.425 0.892578
2 0.720312 0.825 0.340625 0.3375 0.90918
