2 0.528125 0.884375 0.2125 0.16875 0.00100994
0 0.66875 0.714063 0.15 0.540625 0.00102711
0 0.573438 0.282813 0.134375 0.471875 0.00103664
2 0.60625 0.660937 0.275 0.596875 0.00110817
0 0.509375 0.24375 0.15625 0.325 0.00114727
0 0.271875 0.104687 0.15625 0.203125 0.00115013
0 0.1375 0.176563 0.19375 0.353125 0.00126839
0 0.1375 0.35 0.18125 0.54375 0.00130081
0 0.646875 0.075 0.1875 0.15 0.00141144
0 0.923437 0.639063 0.140625 0.496875 0.00163078
0 0.329688 0.059375 0.165625 0.10625 0.00164223
0 0.03125 0.0796875 0.0625 0.159375 0.00174522
0 0.965625 0.192188 0.06875 0.384375 0.001791
0 0.340625 0.171875 0.125 0.29375 0.00187206
0 0.679688 0.0328125 0.203125 0.065625 0.00196075
0 0.0796875 0.0328125 0.140625 0.065625 0.00220299
0 0.0703125 0.0671875 0.128125 0.134375 0.00224686
0 0.06875 0.576563 0.1125 0.684375 0.00327301
1 0.684375 0.38125 0.1875 0.46875 0.00337219
0 0.509375 0.53125 0.19375 0.65625 0.00352287
2 0.860937 0.670313 0.215625 0.521875 0.00406265
0 0.470313 0.179688 0.184375 0.259375 0.00418854
1 0.665625 0.1375 0.2125 0.275 0.00533295
2 0.671875 0.125 0.20625 0.2375 0.00563049
2 0.482812 0.929688 0.190625 0.084375 0.00605774
1 0.55625 0.640625 0.25 0.6375 0.00617599
0 0.642187 0.26875 0.159375 0.525 0.00658035
0 0.825 0.476562 0.18125 0.296875 0.00893402
0 0.160938 0.55 0.265625 0.75 0.00909424
0 0.796875 0.617188 0.13125 0.490625 0.0105286
0 0.948438 0.276563 0.103125 0.553125 0.0138321
0 0.940625 0.0828125 0.11875 0.165625 0.0272369
1 0.398438 0.209375 0.159375 0.36875 0.06604
0 0.725 0.573438 0.175 0.553125 0.0723877
0 0.807813 0.382812 0.165625 0.265625 0.120789
1 0.2375 0.179688 0.1625 0.321875 0.328369
0 0.671875 0.135937 0.20625 0.271875 0.38623
2 0.889063 0.910937 0.221875 0.178125 0.539551
0 0.404687 0.185937 0.159375 0.334375 0.571289
0 0.239063 0.18125 0.153125 0.325 0.593262
0 0.484375 0.35625 0.16875 0.50625 0.770508
0 0.68125 0.3875 0.1625 0.475 0.832031
0 0.575 0.6625 0.2125 0.6 0.878418
0 0.851562 0.664062 0.209375 0.559375 0.899902
