0 0.04375 0.36875 0.08125 0.6375 0.00103569
0 0.432813 0.0359375 0.190625 0.071875 0.00109482
0 0.384375 0.0671875 0.15 0.128125 0.00126362
0 0.0375 0.576563 0.0625 0.596875 0.00134563
0 0.50625 0.075 0.15 0.1375 0.00141048
2 0.926562 0.942187 0.134375 0.109375 0.00153637
0 0.26875 0.53125 0.125 0.53125 0.00160789
0 0.0796875 0.0390625 0.134375 0.071875 0.00225258
0 0.3875 0.439063 0.2 0.396875 0.00226402
2 0.0625 0.0765625 0.1125 0.146875 0.00262451
0 0.176563 0.554688 0.196875 0.678125 0.00267601
0 0.284375 0.0375 0.19375 0.075 0.00319481
0 0.326562 0.229687 0.140625 0.403125 0.00343704
1 0.204688 0.446875 0.190625 0.65625 0.00373459
1 0.317187 0.104687 0.128125 0.184375 0.00418854
0 0.0640625 0.0734375 0.115625 0.146875 0.00419998
0 0.946875 0.0875 0.10625 0.1625 0.00440598
1 0.46875 0.103125 0.175 0.19375 0.00471115
1 0.328125 0.229687 0.14375 0.415625 0.00680542
0 0.0296875 0.0765625 0.059375 0.153125 0.00700378
0 0.95625 0.742188 0.0875 0.340625 0.00706863
0 0.46875 0.110937 0.16875 0.203125 0.00775528
0 0.06875 0.571875 0.11875 0.65625 0.00795746
0 0.317187 0.110937 0.128125 0.190625 0.0103378
1 0.425 0.4125 0.15625 0.49375 0.0104752
0 0.5 0.235938 0.15 0.421875 0.0196991
1 0.498437 0.2375 0.146875 0.41875 0.0246277
0 0.3375 0.621875 0.21875 0.5625 0.025116
2 0.96875 0.701563 0.0625 0.284375 0.0348511
0 0.242188 0.41875 0.140625 0.45625 0.0858154
2 0.359375 0.614062 0.23125 0.578125 0.0900269
0 0.257812 0.23125 0.184375 0.43125 0.17688
1 0.25 0.420312 0.15625 0.471875 0.204468
0 0.43125 0.273438 0.20625 0.515625 0.218994
1 0.690625 0.371875 0.19375 0.5 0.470459
1 0.257812 0.232812 0.190625 0.434375 0.598633
1 0.426562 0.242188 0.209375 0.459375 0.647949
0 0.695312 0.373437 0.184375 0.496875 0.769043
1 0.360938 0.610937 0.234375 0.578125 0.800781
2 0.91875 0.796875 0.15 0.40625 0.866211
