2 0.296875 0.8625 0.11875 0.2625 0.00112534
2 0.648438 0.865625 0.128125 0.26875 0.00114632
1 0.8375 0.360938 0.275 0.678125 0.00122356
1 0.125 0.335938 0.2 0.665625 0.00125599
2 0.609375 0.917188 0.11875 0.153125 0.00126362
0 0.590625 0.160938 0.11875 0.228125 0.00131321
0 0.253125 0.559375 0.25 0.64375 0.00147057
2 0.514063 0.73125 0.221875 0.28125 0.00150013
0 0.034375 0.58125 0.05625 0.6 0.00160313
0 0.903125 0.446875 0.19375 0.66875 0.0016613
0 0.764063 0.235938 0.159375 0.434375 0.00186729
2 0.129688 0.0203125 0.209375 0.040625 0.0022049
1 0.757812 0.275 0.278125 0.55 0.00266647
1 0.071875 0.582812 0.1125 0.621875 0.0031395
1 0.828125 0.021875 0.15625 0.04375 0.00331497
2 0.954687 0.114063 0.090625 0.221875 0.004673
0 0.8375 0.35625 0.25 0.625 0.0048027
0 0.753125 0.30625 0.25625 0.6125 0.00691223
1 0.948438 0.101562 0.096875 0.190625 0.00694656
0 0.946875 0.101562 0.10625 0.190625 0.00839996
0 0.075 0.576563 0.125 0.659375 0.0102692
2 0.603125 0.820312 0.14375 0.346875 0.0168304
2 0.342187 0.815625 0.159375 0.36875 0.0667114
2 0.454688 0.8 0.390625 0.39375 0.882324
