0 0.0359375 0.584375 0.059375 0.5875 0.00111294
2 0.132812 0.01875 0.209375 0.0375 0.00111771
2 0.0671875 0.60625 0.084375 0.5875 0.00120544
0 0.132812 0.570312 0.209375 0.709375 0.00131607
2 0.701563 0.832812 0.109375 0.328125 0.001441
0 0.957812 0.840625 0.084375 0.31875 0.00150681
0 0.48125 0.779688 0.2 0.434375 0.00153923
1 0.915625 0.821875 0.15 0.35625 0.00234985
0 0.510938 0.673437 0.221875 0.303125 0.00313759
2 0.954687 0.94375 0.090625 0.1125 0.00351524
2 0.9 0.951563 0.2 0.090625 0.00372124
1 0.06875 0.585938 0.0875 0.603125 0.00390053
0 0.06875 0.584375 0.1 0.63125 0.00444794
0 0.835938 0.342187 0.253125 0.565625 0.00476837
0 0.45625 0.46875 0.25625 0.50625 0.00914764
2 0.901563 0.890625 0.196875 0.21875 0.0135574
0 0.876562 0.8 0.215625 0.3625 0.0146713
2 0.476562 0.782812 0.234375 0.421875 0.0215149
2 0.964063 0.865625 0.071875 0.2625 0.0281982
0 0.470313 0.142188 0.146875 0.271875 0.328125
1 0.471875 0.146875 0.15625 0.25625 0.383545
2 0.80625 0.817187 0.3125 0.359375 0.821777
