0 0.0359375 0.579687 0.059375 0.590625 0.00110626
1 0.157813 0.4625 0.253125 0.775 0.00117302
0 0.228125 0.651563 0.2375 0.571875 0.00139141
0 0.721875 0.242188 0.18125 0.453125 0.00153351
2 0.959375 0.0953125 0.08125 0.184375 0.00160599
1 0.8375 0.273438 0.225 0.509375 0.00163746
1 0.564062 0.167187 0.109375 0.296875 0.00173473
1 0.682813 0.25625 0.228125 0.4625 0.00182915
2 0.126563 0.0171875 0.196875 0.034375 0.00196838
1 0.521875 0.135937 0.14375 0.234375 0.00197029
1 0.825 0.021875 0.1625 0.04375 0.00218964
0 0.8375 0.340625 0.24375 0.60625 0.00252342
1 0.06875 0.58125 0.1 0.6125 0.00269127
0 0.146875 0.559375 0.23125 0.7375 0.00288773
1 0.242188 0.5625 0.234375 0.65 0.00397873
1 0.948438 0.0890625 0.096875 0.171875 0.00462341
0 0.946875 0.090625 0.10625 0.16875 0.00531769
1 0.751562 0.325 0.246875 0.5875 0.00594711
0 0.0703125 0.578125 0.115625 0.64375 0.00665665
1 0.496875 0.632812 0.19375 0.378125 0.0136414
0 0.501562 0.671875 0.209375 0.425 0.0454712
2 0.504687 0.659375 0.209375 0.4125 0.0544128
1 0.492188 0.29375 0.196875 0.5 0.896484
