1 0.832812 0.278125 0.215625 0.50625 0.00100899
0 0.832812 0.35 0.234375 0.5875 0.00101185
0 0.473437 0.476562 0.171875 0.371875 0.00108337
0 0.0421875 0.58125 0.078125 0.625 0.00111675
0 0.584375 0.165625 0.13125 0.2375 0.00120258
1 0.429688 0.476562 0.265625 0.509375 0.00125408
0 0.739062 0.273438 0.165625 0.465625 0.00126266
1 0.826563 0.0234375 0.159375 0.046875 0.00126553
0 0.692187 0.567187 0.203125 0.440625 0.00134563
0 0.946875 0.0984375 0.10625 0.178125 0.00144768
2 0.121875 0.01875 0.1875 0.0375 0.00151348
1 0.0734375 0.582812 0.115625 0.615625 0.00235176
0 0.528125 0.565625 0.1875 0.41875 0.00677109
0 0.396875 0.146875 0.15625 0.25625 0.0276947
1 0.398438 0.146875 0.153125 0.25625 0.781738
