1 0.820312 0.021875 0.171875 0.04375 0.0011797
1 0.821875 0.275 0.20625 0.51875 0.00121689
0 0.946875 0.096875 0.10625 0.175 0.00132084
0 0.776563 0.325 0.228125 0.5875 0.00140285
0 0.0328125 0.576563 0.059375 0.596875 0.00161743
2 0.121875 0.01875 0.19375 0.0375 0.00177383
1 0.120312 0.334375 0.184375 0.6125 0.00182724
1 0.364062 0.5125 0.209375 0.225 0.00198364
1 0.075 0.576563 0.1125 0.621875 0.00301552
0 0.0765625 0.575 0.121875 0.65625 0.00649643
1 0.373437 0.65625 0.203125 0.54375 0.489014
2 0.373437 0.657812 0.203125 0.534375 0.834961
