0 0.860937 0.342187 0.215625 0.596875 0.00104046
0 0.071875 0.120312 0.13125 0.221875 0.0012207
0 0.720312 0.4375 0.171875 0.4375 0.00247574
0 0.123438 0.370313 0.196875 0.621875 0.0026741
0 0.06875 0.040625 0.13125 0.08125 0.00270653
0 0.2625 0.0734375 0.175 0.134375 0.00401688
0 0.723437 0.228125 0.228125 0.4 0.0044899
0 0.034375 0.08125 0.06875 0.1625 0.00555801
0 0.625 0.33125 0.2125 0.40625 0.00823975
0 0.5 0.121875 0.1625 0.24375 0.00868225
0 0.675 0.140625 0.19375 0.28125 0.0103149
0 0.276563 0.16875 0.165625 0.26875 0.0118027
1 0.325 0.276563 0.2 0.390625 0.0140686
1 0.6625 0.526563 0.2125 0.578125 0.0175476
1 0.615625 0.1875 0.21875 0.3375 0.0181274
0 0.325 0.28125 0.2 0.39375 0.0235901
0 0.940625 0.09375 0.11875 0.18125 0.0278931
0 0.5375 0.220313 0.13125 0.384375 0.0332336
1 0.353125 0.16875 0.175 0.28125 0.0765381
0 0.225 0.128125 0.15 0.2375 0.100952
0 0.367188 0.485938 0.203125 0.540625 0.230957
1 0.229687 0.257812 0.165625 0.428125 0.267822
0 0.376563 0.154687 0.178125 0.278125 0.458496
0 0.229687 0.259375 0.159375 0.41875 0.459473
0 0.609375 0.196875 0.20625 0.35625 0.606934
1 0.3625 0.484375 0.2125 0.54375 0.788086
0 0.673437 0.523438 0.209375 0.540625 0.821289
