0 0.571875 0.0765625 0.16875 0.153125 0.00112629
0 0.404687 0.470313 0.153125 0.478125 0.00126743
0 0.86875 0.440625 0.1875 0.6 0.00159073
0 0.271875 0.460938 0.2125 0.634375 0.00166512
1 0.695312 0.475 0.209375 0.55 0.00186634
0 0.0359375 0.575 0.059375 0.6125 0.00251961
0 0.529688 0.684375 0.171875 0.225 0.00291443
0 0.609375 0.120312 0.15 0.240625 0.00299835
0 0.071875 0.117188 0.13125 0.215625 0.00357246
0 0.260938 0.0796875 0.171875 0.153125 0.00543213
0 0.06875 0.04375 0.1375 0.0875 0.00598526
0 0.065625 0.567187 0.1125 0.696875 0.0059967
0 0.171875 0.467187 0.2125 0.740625 0.00654602
0 0.0765625 0.365625 0.146875 0.6625 0.00723648
1 0.359375 0.35 0.20625 0.45625 0.00771713
1 0.235938 0.173438 0.178125 0.321875 0.00894165
0 0.335938 0.120312 0.159375 0.221875 0.0102081
0 0.940625 0.0875 0.11875 0.16875 0.0143738
0 0.0359375 0.08125 0.071875 0.1625 0.0299683
0 0.628125 0.270312 0.14375 0.371875 0.0313721
0 0.3625 0.345313 0.2 0.453125 0.0362244
1 0.539062 0.184375 0.184375 0.36875 0.0823364
0 0.35 0.565625 0.21875 0.56875 0.118896
1 0.384375 0.226562 0.19375 0.421875 0.130859
1 0.232812 0.351562 0.178125 0.521875 0.135864
0 0.235938 0.139062 0.165625 0.253125 0.161255
0 0.2375 0.292188 0.175 0.496875 0.530762
0 0.389062 0.204688 0.178125 0.403125 0.744141
1 0.342187 0.554688 0.234375 0.578125 0.751953
0 0.539062 0.190625 0.178125 0.38125 0.779297
0 0.701563 0.45 0.209375 0.55 0.797363
