1 0.839063 0.276563 0.221875 0.503125 0.00102997
1 0.134375 0.592188 0.18125 0.596875 0.00127411
0 0.584375 0.1625 0.11875 0.24375 0.00128269
2 0.960938 0.1 0.078125 0.2 0.00134468
2 0.46875 0.820312 0.14375 0.328125 0.00137711
1 0.071875 0.592188 0.10625 0.615625 0.00137997
1 0.5375 0.140625 0.1625 0.25 0.00139999
1 0.83125 0.021875 0.15 0.04375 0.00143242
2 0.121875 0.01875 0.1875 0.0375 0.00165558
1 0.4625 0.539062 0.2625 0.534375 0.00187016
2 0.482812 0.676562 0.215625 0.221875 0.00217056
0 0.525 0.575 0.20625 0.41875 0.00313187
0 0.95 0.0953125 0.1 0.178125 0.00342941
1 0.951563 0.0953125 0.096875 0.178125 0.00346565
1 0.39375 0.146875 0.175 0.26875 0.863281
