1 0.817187 0.276563 0.203125 0.521875 0.00100803
1 0.0921875 0.326562 0.178125 0.578125 0.00102615
0 0.9 0.54375 0.1875 0.6125 0.00104809
1 0.965625 0.1 0.06875 0.18125 0.00115967
2 0.0953125 0.0234375 0.153125 0.046875 0.00118446
0 0.951563 0.096875 0.096875 0.175 0.0013237
2 0.957812 0.11875 0.084375 0.2375 0.00143242
2 0.03125 0.782812 0.0625 0.434375 0.00181007
0 0.307813 0.201562 0.171875 0.353125 0.00210381
1 0.398438 0.121875 0.109375 0.23125 0.00242805
0 0.828125 0.345313 0.23125 0.596875 0.00258255
1 0.321875 0.0875 0.14375 0.15625 0.00264549
1 0.0578125 0.429688 0.103125 0.584375 0.00437164
1 0.114063 0.665625 0.165625 0.54375 0.00524902
0 0.0671875 0.364062 0.128125 0.646875 0.00572968
0 0.034375 0.498437 0.0625 0.509375 0.00724411
0 0.110937 0.659375 0.146875 0.54375 0.0238647
2 0.040625 0.653125 0.08125 0.5875 0.145264
0 0.0484375 0.629687 0.096875 0.565625 0.216675
1 0.0484375 0.632812 0.096875 0.565625 0.288574
1 0.320312 0.20625 0.178125 0.375 0.816895
1 0.459375 0.6125 0.23125 0.5625 0.936523
