1 0.117188 0.578125 0.190625 0.63125 0.00100994
2 0.485938 0.671875 0.240625 0.225 0.00108528
2 0.960938 0.1 0.078125 0.19375 0.00117016
0 0.475 0.475 0.16875 0.375 0.00135231
2 0.059375 0.94375 0.1 0.1 0.00182438
1 0.95 0.09375 0.09375 0.175 0.00191498
0 0.948438 0.0953125 0.103125 0.171875 0.00237656
0 0.117188 0.654688 0.184375 0.609375 0.002882
2 0.0890625 0.83125 0.165625 0.3125 0.00297356
0 0.0390625 0.578125 0.071875 0.58125 0.00364876
2 0.13125 0.0171875 0.2 0.034375 0.00392914
0 0.528125 0.565625 0.20625 0.41875 0.00423431
1 0.053125 0.63125 0.09375 0.6125 0.0098114
0 0.059375 0.676562 0.11875 0.646875 0.0223236
2 0.028125 0.9 0.05625 0.1875 0.0349426
2 0.0390625 0.770312 0.078125 0.446875 0.426025
