1 0.120312 0.259375 0.215625 0.51875 0.00103378
0 0.723437 0.246875 0.159375 0.45 0.00119019
0 0.590625 0.16875 0.11875 0.23125 0.00120544
2 0.954687 0.11875 0.090625 0.2375 0.00127792
2 0.523438 0.76875 0.309375 0.45625 0.00140095
2 0.05625 0.914062 0.10625 0.153125 0.00157261
2 0.126563 0.01875 0.190625 0.0375 0.00208092
1 0.945312 0.0984375 0.109375 0.178125 0.00345802
1 0.178125 0.5375 0.20625 0.2375 0.00426102
0 0.942187 0.0984375 0.115625 0.178125 0.00474548
0 0.434375 0.465625 0.24375 0.41875 0.00502777
0 0.132812 0.671875 0.209375 0.55 0.00584793
0 0.178125 0.539062 0.20625 0.240625 0.0188904
1 0.176563 0.63125 0.246875 0.44375 0.0608521
0 0.204688 0.634375 0.253125 0.44375 0.0709229
2 0.173438 0.867188 0.265625 0.265625 0.0732422
2 0.0890625 0.875 0.128125 0.25 0.112488
2 0.176563 0.721875 0.284375 0.55625 0.696289
