2 0.478125 0.673437 0.21875 0.246875 0.0010128
2 0.225 0.015625 0.20625 0.03125 0.00102043
1 0.828125 0.021875 0.15625 0.04375 0.00112534
2 0.117188 0.953125 0.178125 0.08125 0.00120831
0 0.584375 0.154687 0.13125 0.253125 0.00127792
1 0.95 0.101562 0.1 0.184375 0.00157547
1 0.034375 0.5375 0.06875 0.2125 0.00165653
0 0.475 0.464063 0.2 0.415625 0.00167942
0 0.946875 0.101562 0.10625 0.184375 0.00177956
1 0.110937 0.2625 0.184375 0.4875 0.00212097
2 0.132812 0.0171875 0.203125 0.034375 0.00222778
1 0.0734375 0.539062 0.128125 0.196875 0.00223351
2 0.0375 0.542188 0.075 0.215625 0.00235748
0 0.526563 0.571875 0.203125 0.4125 0.00263596
2 0.170312 0.9625 0.140625 0.075 0.00273895
1 0.725 0.235938 0.1625 0.434375 0.00278664
2 0.201562 0.929688 0.115625 0.134375 0.003685
2 0.0390625 0.90625 0.078125 0.1875 0.00392914
0 0.0453125 0.6875 0.090625 0.48125 0.00492477
0 0.726562 0.239063 0.178125 0.440625 0.00559616
1 0.0921875 0.696875 0.184375 0.5 0.0105133
2 0.078125 0.59375 0.15625 0.29375 0.014534
0 0.114063 0.695312 0.221875 0.521875 0.0150375
2 0.0453125 0.707812 0.090625 0.546875 0.0337524
2 0.107813 0.857813 0.184375 0.271875 0.0775146
2 0.107813 0.71875 0.215625 0.5625 0.830078
