0 0.964063 0.065625 0.071875 0.13125 0.00109959
0 0.642187 0.475 0.153125 0.5 0.00123215
2 0.567187 0.960938 0.159375 0.071875 0.00124168
0 0.0328125 0.58125 0.059375 0.6 0.00138092
2 0.490625 0.921875 0.16875 0.14375 0.00141811
0 0.442187 0.721875 0.146875 0.55625 0.00144386
0 0.7125 0.0609375 0.18125 0.109375 0.00146008
1 0.203125 0.059375 0.175 0.1 0.00161934
2 0.44375 0.728125 0.14375 0.5375 0.00203896
0 0.896875 0.0609375 0.16875 0.121875 0.0020752
1 0.0671875 0.58125 0.103125 0.625 0.00208473
0 0.165625 0.453125 0.25625 0.80625 0.00250816
0 0.671875 0.609375 0.14375 0.6 0.0028286
0 0.253125 0.078125 0.1375 0.13125 0.00355339
0 0.254687 0.332812 0.196875 0.596875 0.00416183
0 0.865625 0.459375 0.19375 0.5875 0.00419998
0 0.621875 0.628125 0.15625 0.5125 0.00458527
0 0.565625 0.540625 0.20625 0.3375 0.00490952
2 0.521875 0.870313 0.2375 0.246875 0.0063591
0 0.0703125 0.576563 0.115625 0.659375 0.00787354
1 0.251563 0.071875 0.140625 0.11875 0.0131226
0 0.501562 0.504687 0.228125 0.234375 0.0193939
0 0.940625 0.0953125 0.11875 0.190625 0.030014
0 0.528125 0.69375 0.29375 0.55625 0.127197
2 0.526563 0.690625 0.290625 0.60625 0.867676
0 0.703125 0.41875 0.19375 0.5125 0.869141
