1 0.689062 0.160938 0.259375 0.315625 0.00110626
2 0.865625 0.832812 0.25 0.334375 0.00123692
1 0.34375 0.264062 0.1875 0.346875 0.00178337
2 0.9125 0.95625 0.175 0.0875 0.00200653
0 0.078125 0.314063 0.15 0.571875 0.00202751
2 0.815625 0.639063 0.28125 0.371875 0.00209427
0 0.742188 0.240625 0.246875 0.43125 0.00216293
0 0.689062 0.14375 0.234375 0.28125 0.00283051
2 0.9625 0.925 0.075 0.15 0.00298119
0 0.348437 0.396875 0.190625 0.20625 0.00318909
1 0.3625 0.442187 0.175 0.296875 0.00342941
2 0.553125 0.75 0.2125 0.5 0.00393677
0 0.528125 0.723437 0.18125 0.484375 0.00498962
2 0.326562 0.909375 0.165625 0.175 0.00501251
2 0.685938 0.81875 0.284375 0.35625 0.0063324
2 0.553125 0.935938 0.1625 0.115625 0.00741196
2 0.595312 0.864062 0.184375 0.271875 0.0164642
2 0.6125 0.928125 0.16875 0.1375 0.0969238
0 0.34375 0.639063 0.225 0.671875 0.122375
1 0.607813 0.140625 0.178125 0.275 0.147217
0 0.140625 0.642187 0.19375 0.590625 0.213745
0 0.820312 0.682813 0.284375 0.415625 0.232788
0 0.6125 0.145313 0.18125 0.265625 0.272461
2 0.145313 0.646875 0.203125 0.59375 0.325195
0 0.384375 0.167187 0.16875 0.303125 0.339844
1 0.340625 0.640625 0.25 0.64375 0.383057
1 0.145313 0.646875 0.196875 0.5875 0.429932
2 0.3375 0.654688 0.23125 0.684375 0.583984
1 0.379687 0.176563 0.171875 0.296875 0.610352
2 0.792188 0.75625 0.390625 0.4875 0.718262
