2 0.959375 0.1 0.08125 0.19375 0.00100708
0 0.0390625 0.3625 0.071875 0.6625 0.00111866
0 0.0265625 0.0765625 0.053125 0.153125 0.00118732
1 0.826563 0.021875 0.165625 0.04375 0.00137615
0 0.404687 0.546875 0.178125 0.43125 0.00145245
2 0.198437 0.675 0.103125 0.525 0.00152493
2 0.354688 0.709375 0.128125 0.56875 0.00154305
0 0.2 0.670313 0.10625 0.521875 0.00235939
2 0.30625 0.907812 0.14375 0.171875 0.00242805
1 0.95 0.0953125 0.09375 0.178125 0.00253677
2 0.307813 0.954687 0.140625 0.078125 0.00307274
0 0.104687 0.339063 0.178125 0.546875 0.00473022
0 0.0765625 0.582812 0.140625 0.690625 0.0054512
1 0.326562 0.471875 0.190625 0.28125 0.0109024
0 0.295312 0.239063 0.190625 0.428125 0.0236969
0 0.354688 0.635938 0.134375 0.546875 0.0263367
0 0.348437 0.479688 0.153125 0.321875 0.0361938
0 0.28125 0.709375 0.25 0.55625 0.274414
2 0.279687 0.709375 0.253125 0.55625 0.65918
1 0.29375 0.2375 0.1875 0.41875 0.80957
