0 0.49375 0.592188 0.19375 0.396875 0.00117016
0 0.0359375 0.584375 0.059375 0.59375 0.00130272
2 0.382812 0.90625 0.184375 0.175 0.00174427
0 0.760938 0.321875 0.259375 0.56875 0.00202751
2 0.329688 0.942187 0.090625 0.096875 0.00224686
2 0.128125 0.01875 0.20625 0.0375 0.00254631
1 0.071875 0.5875 0.1 0.625 0.00257683
0 0.946875 0.1 0.10625 0.18125 0.0026741
2 0.304688 0.917188 0.103125 0.159375 0.00274277
0 0.146875 0.557813 0.23125 0.721875 0.00337029
0 0.075 0.58125 0.1125 0.6625 0.00830078
1 0.4625 0.640625 0.23125 0.46875 0.0115128
0 0.457812 0.720312 0.234375 0.509375 0.0571289
2 0.334375 0.878125 0.10625 0.23125 0.0744019
1 0.442187 0.5125 0.190625 0.2375 0.0775146
2 0.415625 0.854688 0.25625 0.278125 0.093689
0 0.446875 0.503125 0.21875 0.225 0.203857
2 0.432813 0.721875 0.284375 0.55625 0.732422
