2 0.6625 0.960938 0.18125 0.071875 0.00101662
1 0.823438 0.021875 0.165625 0.04375 0.00139809
1 0.360938 0.24375 0.146875 0.21875 0.00161171
0 0.0375 0.579687 0.0625 0.603125 0.00227165
2 0.49375 0.825 0.225 0.3375 0.0024128
1 0.1125 0.4625 0.20625 0.71875 0.00288391
2 0.645312 0.914062 0.215625 0.171875 0.00359154
0 0.75625 0.535937 0.14375 0.396875 0.00453949
0 0.75625 0.245312 0.2625 0.446875 0.00471878
2 0.559375 0.732813 0.16875 0.509375 0.00472641
1 0.0734375 0.573438 0.115625 0.634375 0.00476074
0 0.867188 0.326562 0.234375 0.521875 0.00628662
0 0.948438 0.0890625 0.103125 0.171875 0.0124207
0 0.075 0.56875 0.125 0.675 0.0194092
0 0.7 0.479688 0.225 0.228125 0.0319824
0 0.592188 0.725 0.215625 0.525 0.0906372
0 0.670313 0.682813 0.259375 0.559375 0.310547
2 0.651563 0.690625 0.296875 0.60625 0.786133
1 0.354688 0.396875 0.190625 0.4875 0.908691
