0 0.7625 0.259375 0.25 0.5 0.00108337
2 0.964063 0.0984375 0.071875 0.190625 0.00113392
2 0.759375 0.75625 0.19375 0.4875 0.00116539
2 0.614062 0.929688 0.228125 0.134375 0.00122929
0 0.267188 0.610937 0.221875 0.534375 0.0012989
0 0.35 0.454688 0.23125 0.484375 0.00138283
2 0.126563 0.0203125 0.190625 0.040625 0.00145721
0 0.8125 0.673437 0.13125 0.421875 0.00180054
0 0.725 0.582812 0.24375 0.384375 0.00180054
1 0.0765625 0.589063 0.103125 0.584375 0.00281525
0 0.948438 0.0953125 0.103125 0.178125 0.00289917
1 0.63125 0.515625 0.2 0.20625 0.00376701
2 0.540625 0.73125 0.16875 0.5375 0.00401688
0 0.604688 0.60625 0.209375 0.4 0.00415802
0 0.0796875 0.585938 0.115625 0.596875 0.00444031
0 0.66875 0.701563 0.325 0.565625 0.004879
0 0.864062 0.329688 0.234375 0.584375 0.00598526
2 0.5625 0.892187 0.21875 0.215625 0.00913239
0 0.75625 0.723437 0.2 0.503125 0.016861
0 0.645312 0.510938 0.240625 0.209375 0.0210114
2 0.509375 0.842188 0.15625 0.315625 0.0927124
2 0.659375 0.70625 0.35625 0.575 0.82959
