2 0.48125 0.9625 0.175 0.0625 0.00122261
0 0.034375 0.58125 0.05625 0.6 0.00140667
2 0.123438 0.01875 0.196875 0.0375 0.00150204
0 0.23125 0.335938 0.23125 0.646875 0.00190926
0 0.151562 0.44375 0.253125 0.78125 0.00249481
1 0.517187 0.48125 0.228125 0.225 0.00265121
1 0.0734375 0.584375 0.109375 0.625 0.00300026
1 0.95 0.0984375 0.09375 0.184375 0.00380707
0 0.771875 0.301562 0.25625 0.578125 0.00445557
0 0.948438 0.1 0.103125 0.18125 0.00565338
1 0.517187 0.592188 0.190625 0.471875 0.00823212
0 0.075 0.58125 0.11875 0.6625 0.0123825
0 0.546875 0.590625 0.1625 0.45625 0.0139465
0 0.51875 0.473437 0.225 0.209375 0.108276
2 0.475 0.710938 0.2375 0.559375 0.543945
0 0.48125 0.696875 0.25 0.60625 0.664551
