0 0.946875 0.096875 0.10625 0.175 0.00123024
1 0.964063 0.0984375 0.071875 0.178125 0.00124454
0 0.0453125 0.439063 0.084375 0.221875 0.00139332
2 0.126563 0.0171875 0.196875 0.034375 0.0017004
0 0.476562 0.475 0.196875 0.41875 0.00172043
2 0.0828125 0.859375 0.146875 0.26875 0.00203133
1 0.0359375 0.479688 0.071875 0.315625 0.00227356
0 0.05 0.596875 0.09375 0.54375 0.00247192
0 0.071875 0.484375 0.14375 0.26875 0.00479126
1 0.10625 0.228125 0.19375 0.45625 0.00614548
0 0.521875 0.571875 0.2125 0.43125 0.00823975
1 0.0765625 0.482812 0.146875 0.271875 0.0197601
0 0.0984375 0.653125 0.184375 0.63125 0.025116
1 0.545313 0.128125 0.128125 0.2375 0.0315857
0 0.546875 0.129688 0.13125 0.234375 0.0402527
2 0.165625 0.91875 0.1375 0.1625 0.0421753
1 0.0859375 0.659375 0.165625 0.63125 0.0793457
2 0.104687 0.929688 0.159375 0.134375 0.106567
2 0.0921875 0.676562 0.178125 0.646875 0.712402
