0 0.040625 0.576563 0.075 0.609375 0.00120163
0 0.710938 0.584375 0.140625 0.45625 0.00124168
1 0.075 0.579687 0.1 0.590625 0.00129128
0 0.679688 0.473437 0.196875 0.346875 0.00130653
0 0.248437 0.559375 0.259375 0.68125 0.00205803
2 0.126563 0.01875 0.196875 0.0375 0.00223923
2 0.639063 0.915625 0.190625 0.16875 0.00271606
0 0.117188 0.582812 0.178125 0.584375 0.00320244
2 0.573438 0.954687 0.153125 0.078125 0.00650024
0 0.842188 0.323438 0.246875 0.546875 0.00687027
1 0.948438 0.0953125 0.103125 0.184375 0.00856018
0 0.596875 0.495313 0.23125 0.246875 0.0116653
0 0.945312 0.096875 0.109375 0.18125 0.0157166
2 0.571875 0.90625 0.18125 0.18125 0.0158081
2 0.53125 0.717188 0.15 0.546875 0.0491333
0 0.53125 0.710938 0.14375 0.559375 0.0541992
0 0.623438 0.675 0.290625 0.5875 0.271973
2 0.623438 0.6875 0.309375 0.625 0.770996
