0 0.684375 0.0828125 0.16875 0.159375 0.00123596
0 0.871875 0.421875 0.2125 0.59375 0.00150204
0 0.0359375 0.582812 0.065625 0.609375 0.0025177
1 0.075 0.58125 0.11875 0.6375 0.00274277
1 0.889063 0.35 0.203125 0.58125 0.00288773
0 0.167187 0.545313 0.215625 0.653125 0.0044136
0 0.426562 0.445312 0.196875 0.246875 0.00634384
0 0.26875 0.615625 0.2375 0.55625 0.00731277
0 0.0765625 0.576563 0.128125 0.684375 0.0150909
0 0.94375 0.0921875 0.1125 0.178125 0.0231323
1 0.440625 0.607813 0.20625 0.553125 0.0911865
1 0.679688 0.609375 0.228125 0.53125 0.227051
0 0.670313 0.239063 0.190625 0.446875 0.523438
0 0.68125 0.607813 0.225 0.515625 0.638184
1 0.675 0.229687 0.175 0.440625 0.722168
0 0.435937 0.607813 0.215625 0.565625 0.850098
