1 0.582812 0.164062 0.134375 0.246875 0.00121593
1 0.221875 0.479688 0.1875 0.203125 0.00133038
0 0.114063 0.676562 0.140625 0.459375 0.00133514
1 0.828125 0.271875 0.23125 0.5125 0.00134563
2 0.129688 0.01875 0.196875 0.0375 0.00141335
1 0.829687 0.021875 0.171875 0.04375 0.00141525
1 0.114063 0.635938 0.146875 0.534375 0.00148964
0 0.948438 0.0984375 0.103125 0.196875 0.00198174
2 0.960938 0.096875 0.078125 0.1875 0.00229645
0 0.584375 0.160938 0.13125 0.253125 0.00300598
0 0.523438 0.5625 0.209375 0.40625 0.00318336
1 0.951563 0.0921875 0.096875 0.171875 0.00367355
2 0.114063 0.675 0.140625 0.4625 0.00855255
2 0.220313 0.65625 0.259375 0.5375 0.278076
1 0.217187 0.651563 0.265625 0.553125 0.839355
