0 0.425 0.475 0.2125 0.3875 0.00114918
2 0.192188 0.76875 0.153125 0.45 0.00128746
1 0.071875 0.584375 0.1 0.625 0.00171852
0 0.128125 0.58125 0.1875 0.6 0.00175285
0 0.376563 0.635938 0.271875 0.221875 0.00211525
0 0.585938 0.160938 0.115625 0.265625 0.00223541
2 0.123438 0.01875 0.184375 0.0375 0.0023098
2 0.573438 0.864062 0.153125 0.253125 0.00253868
0 0.075 0.579687 0.1125 0.665625 0.00468445
2 0.240625 0.85625 0.13125 0.275 0.025177
2 0.298438 0.782812 0.234375 0.409375 0.0723267
2 0.409375 0.771875 0.4875 0.45625 0.960938
