0 0.689062 0.564062 0.190625 0.446875 0.00108242
2 0.35625 0.664062 0.1 0.459375 0.00111485
2 0.5375 0.671875 0.3125 0.63125 0.00113964
2 0.48125 0.765625 0.1625 0.45625 0.00170422
1 0.35 0.634375 0.09375 0.45625 0.00180721
1 0.121875 0.25 0.2125 0.5 0.00193977
1 0.203125 0.489062 0.2 0.271875 0.00233841
2 0.128125 0.01875 0.19375 0.0375 0.00290489
2 0.229687 0.904688 0.134375 0.171875 0.00320816
0 0.532812 0.570312 0.209375 0.446875 0.00382996
1 0.251563 0.654688 0.284375 0.571875 0.0251007
2 0.248437 0.682813 0.271875 0.634375 0.906738
