0 0.34375 0.451562 0.25 0.509375 0.00104046
1 0.110937 0.590625 0.165625 0.56875 0.00130367
2 0.671875 0.875 0.18125 0.2375 0.00210953
0 0.115625 0.585938 0.16875 0.584375 0.00227737
2 0.129688 0.01875 0.203125 0.0375 0.00258064
0 0.2625 0.610937 0.21875 0.521875 0.00385284
0 0.85625 0.328125 0.2375 0.51875 0.00403976
0 0.760938 0.63125 0.140625 0.525 0.0048027
0 0.945312 0.084375 0.109375 0.1625 0.00487518
0 0.785937 0.240625 0.265625 0.4625 0.00737381
2 0.582812 0.720312 0.184375 0.540625 0.0172424
0 0.58125 0.715625 0.175 0.55 0.0213013
0 0.670313 0.49375 0.253125 0.225 0.027359
0 0.670313 0.689062 0.290625 0.590625 0.293701
2 0.6625 0.692187 0.3 0.615625 0.80957
