0 0.928125 0.317187 0.14375 0.540625 0.00105381
2 0.510938 0.821875 0.221875 0.35625 0.0011797
2 0.795313 0.285937 0.409375 0.571875 0.00120258
2 0.123438 0.01875 0.184375 0.0375 0.0013485
0 0.828125 0.171875 0.2375 0.34375 0.00167465
0 0.864062 0.532812 0.184375 0.346875 0.00189686
1 0.759375 0.204688 0.30625 0.409375 0.00212479
1 0.071875 0.589063 0.1 0.628125 0.00238037
0 0.434375 0.478125 0.24375 0.45 0.00263023
0 0.729688 0.6375 0.171875 0.51875 0.00347328
0 0.903125 0.634375 0.13125 0.46875 0.00457382
0 0.8125 0.4375 0.2 0.15 0.00510406
0 0.48125 0.60625 0.225 0.4625 0.00933838
0 0.685938 0.725 0.128125 0.5 0.0139313
0 0.757812 0.234375 0.271875 0.46875 0.0157928
1 0.946875 0.0984375 0.1 0.190625 0.017807
0 0.945312 0.1 0.109375 0.1875 0.0201569
0 0.784375 0.496875 0.24375 0.2375 0.0349731
2 0.684375 0.71875 0.13125 0.525 0.044342
0 0.809375 0.685938 0.3 0.590625 0.106812
2 0.79375 0.690625 0.33125 0.61875 0.785156
