2 0.959375 0.103125 0.08125 0.2 0.00112152
0 0.946875 0.101562 0.10625 0.203125 0.00132084
0 0.115625 0.496875 0.1875 0.2625 0.00143433
0 0.846875 0.335938 0.24375 0.603125 0.00154495
2 0.125 0.0171875 0.19375 0.034375 0.00163364
1 0.840625 0.285937 0.23125 0.521875 0.0016737
0 0.484375 0.570312 0.21875 0.446875 0.00198936
0 0.734375 0.270312 0.2625 0.496875 0.00204659
1 0.739062 0.276563 0.290625 0.534375 0.00215149
1 0.95 0.096875 0.1 0.175 0.00337791
1 0.09375 0.498437 0.16875 0.278125 0.00389671
1 0.83125 0.0234375 0.1625 0.046875 0.00473022
2 0.04375 0.915625 0.0875 0.16875 0.00484085
1 0.101562 0.223438 0.178125 0.415625 0.00721741
2 0.04375 0.671875 0.08125 0.59375 0.0119171
2 0.0921875 0.9 0.165625 0.1875 0.0187531
0 0.04375 0.63125 0.08125 0.55 0.0268555
0 0.0984375 0.634375 0.190625 0.55 0.147339
1 0.1125 0.635938 0.20625 0.534375 0.458252
2 0.107813 0.676562 0.203125 0.646875 0.634766
