1 0.340625 0.120312 0.125 0.209375 0.00102806
2 0.117188 0.01875 0.190625 0.0375 0.00112343
2 0.921875 0.879687 0.08125 0.240625 0.00119209
0 0.4625 0.126563 0.175 0.234375 0.00125217
0 0.075 0.345313 0.14375 0.690625 0.0016346
2 0.442187 0.0328125 0.221875 0.065625 0.00184917
2 0.89375 0.904688 0.1625 0.190625 0.00188065
0 0.632812 0.167187 0.171875 0.328125 0.00212479
0 0.353125 0.779688 0.21875 0.428125 0.00248718
1 0.325 0.235938 0.14375 0.321875 0.0024929
0 0.123438 0.451562 0.209375 0.715625 0.00255966
0 0.3875 0.075 0.15625 0.1375 0.00292587
2 0.678125 0.917188 0.16875 0.153125 0.0034256
0 0.85625 0.33125 0.24375 0.5625 0.0044136
0 0.0765625 0.575 0.128125 0.675 0.00574112
2 0.18125 0.853125 0.11875 0.275 0.00610352
0 0.945312 0.1 0.109375 0.1875 0.00660324
0 0.6875 0.689062 0.1625 0.353125 0.00769806
0 0.86875 0.735937 0.16875 0.459375 0.0573425
0 0.307813 0.375 0.190625 0.50625 0.110291
2 0.764063 0.896875 0.296875 0.20625 0.197998
0 0.74375 0.728125 0.2875 0.45625 0.203857
1 0.542188 0.23125 0.159375 0.4 0.470215
0 0.401563 0.220313 0.153125 0.409375 0.562988
0 0.540625 0.221875 0.15 0.4 0.731934
2 0.767187 0.75 0.321875 0.4875 0.754395
1 0.307813 0.375 0.190625 0.5125 0.77832
1 0.403125 0.228125 0.15 0.41875 0.785156
2 0.292188 0.78125 0.340625 0.425 0.911621
