0 0.945312 0.090625 0.109375 0.1625 0.00100422
1 0.13125 0.579687 0.2125 0.690625 0.00104046
2 0.951563 0.832812 0.096875 0.321875 0.00127316
2 0.80625 0.879687 0.11875 0.240625 0.00137424
1 0.075 0.5875 0.11875 0.625 0.00142765
2 0.965625 0.746875 0.06875 0.25625 0.0015831
2 0.120312 0.01875 0.184375 0.0375 0.00170708
0 0.81875 0.335938 0.225 0.559375 0.00225067
1 0.823438 0.0234375 0.165625 0.046875 0.00225258
0 0.473437 0.470313 0.190625 0.428125 0.00649261
0 0.532812 0.567187 0.215625 0.440625 0.00682831
2 0.878125 0.839063 0.23125 0.315625 0.932129
