1 0.414062 0.501562 0.171875 0.365625 0.0010252
1 0.548437 0.454688 0.378125 0.503125 0.00106716
0 0.773438 0.24375 0.209375 0.475 0.001091
1 0.66875 0.25625 0.23125 0.5125 0.00112438
0 0.667188 0.246875 0.203125 0.4625 0.00151157
1 0.507812 0.33125 0.159375 0.36875 0.00160408
0 0.0359375 0.375 0.059375 0.60625 0.00200462
0 0.435937 0.14375 0.184375 0.2375 0.00245476
0 0.295312 0.464063 0.140625 0.390625 0.00335121
0 0.909375 0.44375 0.18125 0.69375 0.00336647
1 0.953125 0.0953125 0.09375 0.178125 0.00371933
1 0.075 0.575 0.11875 0.65 0.00616074
0 0.3875 0.225 0.16875 0.35 0.00631714
0 0.04375 0.573438 0.08125 0.684375 0.00720596
0 0.95 0.0953125 0.1 0.178125 0.00804138
1 0.3875 0.195312 0.16875 0.309375 0.00897217
0 0.459375 0.425 0.14375 0.44375 0.0136948
0 0.828125 0.353125 0.26875 0.60625 0.0170441
1 0.457812 0.428125 0.140625 0.45625 0.0182953
0 0.46875 0.259375 0.1875 0.51875 0.0304108
0 0.107813 0.442187 0.190625 0.703125 0.074585
0 0.560938 0.459375 0.171875 0.375 0.195557
0 0.375 0.3875 0.21875 0.53125 0.204956
1 0.439063 0.225 0.215625 0.4125 0.405518
1 0.5625 0.4625 0.175 0.38125 0.726074
1 0.3875 0.382812 0.25 0.571875 0.740234
