2 0.125 0.0171875 0.19375 0.034375 0.00149822
0 0.0734375 0.582812 0.115625 0.621875 0.00152016
0 0.765625 0.235938 0.18125 0.440625 0.00152302
2 0.9625 0.1 0.075 0.19375 0.0015564
1 0.525 0.578125 0.21875 0.3875 0.0016098
2 0.517187 0.646875 0.240625 0.40625 0.00230789
0 0.520312 0.282813 0.178125 0.528125 0.00247192
0 0.265625 0.564062 0.21875 0.584375 0.00248718
1 0.307813 0.446875 0.184375 0.40625 0.00404358
1 0.81875 0.26875 0.21875 0.525 0.00451279
0 0.525 0.629687 0.19375 0.353125 0.00489807
0 0.948438 0.0984375 0.103125 0.184375 0.00749207
1 0.259375 0.570312 0.23125 0.621875 0.00862885
1 0.521875 0.278125 0.18125 0.51875 0.915039
