0 0.9 0.65 0.1375 0.48125 0.00109196
2 0.785937 0.632812 0.303125 0.596875 0.00155258
1 0.920313 0.323438 0.159375 0.615625 0.00169945
1 0.0765625 0.576563 0.128125 0.646875 0.00177002
0 0.6875 0.090625 0.2 0.1625 0.00235176
0 0.040625 0.575 0.075 0.6625 0.00285912
0 0.757812 0.429688 0.190625 0.365625 0.00301743
0 0.965625 0.228125 0.06875 0.45625 0.00396347
0 0.623438 0.475 0.159375 0.48125 0.00400543
1 0.671875 0.145313 0.23125 0.265625 0.00687027
0 0.94375 0.090625 0.1125 0.175 0.00728607
0 0.814062 0.529688 0.184375 0.440625 0.00811768
0 0.895312 0.329688 0.178125 0.565625 0.0124054
0 0.115625 0.575 0.19375 0.6625 0.0159912
1 0.571875 0.5875 0.2125 0.625 0.0168457
1 0.65 0.295312 0.21875 0.378125 0.0325928
0 0.684375 0.460938 0.15625 0.484375 0.0761719
0 0.6625 0.159375 0.175 0.23125 0.113953
1 0.367188 0.501562 0.184375 0.490625 0.432861
0 0.65625 0.310937 0.2 0.396875 0.457275
0 0.36875 0.504687 0.18125 0.490625 0.796875
0 0.7625 0.6375 0.25 0.575 0.807617
0 0.560938 0.592188 0.203125 0.615625 0.899902
