0 0.5 0.6875 0.14375 0.5125 0.00117207
2 0.507812 0.909375 0.190625 0.16875 0.00118256
2 0.0421875 0.94375 0.084375 0.1125 0.00127888
0 0.273438 0.7 0.146875 0.525 0.0013504
2 0.38125 0.492188 0.19375 0.196875 0.00135612
1 0.95625 0.096875 0.0875 0.18125 0.00146389
2 0.3625 0.957812 0.175 0.078125 0.00157642
2 0.28125 0.74375 0.1625 0.5125 0.00182247
1 0.340625 0.68125 0.13125 0.5125 0.00245094
1 0.171875 0.707812 0.26875 0.459375 0.00266266
1 0.74375 0.25 0.25 0.4875 0.00266838
0 0.953125 0.096875 0.09375 0.175 0.00270271
2 0.128125 0.01875 0.2 0.0375 0.00284958
2 0.96875 0.101562 0.0625 0.184375 0.00289917
0 0.835938 0.346875 0.246875 0.58125 0.00298309
1 0.83125 0.0203125 0.15 0.040625 0.00319672
2 0.285937 0.967188 0.165625 0.059375 0.00344849
2 0.214062 0.964063 0.196875 0.065625 0.0036602
2 0.501562 0.7625 0.165625 0.45625 0.0056839
0 0.2 0.73125 0.2625 0.5 0.00569534
2 0.0765625 0.695312 0.103125 0.515625 0.00661469
2 0.371875 0.909375 0.18125 0.1625 0.00708008
1 0.121875 0.307813 0.2 0.534375 0.00719833
1 0.501562 0.73125 0.146875 0.5 0.00766754
2 0.034375 0.73125 0.05625 0.525 0.0106506
2 0.33125 0.934375 0.14375 0.13125 0.0164795
0 0.726562 0.242188 0.171875 0.415625 0.026062
2 0.0765625 0.80625 0.153125 0.375 0.0298004
2 0.339063 0.682813 0.128125 0.553125 0.0299835
1 0.379687 0.510938 0.221875 0.215625 0.0455017
2 0.0375 0.876562 0.075 0.221875 0.0475769
2 0.065625 0.914062 0.11875 0.165625 0.0522156
2 0.15625 0.928125 0.2 0.14375 0.0690918
1 0.417188 0.676562 0.284375 0.540625 0.305664
2 0.440625 0.882812 0.26875 0.228125 0.523438
2 0.421875 0.7 0.29375 0.5875 0.643066
2 0.175 0.73125 0.28125 0.5125 0.811523
