2 0.0296875 0.623438 0.053125 0.571875 0.00103664
0 0.767187 0.270312 0.246875 0.490625 0.00121975
0 0.810938 0.673437 0.146875 0.553125 0.00133991
1 0.0578125 0.576563 0.084375 0.596875 0.00141239
2 0.0640625 0.929688 0.096875 0.121875 0.00159645
1 0.345313 0.44375 0.278125 0.575 0.00185108
2 0.125 0.01875 0.18125 0.0375 0.00191021
0 0.839063 0.346875 0.246875 0.56875 0.00198555
0 0.4375 0.517187 0.2125 0.490625 0.00211334
2 0.0640625 0.970312 0.115625 0.059375 0.0021534
1 0.2875 0.470313 0.16875 0.434375 0.00216675
0 0.317187 0.465625 0.184375 0.44375 0.00231552
2 0.0421875 0.845312 0.078125 0.296875 0.00240135
0 0.15 0.64375 0.2375 0.7125 0.00247955
0 0.946875 0.096875 0.10625 0.18125 0.00248909
0 0.0734375 0.65 0.146875 0.7 0.00254631
0 0.0375 0.570312 0.06875 0.615625 0.00337029
2 0.642187 0.626562 0.303125 0.290625 0.00406265
0 0.654688 0.589063 0.228125 0.215625 0.00881958
2 0.521875 0.789062 0.13125 0.409375 0.0385132
2 0.0515625 0.757812 0.103125 0.484375 0.0825195
2 0.6375 0.739062 0.40625 0.509375 0.955566
