0 0.590625 0.157813 0.13125 0.259375 0.00109386
2 0.126563 0.01875 0.203125 0.0375 0.00119972
1 0.379687 0.514063 0.209375 0.221875 0.00123882
1 0.20625 0.467187 0.21875 0.521875 0.00124454
0 0.317187 0.254687 0.184375 0.403125 0.00131226
1 0.31875 0.254687 0.2125 0.459375 0.00148487
2 0.959375 0.107813 0.08125 0.215625 0.00153351
0 0.7625 0.235938 0.1625 0.446875 0.00185108
0 0.69375 0.565625 0.225 0.4625 0.00185299
0 0.207813 0.460938 0.184375 0.446875 0.00219536
0 0.034375 0.579687 0.0625 0.609375 0.00256348
1 0.071875 0.578125 0.1125 0.64375 0.00272751
0 0.83125 0.35 0.2375 0.625 0.00300407
0 0.684375 0.145313 0.1875 0.284375 0.0030117
0 0.407813 0.685938 0.228125 0.534375 0.00333977
1 0.748438 0.28125 0.265625 0.55625 0.00387192
0 0.946875 0.1 0.10625 0.2 0.00494766
0 0.129688 0.467187 0.215625 0.665625 0.00787354
1 0.95 0.096875 0.1 0.18125 0.00900269
0 0.74375 0.320312 0.25625 0.640625 0.0101471
0 0.0734375 0.573438 0.121875 0.690625 0.0149231
2 0.41875 0.701563 0.23125 0.578125 0.896484
