1 0.709375 0.253125 0.225 0.48125 0.00119686
2 0.129688 0.01875 0.203125 0.0375 0.00142002
2 0.371875 0.959375 0.25 0.06875 0.00159359
2 0.0390625 0.93125 0.078125 0.1375 0.00160122
2 0.03125 0.778125 0.0625 0.4 0.00218201
1 0.820312 0.021875 0.159375 0.04375 0.00220871
2 0.14375 0.884375 0.2 0.23125 0.00250626
1 0.820312 0.275 0.209375 0.5375 0.00274658
0 0.825 0.335938 0.2375 0.578125 0.00279236
0 0.0640625 0.701563 0.128125 0.578125 0.00318909
2 0.459375 0.779688 0.1375 0.409375 0.00506973
0 0.953125 0.103125 0.09375 0.19375 0.00669098
1 0.960938 0.110937 0.078125 0.209375 0.00693893
2 0.957812 0.110937 0.084375 0.221875 0.00789642
0 0.729688 0.265625 0.165625 0.49375 0.00817871
2 0.276563 0.629687 0.271875 0.228125 0.00997925
2 0.075 0.770312 0.15 0.446875 0.0143433
2 0.184375 0.771875 0.175 0.45 0.0196838
2 0.065625 0.885938 0.13125 0.228125 0.577148
2 0.3 0.754687 0.4375 0.490625 0.893066
