0 0.40937500000000004 0.546875 0.14375000000000002 0.45625000000000004
0 0.5359375000000001 0.3484375 0.19062500000000002 0.453125
0 0.6687500000000001 0.20625000000000002 0.14375000000000002 0.4
0 0.35781250000000003 0.6937500000000001 0.253125 0.5875
0 0.384375 0.21250000000000002 0.17500000000000002 0.4
2 0.8515625 0.946875 0.22812500000000002 0.1
2 0.9109375000000001 0.7140625 0.178125 0.565625
2 0.7703125000000001 0.7546875000000001 0.234375 0.49062500000000003
2 0.596875 0.721875 0.23750000000000002 0.55625
2 0.12187500000000001 0.6828125 0.23125 0.634375
