1 0.328125 0.35625 0.15625 0.25
0 0.521875 0.4109375 0.17500000000000002 0.403125
0 0.375 0.5859375 0.225 0.496875
0 0.6265625 0.4625 0.19062500000000002 0.225
0 0.690625 0.40625 0.11875000000000001 0.18125000000000002
0 0.8453125 0.6515625 0.203125 0.546875
2 0.921875 0.8796875000000001 0.15625 0.234375
2 0.6234375000000001 0.7250000000000001 0.259375 0.5437500000000001
2 0.178125 0.7265625 0.2625 0.540625
2 0.4078125 0.8484375000000001 0.384375 0.30312500000000003
0 0.7796875000000001 0.403125 0.109375 0.225
