2 0.6728902 0.47959070205688475 0.709895133972168 0.2882124423980713 0.5783972263336181
2 0.6308282 0.33534390926361085 0.7161855697631836 0.34009175300598143 0.5676288604736328
1 0.27045262 0.2863576412200928 0.5402654647827149 0.21263322830200196 0.28325026035308837
1 0.24608418 0.2948646068572998 0.6542973518371582 0.27077302932739256 0.5361629486083984
2 0.22420484 0.5240409851074219 0.6943111896514893 0.1945711135864258 0.4932873725891113
1 0.19686729 0.25742788314819337 0.5821230411529541 0.19060859680175782 0.350229549407959
1 0.1949193 0.504516315460205 0.526697826385498 0.19698128700256348 0.2151207447052002
2 0.17364614 0.2770793676376343 0.6526001930236817 0.25106005668640136 0.5293351650238037
2 0.16711137 0.3369100570678711 0.7031068801879883 0.2563509941101074 0.44321837425231936
2 0.124785714 0.41390533447265626 0.744887399673462 0.32478580474853513 0.5102252006530762
2 0.11326283 0.2863576412200928 0.5402654647827149 0.21263322830200196 0.28325026035308837
1 0.11241834 0.34404993057250977 0.546842384338379 0.20453577041625975 0.28564953804016113
1 0.10807205 0.5200980186462403 0.5824780464172363 0.21950011253356932 0.3229530334472656
2 0.10374042 0.4966986656188965 0.760969591140747 0.20456056594848632 0.47806081771850584
1 0.102774605 0.31725454330444336 0.5016699314117432 0.17255868911743164 0.23063666820526124
2 0.1013479 0.5241409301757812 0.6018300533294678 0.222884464263916 0.3743127822875977
2 0.086265974 0.5065654754638672 0.5433148384094239 0.20404133796691895 0.23708691596984863
1 0.08080798 0.5149752140045166 0.6901926040649414 0.25068178176879885 0.5562661647796631
1 0.08009719 0.23970575332641603 0.6488149642944336 0.1931919813156128 0.5118478775024414
1 0.0721164 0.4331808090209961 0.619646692276001 0.24876160621643068 0.44602460861206056
1 0.067279816 0.27977557182312013 0.4863234519958496 0.1723336935043335 0.24347009658813476
2 0.063168004 0.23294901847839355 0.7001722812652588 0.19070674180984498 0.5596892356872558
2 0.062018484 0.29723496437072755 0.48363618850708007 0.16694993972778321 0.24168472290039061
0 0.060095888 0.504516315460205 0.526697826385498 0.19698128700256348 0.2151207447052002
1 0.057281 0.43352699279785156 0.5221144199371338 0.18024730682373047 0.23276958465576172
2 0.05374263 0.34404993057250977 0.546842384338379 0.20453577041625975 0.28564953804016113
