1 0.7646925 0.3100240230560303 0.4913763523101807 0.18859245777130126 0.5254746437072754
2 0.71825415 0.6580597400665283 0.6610762596130371 0.27661771774291993 0.6527759075164795
1 0.5584321 0.502459716796875 0.4616404056549072 0.1826117992401123 0.4598214149475098
1 0.20365533 0.5472970008850098 0.5381941318511962 0.22513394355773925 0.5319039344787597
1 0.15823662 0.46396646499633787 0.5118975639343262 0.17727866172790527 0.5203711032867432
2 0.14529803 0.6721350669860839 0.5867019176483155 0.2216033935546875 0.4625079154968262
0 0.12635505 0.6572223663330078 0.6750692844390869 0.2654714107513428 0.6437663078308106
2 0.110635005 0.5854543685913086 0.5852310180664062 0.2515721797943115 0.5918642044067383
2 0.08964385 0.5097705841064453 0.4456951141357422 0.17904529571533204 0.4028212070465088
1 0.07808317 0.6603327751159668 0.6590991020202637 0.265060567855835 0.6513688564300537
1 0.058885645 0.35984244346618655 0.4958493709564209 0.1378326177597046 0.44862918853759765
1 0.053225137 0.49554243087768557 0.561561107635498 0.14221930503845215 0.4210830211639404
