2 0.8117153 0.5558920860290527 0.6755592346191406 0.270601224899292 0.648881483078003
1 0.79627556 0.3132047653198242 0.5671953201293946 0.1896805763244629 0.5357139587402344
1 0.122649305 0.44155092239379884 0.6018374919891357 0.2102898359298706 0.5554476737976074
2 0.11019947 0.5848972797393799 0.6083070755004882 0.20818395614624025 0.4585334300994873
2 0.09577962 0.4580674171447754 0.6251000881195068 0.2034371852874756 0.5690590858459472
1 0.085894875 0.5260047912597656 0.6351410865783691 0.2525463581085205 0.5983352661132812
2 0.07183136 0.5109211444854737 0.603567361831665 0.20252504348754882 0.45558881759643555
2 0.06983472 0.6130891799926758 0.6658145904541015 0.20934033393859863 0.6084514617919922
0 0.06861592 0.565282154083252 0.6760672569274903 0.25246763229370117 0.6478654861450195
1 0.061198268 0.2765455484390259 0.608208179473877 0.19016517400741578 0.5252231597900391
2 0.05038761 0.31093721389770507 0.5691568374633789 0.1900843858718872 0.5491121768951416
