1 0.8416996 0.6331148624420166 0.37554097175598145 0.18809070587158203 0.45766000747680663
2 0.80781037 0.13788213729858398 0.7038586616516114 0.27576427459716796 0.5922826766967774
2 0.735161 0.343186616897583 0.7360912799835205 0.2625067472457886 0.5142699241638183
1 0.6943805 0.44078631401062013 0.34235737323760984 0.15813124179840088 0.4635650157928467
1 0.2812169 0.4809871196746826 0.3533806800842285 0.18502588272094728 0.4845775604248047
2 0.17478229 0.3589081525802612 0.6643131256103516 0.20048098564147948 0.397916841506958
2 0.17076935 0.15129824876785278 0.7478818416595459 0.20711467266082764 0.47222185134887695
2 0.12937957 0.10968743562698365 0.7157572269439697 0.19600512981414794 0.4676194190979004
1 0.11459076 0.5870570182800293 0.3629034996032715 0.15323119163513182 0.45053491592407224
2 0.109725505 0.3435870409011841 0.5986587524414062 0.18226189613342286 0.2657034873962402
1 0.08401116 0.3416665315628052 0.5709739208221436 0.17032465934753419 0.23091917037963866
2 0.07925193 0.4003925323486328 0.7307971954345703 0.16096203327178954 0.4688426971435547
0 0.076977044 0.4389655113220215 0.3389850616455078 0.16444909572601318 0.45690288543701174
1 0.076289654 0.535831880569458 0.3429701805114746 0.13175296783447266 0.43698921203613283
1 0.06854277 0.3478229522705078 0.6239546775817871 0.19746038913726807 0.31439552307128904
2 0.062628895 0.14240365028381347 0.5862984657287598 0.25873823165893556 0.35964341163635255
1 0.060438022 0.2836767196655273 0.5352773666381836 0.17114899158477784 0.2385709285736084
0 0.05707676 0.3244826078414917 0.5639606475830078 0.18105664253234863 0.23701858520507812
2 0.05625296 0.2897944450378418 0.55453462600708 0.18112523555755616 0.25104670524597167
1 0.055917475 0.16782982349395753 0.6365067005157471 0.2381054401397705 0.524964427947998
2 0.053446535 0.3401052236557007 0.5481972694396973 0.15975890159606934 0.21237454414367676
2 0.05325271 0.4492140293121338 0.3289039611816406 0.16390542984008788 0.4805962562561035
