1 0.8371144 0.25746822357177734 0.23567938804626465 0.18554999828338622 0.4316876411437988
0 0.8268063 0.5272958755493165 0.24237594604492188 0.16993441581726074 0.44524364471435546
0 0.6120606 0.6828228950500488 0.2857216358184814 0.1570422649383545 0.43689985275268556
0 0.27519995 0.6439736366271973 0.26335554122924804 0.18927617073059083 0.46033782958984376
1 0.2156494 0.6847182273864746 0.2857524871826172 0.17112507820129394 0.4534126281738281
1 0.14816517 0.530573844909668 0.24151906967163086 0.17781052589416504 0.45823326110839846
0 0.12503023 0.6109803676605224 0.22764177322387696 0.13716039657592774 0.4124094009399414
0 0.11618334 0.4026956558227539 0.19059200286865235 0.13297119140625 0.33405046463012694
0 0.1056731 0.4597496032714844 0.24969851970672607 0.17988648414611816 0.4373128414154053
1 0.07732859 0.33393135070800783 0.24778242111206056 0.1770451545715332 0.4226334571838379
1 0.07370244 0.21575911045074464 0.14433982372283935 0.16277824640274047 0.2619955539703369
0 0.07206737 0.5655349731445313 0.2563998937606812 0.14392876625061035 0.429459810256958
0 0.07198152 0.37386336326599123 0.1602877140045166 0.13546886444091796 0.27393503189086915
0 0.06699515 0.6896739959716797 0.18177857398986816 0.14425315856933593 0.3255325794219971
0 0.06509231 0.2668061971664429 0.23775548934936525 0.20125107765197753 0.43777122497558596
0 0.064102866 0.4405097007751465 0.1960485577583313 0.13992559909820557 0.3428687810897827
0 0.063999444 0.7362899780273438 0.2796915531158447 0.1253385066986084 0.4087954521179199
1 0.06259081 0.4597496032714844 0.24969851970672607 0.17988648414611816 0.4373128414154053
0 0.060263827 0.6506355285644532 0.21108224391937255 0.1389017105102539 0.38223996162414553
0 0.059215114 0.4931793212890625 0.21013493537902833 0.15830669403076172 0.38067941665649413
0 0.056725852 0.33393135070800783 0.24778242111206056 0.1770451545715332 0.4226334571838379
2 0.054396704 0.6828228950500488 0.2857216358184814 0.1570422649383545 0.43689985275268556
0 0.054002196 0.7150774955749511 0.24691476821899414 0.1863018035888672 0.44832868576049806
1 0.050208494 0.13082969188690186 0.22596733570098876 0.1466670513153076 0.43412318229675295
