0 0.7745165 0.5682608127593994 0.4331317901611328 0.1773777961730957 0.49873623847961424
0 0.71632546 0.42384033203125 0.2424318313598633 0.17580094337463378 0.4444149971008301
0 0.64653695 0.7410362243652344 0.472779369354248 0.18104419708251954 0.45032482147216796
1 0.39372063 0.22582652568817138 0.14301165342330932 0.14676631689071656 0.253410267829895
0 0.15959656 0.6894791603088379 0.2671924114227295 0.18829455375671386 0.27886860370635985
0 0.1471883 0.7096150398254395 0.4268177032470703 0.15613093376159667 0.44392991065979004
0 0.14428622 0.7353119850158691 0.3425344467163086 0.16913814544677735 0.2925391912460327
0 0.134191 0.22582652568817138 0.14301165342330932 0.14676631689071656 0.253410267829895
0 0.11416726 0.49022302627563474 0.3517367601394653 0.18681321144104004 0.5007108211517334
0 0.11062318 0.7539053916931152 0.4054746627807617 0.1418827533721924 0.3694497585296631
0 0.10307083 0.3718861103057861 0.2312112808227539 0.18481171131134033 0.42097015380859376
0 0.101687126 0.6532262325286865 0.15665180683135987 0.16915102005004884 0.2666208744049072
1 0.10076867 0.21366117000579835 0.19299669265747071 0.17451691627502441 0.3604291439056396
0 0.09709489 0.6194978713989258 0.41316566467285154 0.14029207229614257 0.4544499397277832
1 0.09019779 0.42203340530395506 0.24341969490051268 0.17362217903137206 0.44415693283081054
1 0.08880567 0.7423911094665527 0.47762165069580076 0.17589478492736815 0.4240891933441162
1 0.08722968 0.1913583517074585 0.1356038212776184 0.1313043475151062 0.23472106456756592
0 0.08096333 0.674267578125 0.4147695541381836 0.14152054786682128 0.4414485454559326
0 0.07837079 0.6730562210083008 0.32480697631835936 0.16629014015197754 0.29313724040985106
1 0.07035721 0.370612645149231 0.21552159786224365 0.18123536109924315 0.39852185249328614
0 0.06885987 0.6779841423034668 0.19843950271606445 0.18143668174743652 0.2801815986633301
0 0.06868415 0.5692939758300781 0.31542894840240476 0.1726231098175049 0.3827971935272217
1 0.06745842 0.2541438341140747 0.21372747421264648 0.16199156045913696 0.382447338104248
0 0.06461246 0.39994220733642577 0.17266969680786132 0.16354014873504638 0.3070512771606445
0 0.061832044 0.7114412784576416 0.32591068744659424 0.16918582916259767 0.4294261455535889
0 0.0569886 0.4732837200164795 0.2711475133895874 0.16145808696746827 0.4358147144317627
0 0.055630885 0.24905180931091309 0.19517436027526855 0.1650402307510376 0.3491036891937256
0 0.05452413 0.7789538383483887 0.45687408447265626 0.13843169212341308 0.40903549194335936
1 0.05423856 0.2622345447540283 0.13443267345428467 0.14437776803970337 0.22600455284118653
0 0.051907457 0.1913583517074585 0.1356038212776184 0.1313043475151062 0.23472106456756592
0 0.050918162 0.6036201477050781 0.2709057331085205 0.16635870933532715 0.4088932991027832
0 0.0505366 0.7246563911437989 0.23954830169677735 0.16642374992370607 0.2679381132125854
