0 0.76921403 0.7151953697204589 0.3355438709259033 0.17095646858215333 0.48257875442504883
0 0.69010675 0.503847074508667 0.44487752914428713 0.2237618684768677 0.5088865280151367
0 0.16852088 0.6745895385742188 0.3656558275222778 0.18717560768127442 0.5133799076080322
1 0.16222444 0.5050216674804687 0.44178285598754885 0.2052760124206543 0.48715982437133787
0 0.10899911 0.6064671039581299 0.4389340400695801 0.18796730041503906 0.49738368988037107
0 0.10655304 0.7794312477111817 0.3251837968826294 0.18150157928466798 0.5242833614349365
0 0.08039301 0.6654974460601807 0.33654632568359377 0.12828397750854492 0.40548057556152345
0 0.067285374 0.68177809715271 0.2488609790802002 0.1661161422729492 0.46198835372924807
1 0.06601687 0.7124589443206787 0.3262135982513428 0.17523927688598634 0.5288973808288574
0 0.062433463 0.56202392578125 0.43512587547302245 0.14554290771484374 0.43655595779418943
1 0.05228417 0.6064671039581299 0.4389340400695801 0.18796730041503906 0.49738368988037107
0 0.05100559 0.6030148029327392 0.4095749378204346 0.12147541046142578 0.4034275054931641
