0 0.85050267 0.8384172439575195 0.6622217178344727 0.26516237258911135 0.6169382572174072
0 0.68918 0.6267601013183594 0.1692263126373291 0.14589533805847169 0.3131427764892578
0 0.61386913 0.4630749225616455 0.17081015110015868 0.13475172519683837 0.31018548011779784
1 0.60082346 0.30051887035369873 0.3177218198776245 0.19411082267761232 0.3403433322906494
1 0.47446105 0.31353096961975097 0.5957291603088379 0.21902196407318114 0.5701349258422852
0 0.42243075 0.3168534278869629 0.5995773315429688 0.21738605499267577 0.5516889572143555
0 0.2552158 0.3077532291412354 0.28747680187225344 0.1891301155090332 0.3072365283966064
0 0.24128158 0.43561420440673826 0.202071475982666 0.14702095985412597 0.36396567821502684
0 0.21360938 0.5923432826995849 0.1657407760620117 0.14163656234741212 0.30419206619262695
1 0.18074 0.3169405460357666 0.4333930015563965 0.2113644599914551 0.5212340831756592
0 0.1747071 0.6657833576202392 0.19318463802337646 0.17103395462036133 0.35198121070861815
2 0.16388436 0.8387197494506836 0.666049861907959 0.26358346939086913 0.613499641418457
0 0.15404505 0.3425278186798096 0.24397377967834472 0.17466323375701903 0.2676105499267578
0 0.14489771 0.4927218437194824 0.18572261333465576 0.18058362007141113 0.36169981956481934
1 0.13849947 0.3171436309814453 0.25588412284851075 0.18063490390777587 0.27506222724914553
0 0.13173781 0.40206618309020997 0.18472124338150026 0.1343538284301758 0.265250039100647
0 0.13021873 0.3739213466644287 0.2423095226287842 0.17847471237182616 0.3660079002380371
1 0.12762631 0.6267601013183594 0.1692263126373291 0.14589533805847169 0.3131427764892578
0 0.12009316 0.529322624206543 0.16501326560974122 0.12995004653930664 0.3017106533050537
0 0.1183605 0.6625324249267578 0.15171045064926147 0.12957448959350587 0.28770763874053956
1 0.09183009 0.33808441162109376 0.28683834075927733 0.18845651149749756 0.3755682945251465
0 0.09065396 0.3639839172363281 0.192669141292572 0.14069621562957763 0.24408228397369386
0 0.089588396 0.36684560775756836 0.6096480846405029 0.19033327102661132 0.5414870262145997
0 0.08563538 0.7956682205200195 0.6682796478271484 0.18367772102355956 0.4824739933013916
1 0.085448146 0.45252351760864257 0.18397393226623535 0.13448967933654785 0.31441802978515626
2 0.08350436 0.9686338424682617 0.8441658020019531 0.06273221969604492 0.24197034835815429
2 0.07833623 0.30483670234680177 0.30385465621948243 0.1919473648071289 0.3265069961547852
0 0.07058546 0.7115565299987793 0.15354518890380858 0.1297823429107666 0.3046684265136719
1 0.07021439 0.3539665699005127 0.21701855659484864 0.16082890033721925 0.24837124347686768
2 0.065575466 0.9539676666259765 0.8246245384216309 0.09206466674804688 0.2928629398345947
2 0.06398946 0.6299132347106934 0.17092595100402833 0.1429694652557373 0.3146833419799805
2 0.06383229 0.9634469985961914 0.891474723815918 0.07310590744018555 0.21705055236816406
1 0.060256816 0.4935405731201172 0.1728158712387085 0.17839317321777343 0.345631742477417
1 0.058806974 0.3940845489501953 0.2038019895553589 0.14718503952026368 0.26592326164245605
2 0.05523436 0.9315597534179687 0.7888418674468994 0.13688039779663086 0.4136763572692871
0 0.05121238 0.7611618041992188 0.19493236541748046 0.17008395195007325 0.37670388221740725
0 0.05039255 0.9191272735595704 0.6725754737854004 0.16174554824829102 0.48133101463317873
0 0.0502357 0.7772271633148193 0.5772881984710694 0.2079697608947754 0.5272660255432129
