2 0.87655735 0.5339875221252441 0.6815520286560058 0.2997776508331299 0.6254217624664307
2 0.726344 0.22014994621276857 0.7089417457580567 0.2694788932800293 0.5821165084838867
2 0.40643868 0.10193750858306885 0.6743330955505371 0.19492069482803345 0.6069274425506592
1 0.28525934 0.09778392314910889 0.6677821159362793 0.17418134212493896 0.6116470336914063
1 0.13328612 0.08583787679672242 0.6377994537353515 0.13606789112091064 0.46598663330078127
1 0.119778916 0.19104459285736083 0.6975739002227783 0.27126164436340333 0.601676082611084
2 0.11183416 0.08583787679672242 0.6377994537353515 0.13606789112091064 0.46598663330078127
2 0.096009016 0.14823012351989745 0.6485170364379883 0.19197677373886107 0.46326889991760256
1 0.08667084 0.10602201223373413 0.4961109161376953 0.15235273838043212 0.2884142160415649
2 0.0724951 0.5247786045074463 0.6587425231933594 0.23275222778320312 0.4828031539916992
2 0.072189644 0.101791250705719 0.5204668998718261 0.16059501171112062 0.33282785415649413
0 0.06442293 0.0869392454624176 0.6525598049163819 0.16500085592269897 0.586784839630127
1 0.06202146 0.12148191928863525 0.44738130569458007 0.15665639638900758 0.2262050151824951
2 0.05399107 0.24224767684936524 0.6662333011627197 0.20064501762390136 0.46486425399780273
1 0.050309006 0.05505164861679077 0.6216691017150879 0.10541422367095947 0.4616283416748047
