2 0.8207506 0.7451107501983643 0.8014945983886719 0.3251908302307129 0.39408016204833984
2 0.42797142 0.3700798273086548 0.7012772560119629 0.2535512447357178 0.5802885055541992
0 0.34162733 0.37038297653198243 0.6929092407226562 0.24586951732635498 0.5641505718231201
0 0.27033982 0.4063992500305176 0.619391679763794 0.22709641456604004 0.49872446060180664
0 0.25825775 0.44596614837646487 0.5721721649169922 0.15509841442108155 0.41732401847839357
1 0.21601212 0.43105359077453614 0.6431445121765137 0.21081087589263917 0.5382993698120118
0 0.1731193 0.3608942985534668 0.6090241432189941 0.2035982131958008 0.42479400634765624
2 0.11988287 0.43526735305786135 0.6825420379638671 0.21947102546691893 0.561489486694336
1 0.11617729 0.3742194414138794 0.6851131439208984 0.2472968578338623 0.5703078746795655
1 0.09120429 0.4489032745361328 0.5854008674621582 0.1545947313308716 0.4308309555053711
2 0.08922581 0.6850473403930664 0.7739467620849609 0.2665401935577393 0.412022066116333
2 0.08507487 0.5875860214233398 0.7927616119384766 0.1997861385345459 0.38496036529541017
0 0.08265131 0.465968656539917 0.6434623718261718 0.17460811138153076 0.5439716815948487
1 0.07371696 0.47742691040039065 0.6956724643707275 0.17382748126983644 0.5264569282531738
1 0.06661691 0.4150425910949707 0.5004265785217286 0.16643433570861815 0.26844191551208496
2 0.06607246 0.4879914283752441 0.7358089923858643 0.17995047569274902 0.4798903465270996
2 0.06570806 0.4401855945587158 0.5679051399230957 0.17372093200683594 0.40978565216064455
1 0.060987916 0.3688643932342529 0.6024682998657227 0.20010159015655518 0.43068509101867675
2 0.06098789 0.5620186805725098 0.7281890869140625 0.19234418869018555 0.46205978393554686
0 0.05596114 0.4150425910949707 0.5004265785217286 0.16643433570861815 0.26844191551208496
2 0.054538768 0.4148135185241699 0.47445054054260255 0.16560285091400145 0.22772531509399413
