0 0.64544404 0.7172029972076416 0.24310870170593263 0.17918176651000978 0.45835676193237307
1 0.4179228 0.43262476921081544 0.25254058837890625 0.22097244262695312 0.45359001159667967
0 0.34058398 0.42609415054321287 0.2552527904510498 0.19717707633972167 0.45861043930053713
0 0.22876693 0.49131202697753906 0.24776968955993653 0.1490236759185791 0.4304369926452637
1 0.20018488 0.7180030345916748 0.2432619094848633 0.1803603172302246 0.46872291564941404
1 0.11898273 0.4892412185668945 0.25034894943237307 0.1556246280670166 0.43656177520751954
0 0.11370215 0.544736385345459 0.2538266897201538 0.1642775058746338 0.43721566200256345
0 0.0736147 0.7845184803009033 0.25412769317626954 0.17574377059936525 0.48021907806396485
0 0.061462425 0.6687678337097168 0.23728599548339843 0.1605215549468994 0.41271228790283204
1 0.05750558 0.9170987129211425 0.24119119644165038 0.15785560607910157 0.48238239288330076
0 0.05253024 0.3965734004974365 0.21213350296020508 0.15784473419189454 0.38017730712890624
