1 0.7312362 0.35042033195495603 0.5011279582977295 0.22175207138061523 0.5336579322814942
1 0.65842456 0.6202176570892334 0.24441237449645997 0.15262193679809571 0.4556687355041504
1 0.60070205 0.49367680549621584 0.40192065238952634 0.20205259323120117 0.5470213890075684
1 0.48475277 0.4089687347412109 0.4701636791229248 0.2549290657043457 0.5528899192810058
1 0.40154925 0.5833090782165528 0.3097175359725952 0.2010204315185547 0.521469259262085
1 0.14785504 0.5189751625061035 0.3204695701599121 0.1815965175628662 0.507686996459961
1 0.083065435 0.4890801429748535 0.2886636257171631 0.1566619396209717 0.3771754026412964
1 0.08289576 0.4627963066101074 0.45234007835388185 0.1603076457977295 0.4696385383605957
1 0.06723433 0.3964328050613403 0.48067235946655273 0.16334691047668456 0.4559309959411621
0 0.06304762 0.6238670349121094 0.24822535514831542 0.1726755142211914 0.46587705612182617
2 0.06222405 0.4932226657867432 0.3779748439788818 0.18796203136444092 0.5316490173339844
1 0.057641473 0.5951784133911133 0.41526474952697756 0.17780284881591796 0.5070523262023926
1 0.056886896 0.535253381729126 0.41005263328552244 0.1515641212463379 0.46089849472045896
0 0.054879855 0.4954953193664551 0.3904619932174683 0.19795501232147217 0.5448378086090088
1 0.053676866 0.5494773864746094 0.23942971229553223 0.16541895866394044 0.4423365592956543
1 0.050107356 0.6535964965820312 0.2188422679901123 0.13799161911010743 0.4129633903503418
