2 0.82385874 0.43329715728759766 0.7307732582092286 0.2818902492523193 0.5209925174713135
1 0.7578133 0.42391629219055177 0.27402477264404296 0.19472436904907225 0.4678535461425781
1 0.5943571 0.27345278263092043 0.6563152313232422 0.17935141324996948 0.5585927963256836
0 0.21541141 0.41985311508178713 0.273870849609375 0.19312405586242676 0.4653219223022461
2 0.1735048 0.282844090461731 0.6677286624908447 0.19922977685928345 0.5560259819030762
1 0.121760435 0.3730729103088379 0.683634090423584 0.252762770652771 0.5401159286499023
1 0.11850092 0.28998603820800783 0.5720896244049072 0.18248305320739747 0.3752270698547363
1 0.11520783 0.3156780004501343 0.5132543087005615 0.1832024097442627 0.23398206233978272
2 0.114269026 0.39359183311462403 0.6555257797241211 0.21175906658172608 0.4038828372955322
1 0.10965963 0.22917757034301758 0.6821753501892089 0.16232022047042846 0.5375104904174804
0 0.09941462 0.27321181297302244 0.6581616878509522 0.18355486392974854 0.5601973533630371
1 0.084289975 0.3164147138595581 0.6360045433044433 0.16128139495849608 0.44467720985412595
1 0.07684073 0.3804159641265869 0.5059374809265137 0.1775160551071167 0.235656213760376
2 0.07220918 0.35147891044616697 0.7071842670440673 0.23147096633911132 0.5466126441955567
2 0.069874905 0.3101675033569336 0.6161712169647217 0.16533050537109376 0.43714323043823244
2 0.066311456 0.3497117757797241 0.6252545356750489 0.17493748664855957 0.41642584800720217
2 0.06565016 0.45076417922973633 0.6612154006958008 0.2220606803894043 0.38649640083312986
1 0.061496075 0.42388143539428713 0.4992976188659668 0.15535283088684082 0.22438664436340333
2 0.055701047 0.42254128456115725 0.2719635248184204 0.1944056749343872 0.46497654914855957
0 0.05197616 0.3156780004501343 0.5132543087005615 0.1832024097442627 0.23398206233978272
1 0.050129946 0.35817651748657225 0.6446120738983154 0.17939310073852538 0.42708349227905273
