2 0.82514775 0.5819530487060547 0.6898384094238281 0.2877355575561523 0.6194046020507813
0 0.767304 0.7638567924499512 0.6674105167388916 0.19015135765075683 0.5817828178405762
0 0.75707936 0.42391233444213866 0.5293211460113525 0.19703497886657714 0.5304886817932128
2 0.23855686 0.5823702335357666 0.7148101806640625 0.20937738418579102 0.4726222515106201
0 0.20416555 0.6412903785705566 0.6805678367614746 0.2544392108917236 0.6013394832611084
0 0.17184371 0.4669544219970703 0.6039061069488525 0.23345704078674318 0.5820725440979004
0 0.12588094 0.5755126953125 0.6699063301086425 0.2808115482330322 0.594225549697876
2 0.11906066 0.7670028686523438 0.680690860748291 0.1918180465698242 0.48871307373046874
0 0.08848427 0.38222031593322753 0.5735892295837403 0.18032751083374024 0.5262741088867188
0 0.08567465 0.7546151638031006 0.5505887508392334 0.1808335304260254 0.36040048599243163
1 0.08550205 0.4250786304473877 0.5292410373687744 0.20054347515106202 0.5363825798034668
2 0.07948858 0.5155158519744873 0.6532260417938233 0.24460651874542236 0.5838120460510254
0 0.07430784 0.5264236450195312 0.5775856018066406 0.24645552635192872 0.505982780456543
0 0.073390305 0.8142569541931153 0.6669577598571778 0.1795102596282959 0.5774848937988282
2 0.0709516 0.5770213603973389 0.48357281684875486 0.1931009292602539 0.22369601726531982
2 0.068359956 0.7393141746520996 0.5030021667480469 0.18156981468200684 0.25303945541381834
0 0.06169844 0.43667850494384763 0.4093605995178223 0.1836392641067505 0.2943896293640137
2 0.05735048 0.5709679603576661 0.6190543651580811 0.2266843318939209 0.4230496406555176
2 0.055964377 0.6525941848754883 0.6513810157775879 0.24418396949768068 0.5623163223266602
2 0.05549696 0.7571187496185303 0.5717491626739502 0.18178930282592773 0.40691518783569336
