2 0.8623963 0.26976168155670166 0.7166994094848633 0.27610058784484864 0.5497606754302978
1 0.6438578 0.36133105754852296 0.29880514144897463 0.1874983310699463 0.5152414321899415
2 0.11640622 0.31451199054718015 0.7193063735961914 0.18910536766052247 0.4644123077392578
2 0.07655776 0.2777560234069824 0.6721183300018311 0.20846879482269287 0.4317618370056152
2 0.07452614 0.23649582862854004 0.7314584732055665 0.17751805782318114 0.4763791561126709
2 0.07279905 0.25195724964141847 0.5402649402618408 0.19434967041015624 0.20045194625854493
0 0.061952967 0.3602465629577637 0.3051861524581909 0.18714487552642822 0.5188687801361084
1 0.059031904 0.3658308029174805 0.1880438208580017 0.18532817363739013 0.32887413501739504
1 0.058076687 0.33349559307098386 0.3665160179138184 0.19607882499694823 0.4740747451782227
1 0.057797093 0.43319191932678225 0.2907879114151001 0.17969121932983398 0.49090800285339353
1 0.05260815 0.2399576187133789 0.5385880470275879 0.17970153093338012 0.20880208015441895
