1 0.40868345 0.06666623950004577 0.6780661106109619 0.12485092878341675 0.6192244529724121
2 0.3784345 0.06666623950004577 0.6780661106109619 0.12485092878341675 0.6192244529724121
0 0.3128143 0.06634427309036255 0.6738447189331055 0.12955739498138427 0.6233665466308593
1 0.105738774 0.049793392419815063 0.7067111015319825 0.09958678483963013 0.48393402099609373
2 0.1047859 0.04793945550918579 0.6888323783874511 0.09527970552444458 0.4847866535186768
1 0.08779881 0.13034017086029054 0.6853323936462402 0.1466681480407715 0.5806158065795899
1 0.08635263 0.041662150621414186 0.4985309600830078 0.08171496391296387 0.24372601509094238
0 0.07952765 0.12924466133117676 0.6704437255859375 0.14412082433700563 0.5850103855133056
0 0.076910704 0.04793945550918579 0.6888323783874511 0.09527970552444458 0.4847866535186768
2 0.06749034 0.033064380288124084 0.47083306312561035 0.06612876057624817 0.2093960762023926
2 0.06126324 0.13034017086029054 0.6853323936462402 0.1466681480407715 0.5806158065795899
