0 0.7204473 0.5786704540252685 0.6646452426910401 0.2520289421081543 0.5857714653015137
0 0.61882937 0.8525623321533203 0.6293920040130615 0.22799549102783204 0.5495335578918457
0 0.5666171 0.6847810268402099 0.3942991256713867 0.1759181022644043 0.40486392974853513
0 0.5392763 0.48786172866821287 0.33431286811828614 0.16119723320007323 0.43308610916137696
0 0.4956598 0.40149269104003904 0.18696670532226561 0.16600346565246582 0.34515953063964844
2 0.43415356 0.8775093078613281 0.8784513473510742 0.24498138427734376 0.2421959400177002
1 0.40819982 0.22865149974822999 0.17491270303726197 0.14960188865661622 0.31907150745391843
0 0.37409353 0.4585136413574219 0.2848396301269531 0.18039391040802003 0.4800250053405762
0 0.37218595 0.7705780029296875 0.4642695426940918 0.20459651947021484 0.4915464401245117
0 0.35973418 0.23746461868286134 0.17122423648834229 0.15933967828750611 0.32681736946105955
0 0.3384447 0.6626287460327148 0.1667638301849365 0.15907654762268067 0.30390052795410155
0 0.32188523 0.8034390449523926 0.43675642013549804 0.2019399642944336 0.36137003898620607
2 0.30305344 0.5786704540252685 0.6646452426910401 0.2520289421081543 0.5857714653015137
0 0.2784772 0.8212373733520508 0.5543608665466309 0.21414518356323242 0.5468107223510742
0 0.23858632 0.43366365432739257 0.2234579086303711 0.17879791259765626 0.419476318359375
0 0.21693869 0.7263930320739747 0.4254786491394043 0.18460888862609864 0.40525097846984864
0 0.20487106 0.579718017578125 0.6641820907592774 0.17989869117736818 0.4851503372192383
0 0.2031854 0.671466064453125 0.25090034008026124 0.1643662929534912 0.44930109977722166
0 0.15387838 0.6382940769195556 0.5949965953826905 0.22777261734008789 0.5543610572814941
0 0.14744833 0.5457839012145996 0.31407301425933837 0.16949386596679689 0.45741496086120603
0 0.14652337 0.6731809616088867 0.5128671646118164 0.2004387378692627 0.5248200416564941
0 0.13816018 0.3254732131958008 0.18221949338912963 0.19307420253753663 0.34883272647857666
0 0.13450699 0.733902883529663 0.5546799659729004 0.19406213760375976 0.5342950344085693
2 0.112262584 0.8702886581420899 0.8134522438049316 0.2343414306640625 0.32279090881347655
0 0.10835069 0.5854242324829102 0.2641571283340454 0.1651679515838623 0.45267462730407715
2 0.108299166 0.9066747665405274 0.8389396667480469 0.18665046691894532 0.27480430603027345
1 0.10732767 0.5798982620239258 0.6665966510772705 0.25845966339111326 0.584571361541748
1 0.10582831 0.1917266607284546 0.1687018394470215 0.1336110234260559 0.3012057304382324
0 0.10567569 0.3623384952545166 0.15735881328582763 0.16337921619415283 0.2902692317962646
0 0.100751325 0.2917997121810913 0.16197531223297118 0.15778956413269044 0.2989922046661377
0 0.088457875 0.1917266607284546 0.1687018394470215 0.1336110234260559 0.3012057304382324
0 0.08842747 0.721607255935669 0.6907537460327149 0.20809926986694335 0.529766035079956
0 0.085912734 0.48136200904846194 0.4276820182800293 0.1338282585144043 0.3607838869094849
0 0.084855 0.4238730907440186 0.3439052104949951 0.17998132705688477 0.45647449493408204
0 0.075704224 0.39316797256469727 0.11518404483795167 0.1575322151184082 0.2116240978240967
0 0.072300866 0.7696816444396972 0.3964831352233887 0.17390599250793456 0.3459041595458984
0 0.070378825 0.8367952346801758 0.40455079078674316 0.16408581733703614 0.29480743408203125
2 0.070233665 0.6256026268005371 0.569422435760498 0.22983098030090332 0.537312364578247
0 0.0700011 0.47298030853271483 0.41960849761962893 0.16961359977722168 0.4774340629577637
0 0.06639445 0.8417163848876953 0.4880364418029785 0.19456958770751953 0.38056106567382814
0 0.06369644 0.7348854541778564 0.31463470458984377 0.18551988601684571 0.4479501724243164
2 0.06330991 0.8518489837646485 0.5825112342834473 0.21808772087097167 0.43355255126953124
0 0.060431037 0.8809402465820313 0.7508596897125244 0.22873344421386718 0.42809648513793946
0 0.058827184 0.5709842681884766 0.3986750602722168 0.18874588012695312 0.46234426498413084
0 0.05875349 0.5490181922912598 0.5849281311035156 0.2184690475463867 0.5463123321533203
0 0.058558643 0.6656454563140869 0.45396766662597654 0.16797819137573242 0.331787633895874
2 0.057802755 0.8957998275756835 0.9148160934448242 0.20840044021606446 0.17036790847778321
2 0.056152254 0.8686134338378906 0.6813694477081299 0.2336681842803955 0.5107409477233886
1 0.055310156 0.6382940769195556 0.5949965953826905 0.22777261734008789 0.5543610572814941
0 0.055259746 0.6111605644226075 0.1626269578933716 0.13601102828979492 0.28117928504943845
0 0.055016346 0.5070778369903565 0.5366494655609131 0.1878983497619629 0.5284182548522949
2 0.054555565 0.9333789825439454 0.8112427711486816 0.13324193954467772 0.2696980953216553
0 0.05375214 0.8811283111572266 0.653507137298584 0.17686338424682618 0.4298852920532227
0 0.053515382 0.7097903251647949 0.16188344955444336 0.13630099296569825 0.2853550910949707
0 0.05266624 0.425752067565918 0.14183565378189086 0.16582901477813722 0.25673367977142336
0 0.052609995 0.15879086256027222 0.16178288459777831 0.12721335887908936 0.2849076271057129
1 0.051982917 0.733902883529663 0.5546799659729004 0.19406213760375976 0.5342950344085693
0 0.0515344 0.896360206604004 0.2833556652069092 0.1723003387451172 0.4959010124206543
