0 0.83937097 0.7616449356079101 0.47145652770996094 0.18291134834289552 0.45278258323669435
0 0.66677034 0.5297539234161377 0.16648926734924316 0.1627570152282715 0.29427347183227537
0 0.6572872 0.3361651420593262 0.3328678607940674 0.19830262660980225 0.4762287139892578
1 0.3385003 0.3342167377471924 0.3263526439666748 0.1935143232345581 0.4902218818664551
0 0.11391639 0.38758039474487305 0.2635505199432373 0.17927119731903077 0.46259145736694335
0 0.10669091 0.8217402458190918 0.45658078193664553 0.19451556205749512 0.4909480094909668
0 0.081190795 0.5812984466552734 0.15733106136322023 0.13924641609191896 0.285567569732666
0 0.07846984 0.42811880111694334 0.22081048488616944 0.16835925579071045 0.4297935962677002
0 0.07404303 0.5803232192993164 0.1797268033027649 0.1975846767425537 0.35399301052093507
1 0.07288173 0.27717342376708987 0.32347869873046875 0.1744368314743042 0.47628087997436525
0 0.07207021 0.4990688800811768 0.1879931926727295 0.12822885513305665 0.3289974212646484
0 0.06671333 0.2763046741485596 0.30831232070922854 0.17222145795822144 0.4725194931030273
0 0.054726418 0.49091372489929197 0.24892125129699708 0.17491254806518555 0.45365324020385744
