2 0.85152227 0.40050759315490725 0.6534153938293457 0.29248101711273194 0.6497465133666992
2 0.7436667 0.6758058547973633 0.6874692440032959 0.2759553909301758 0.6166802406311035
2 0.1873098 0.6997436046600342 0.639493465423584 0.20114641189575194 0.4931671142578125
2 0.12887476 0.6535629272460938 0.6803500652313232 0.1968292236328125 0.49521074295043943
2 0.12568486 0.4868185043334961 0.6623300552368164 0.2087277889251709 0.6058732986450195
0 0.11727936 0.4047670841217041 0.6507173538208008 0.2900416374206543 0.6736838817596436
1 0.09348812 0.6774022579193115 0.6904134750366211 0.27224302291870117 0.6156440734863281
0 0.08110933 0.7232097625732422 0.6441512107849121 0.19419021606445314 0.476732873916626
1 0.07266366 0.39248816967010497 0.6467297077178955 0.28844103813171384 0.6483363151550293
2 0.06980571 0.40012922286987307 0.6067145824432373 0.23543777465820312 0.4714554786682129
0 0.069253445 0.6778016090393066 0.687113904953003 0.267193603515625 0.6053116798400879
2 0.063875616 0.7450435638427735 0.6601756095886231 0.17113537788391114 0.46917037963867186
2 0.06322493 0.33293766975402833 0.6621668815612793 0.2032261610031128 0.5921372890472412
2 0.053949878 0.6194622993469239 0.7520786762237549 0.23739962577819823 0.49584264755249025
1 0.053073682 0.6270275115966797 0.6300509452819825 0.21349539756774902 0.5573355197906494
0 0.051852383 0.41828136444091796 0.4256336212158203 0.1997577428817749 0.19574601650238038
