2 0.79727894 0.8711679458618165 0.7102531433105469 0.25766406059265134 0.5794937610626221
2 0.6658472 0.6908462047576904 0.6921343326568603 0.22830514907836913 0.591745662689209
1 0.65052116 0.47710886001586916 0.4950899124145508 0.19437613487243652 0.4967324733734131
0 0.508748 0.5346623420715332 0.16201820373535156 0.17721457481384278 0.2871750831604004
1 0.43583515 0.29137680530548093 0.45677862167358396 0.2163318157196045 0.49420437812805174
0 0.42137197 0.4785616397857666 0.49468841552734377 0.19742448329925538 0.49288210868835447
0 0.39378813 0.6908462047576904 0.6921343326568603 0.22830514907836913 0.591745662689209
0 0.37807906 0.28078958988189695 0.647528076171875 0.22179121971130372 0.5916654586791992
2 0.23846771 0.7583786964416503 0.7129660606384277 0.2653513431549072 0.5733777999877929
2 0.227057 0.029603320360183715 0.9128690719604492 0.047131070494651796 0.17156267166137695
1 0.18898004 0.28532493114471436 0.6508506774902344 0.21694531440734863 0.588306999206543
2 0.1865906 0.041830384731292726 0.9141233444213868 0.05135608911514282 0.16941413879394532
2 0.15892157 0.28532493114471436 0.6508506774902344 0.21694531440734863 0.588306999206543
0 0.15344374 0.5069146633148194 0.20800881385803222 0.15742692947387696 0.2920180320739746
0 0.14936033 0.25634160041809084 0.6795443058013916 0.16076283454895018 0.4594334602355957
2 0.1442461 0.8653180122375488 0.7351582527160645 0.18583016395568847 0.4811092376708984
1 0.14335342 0.3290806770324707 0.5054872512817383 0.20518140792846679 0.567201042175293
2 0.104457535 0.7131814956665039 0.6987537384033203 0.16725025177001954 0.4781980037689209
0 0.09634201 0.48137588500976564 0.25650758743286134 0.14845924377441405 0.2531230688095093
0 0.09098201 0.5354023933410644 0.5401207447052002 0.1987781524658203 0.5077498435974122
0 0.087869406 0.3006366968154907 0.4848653316497803 0.19042649269104003 0.4378026008605957
2 0.08513497 0.9035238265991211 0.6606565475463867 0.19295225143432618 0.4608909130096436
1 0.08418132 0.25743880271911623 0.6937273025512696 0.16592710018157958 0.45360336303710935
2 0.083646 0.30216217041015625 0.5254850387573242 0.20882561206817626 0.6126012802124023
2 0.08154719 0.07009000778198242 0.9132402420043946 0.08019814491271973 0.17351961135864258
2 0.07880218 0.6446640014648437 0.7159914493560791 0.20820937156677247 0.5323033332824707
2 0.07783458 0.8909804344177246 0.5805140495300293 0.19716620445251465 0.33342680931091306
0 0.0760095 0.3073695182800293 0.6627959728240966 0.16357669830322266 0.46223039627075196
2 0.073776856 0.7159317970275879 0.5276929855346679 0.1942829132080078 0.26055545806884767
1 0.07372053 0.025513026118278503 0.9279021263122559 0.04812735915184021 0.1441957473754883
0 0.07338718 0.7218575477600098 0.5034486770629882 0.1956411838531494 0.21384387016296386
0 0.07088477 0.5825872421264648 0.13709533214569092 0.16353330612182618 0.23578062057495117
2 0.06940366 0.25634160041809084 0.6795443058013916 0.16076283454895018 0.4594334602355957
2 0.06779166 0.6930050373077392 0.6053484439849853 0.19646663665771485 0.39582509994506837
0 0.066199124 0.6648447036743164 0.6560639381408692 0.1965242385864258 0.41983795166015625
0 0.06595319 0.4556171417236328 0.29738314151763917 0.15474224090576172 0.2188697338104248
2 0.063960634 0.7188701629638672 0.8246530532836914 0.19525065422058105 0.3506937980651855
0 0.0633378 0.6310214042663574 0.6742724418640137 0.20615129470825194 0.5289817333221436
0 0.06266675 0.8112629890441895 0.48537521362304686 0.15215983390808105 0.2316688060760498
1 0.06197876 0.6890042304992676 0.7009210109710693 0.21947188377380372 0.5853487968444824
0 0.06103649 0.5846774578094482 0.6050370216369629 0.20874614715576173 0.539710807800293
0 0.060623933 0.4931736946105957 0.2719205617904663 0.1707021713256836 0.40391077995300295
1 0.0596447 0.2667379379272461 0.3960855484008789 0.17039040327072144 0.3560582876205444
1 0.057587583 0.3022767543792725 0.31514482498168944 0.19392364025115966 0.24297361373901366
2 0.055044953 0.8042104721069336 0.7358947277069092 0.1705423355102539 0.4718195915222168
0 0.05486346 0.7711672306060791 0.5087185382843018 0.18306684494018555 0.25219926834106443
0 0.05467817 0.8732039451599121 0.49516973495483396 0.16993241310119628 0.22678813934326172
0 0.053103086 0.46137409210205077 0.2253899097442627 0.17126193046569824 0.3792400360107422
2 0.052764893 0.7593793869018555 0.7400161743164062 0.16950764656066894 0.47068328857421876
2 0.05233814 0.8497812271118164 0.5411126136779785 0.14794788360595704 0.29710845947265624
1 0.052225087 0.33600559234619143 0.4584620475769043 0.16245040893554688 0.42455496788024905
0 0.051046483 0.3290806770324707 0.5054872512817383 0.20518140792846679 0.567201042175293
2 0.050802093 0.4843552589416504 0.49295902252197266 0.2012401819229126 0.46146502494812014
0 0.05043183 0.467556095123291 0.3471020936965942 0.16704378128051758 0.25422139167785646
