0 0.67485946 0.5201605319976806 0.2855786561965942 0.21036863327026367 0.5224124431610108
0 0.44562408 0.35489492416381835 0.14479175806045533 0.15096111297607423 0.2673723936080933
0 0.17382842 0.4780540466308594 0.2708224058151245 0.19381372928619384 0.4714314937591553
1 0.1602397 0.35489492416381835 0.14479175806045533 0.15096111297607423 0.2673723936080933
0 0.09946159 0.3800093173980713 0.2315661907196045 0.16223649978637694 0.4110452651977539
1 0.095406584 0.51986083984375 0.2831883430480957 0.2036977767944336 0.5209039688110352
0 0.07589863 0.570257043838501 0.31349873542785645 0.19312591552734376 0.471163272857666
0 0.07166932 0.3185593128204346 0.14327092170715333 0.13065941333770753 0.25273990631103516
1 0.05553772 0.3119987487792969 0.1644603967666626 0.1894007682800293 0.3266278266906738
1 0.050843094 0.3800093173980713 0.2315661907196045 0.16223649978637694 0.4110452651977539
