0 0.6886698 0.8641521453857421 0.6895503044128418 0.25197405815124513 0.6208994388580322
0 0.6485837 0.7296989917755127 0.3451746940612793 0.1925562858581543 0.5173982620239258
0 0.5993136 0.37623651027679444 0.6043293952941895 0.21128334999084472 0.5501543045043945
0 0.5153546 0.461734676361084 0.3795642375946045 0.23992438316345216 0.5159695625305176
0 0.34623766 0.4979907989501953 0.34477930068969725 0.16732945442199706 0.4394063949584961
0 0.24979183 0.4296406745910645 0.46172661781311036 0.23340435028076173 0.591796875
2 0.24101985 0.8641521453857421 0.6895503044128418 0.25197405815124513 0.6208994388580322
0 0.19302039 0.769803524017334 0.3016400098800659 0.18580517768859864 0.47650609016418455
1 0.18320857 0.47477149963378906 0.37467093467712403 0.22537951469421386 0.503880500793457
0 0.16079533 0.42507452964782716 0.5933152198791504 0.20488290786743163 0.5261224746704102
0 0.15834142 0.4003300666809082 0.4003471374511719 0.17998547554016114 0.41786441802978513
1 0.15537053 0.7296989917755127 0.3451746940612793 0.1925562858581543 0.5173982620239258
0 0.1112132 0.6560237884521485 0.3567663669586182 0.16657638549804688 0.49488010406494143
2 0.1057791 0.8499191284179688 0.5431121826171875 0.22368879318237306 0.3459087133407593
0 0.09388545 0.5415373325347901 0.35643835067749025 0.133233642578125 0.42597084045410155
0 0.09320764 0.6566478252410889 0.21421236991882325 0.13705110549926758 0.336854362487793
1 0.08437344 0.5219182014465332 0.31639039516448975 0.15967364311218263 0.46785616874694824
0 0.08254382 0.6222277164459229 0.2109196662902832 0.1356511116027832 0.32324843406677245
0 0.08207689 0.3729565143585205 0.5205755233764648 0.16729385852813722 0.4383402824401855
0 0.081353836 0.48108758926391604 0.46344962120056155 0.18668665885925292 0.5265429496765137
0 0.07597548 0.8548371315002441 0.4496726989746094 0.15750927925109864 0.21363453865051268
2 0.07325155 0.9511859893798829 0.8577035903930664 0.08771142959594727 0.26705427169799806
0 0.071474135 0.8795175552368164 0.2641406536102295 0.15216054916381835 0.459018611907959
0 0.07139216 0.846923828125 0.5170332908630371 0.21739778518676758 0.30423970222473146
0 0.07092811 0.448490047454834 0.5287069320678711 0.14801402091979982 0.44899735450744627
2 0.06936665 0.9195446968078613 0.7777825355529785 0.16091060638427734 0.44443497657775877
2 0.069305375 0.9696096420288086 0.8606738090515137 0.06078071594238281 0.24062733650207518
0 0.0688294 0.5299375057220459 0.26753664016723633 0.15369386672973634 0.4301609039306641
0 0.06804084 0.4130856513977051 0.5119856834411621 0.16525578498840332 0.4429755687713623
0 0.06784981 0.913576316833496 0.22994041442871094 0.1486210823059082 0.4589570999145508
0 0.06657365 0.5859124660491943 0.21260175704956055 0.14472017288208008 0.30922038555145265
0 0.066411786 0.8162435531616211 0.5926732063293457 0.21784334182739257 0.4959148406982422
0 0.06626718 0.8618250846862793 0.6019052505493164 0.21523213386535645 0.4305929183959961
0 0.06501232 0.339582633972168 0.558720588684082 0.19005701541900635 0.549528169631958
0 0.064946935 0.557139253616333 0.18912982940673828 0.15678701400756836 0.2848211288452148
0 0.064644955 0.42913112640380857 0.3426616668701172 0.20197114944458008 0.40136184692382815
0 0.064459465 0.6851896286010742 0.24186720848083496 0.15490636825561524 0.38041887283325193
0 0.06204528 0.7751941204071044 0.4931798458099365 0.18770437240600585 0.45197858810424807
1 0.0616177 0.6660220623016357 0.33568706512451174 0.16605691909790038 0.4887229919433594
0 0.06070142 0.904605770111084 0.7141161918640136 0.19078845977783204 0.5177526473999023
1 0.056928966 0.769803524017334 0.3016400098800659 0.18580517768859864 0.47650609016418455
2 0.05373367 0.8599637985229492 0.496152400970459 0.18082752227783203 0.2516021728515625
1 0.051405698 0.3717533588409424 0.6212935447692871 0.2038418769836426 0.5324876785278321
2 0.05117717 0.9065500259399414 0.6831846237182617 0.18690004348754882 0.5133895874023438
2 0.05053112 0.9217208862304688 0.851539421081543 0.10722684860229492 0.27846384048461914
