0 0.8232272 0.6218496322631836 0.6140281677246093 0.21254005432128906 0.5453749179840088
0 0.74482316 0.5208437442779541 0.19320034980773926 0.15851783752441406 0.35267252922058107
0 0.70962495 0.6637811183929443 0.2802290916442871 0.17419042587280273 0.4072784423828125
0 0.5690368 0.34567172527313234 0.44216103553771974 0.18571267127990723 0.4822827339172363
1 0.5367321 0.21513197422027588 0.22440261840820314 0.14813642501831054 0.3916980981826782
1 0.4080991 0.34738855361938475 0.45125250816345214 0.21226098537445068 0.48857316970825193
1 0.24620396 0.3469444751739502 0.15812234878540038 0.13688967227935792 0.27962188720703124
1 0.24173094 0.24176313877105712 0.19431135654449463 0.14260972738265992 0.35080561637878416
0 0.20444983 0.5754076957702636 0.2107844114303589 0.16913237571716308 0.37367901802062986
1 0.20187391 0.3189877986907959 0.17887821197509765 0.15238401889801026 0.3259843349456787
0 0.1718829 0.6291310310363769 0.22962756156921388 0.17597498893737792 0.38030595779418946
1 0.14295489 0.2771669626235962 0.17756829261779786 0.14299626350402833 0.31595726013183595
0 0.1421518 0.43117074966430663 0.189120876789093 0.15947554111480713 0.3673578977584839
0 0.1417405 0.3482352733612061 0.15742700099945067 0.13602845668792723 0.2776040077209473
0 0.10927836 0.7087685108184815 0.3106574535369873 0.16953563690185547 0.48308649063110354
0 0.10413363 0.3832695960998535 0.4261895179748535 0.153009033203125 0.45996975898742676
0 0.10335185 0.6564393997192383 0.6199860095977783 0.15384597778320314 0.45381650924682615
1 0.09641407 0.19430357217788696 0.16941410303115845 0.1287536382675171 0.31088120937347413
1 0.09140353 0.27842345237731936 0.33309762477874755 0.1898033857345581 0.46110901832580564
0 0.089426436 0.41817688941955566 0.431059455871582 0.13443355560302733 0.4350766181945801
0 0.08704197 0.5765987396240234 0.5645212173461914 0.2198167324066162 0.5042081832885742
0 0.08307244 0.676119041442871 0.3765109539031982 0.17578234672546386 0.5183306694030761
1 0.08229447 0.23761918544769287 0.27252922058105467 0.15274535417556762 0.3420718193054199
1 0.08019844 0.17610862255096435 0.22858548164367676 0.17521156072616578 0.4261322021484375
1 0.070697084 0.5190874099731445 0.19280126094818115 0.15351905822753906 0.36236348152160647
0 0.069512345 0.393205451965332 0.1774294853210449 0.13013458251953125 0.30419092178344725
0 0.067038506 0.3189877986907959 0.17887821197509765 0.15238401889801026 0.3259843349456787
1 0.06506921 0.1883714199066162 0.2863046884536743 0.13320268392562867 0.34770636558532714
0 0.064623386 0.21191785335540772 0.24078726768493652 0.14491090774536133 0.3855651140213013
1 0.06394978 0.43117074966430663 0.189120876789093 0.15947554111480713 0.3673578977584839
0 0.060567316 0.6637681007385254 0.18899824619293212 0.15090656280517578 0.3055417060852051
0 0.060323935 0.28153626918792723 0.16378120183944703 0.1388698101043701 0.29411075115203855
0 0.058815308 0.41385507583618164 0.2748828887939453 0.14671809673309327 0.43487548828125
1 0.056164354 0.3610485553741455 0.2174921989440918 0.13640472888946534 0.40153045654296876
1 0.054793656 0.6225747108459473 0.6156899452209472 0.20974383354187012 0.5461386203765869
0 0.053672362 0.45551118850708006 0.49945774078369143 0.19338839054107665 0.46633076667785645
0 0.053095605 0.6307461738586426 0.350037956237793 0.21219863891601562 0.4695620536804199
1 0.05198577 0.27308154106140137 0.25176849365234377 0.15528972148895265 0.34194269180297854
1 0.050963935 0.26516017913818357 0.43363237380981445 0.18731367588043213 0.4656850814819336
