0 0.8049621 0.4671384334564209 0.6424378395080567 0.24525413513183594 0.6103492736816406
0 0.7389235 0.25793540477752686 0.6884714126586914 0.2142198085784912 0.6023418426513671
0 0.725456 0.77750244140625 0.5590343952178956 0.2178483486175537 0.5168652534484863
0 0.5728146 0.1014070987701416 0.6962981224060059 0.1772462844848633 0.5867380142211914
0 0.48866892 0.1759132981300354 0.6944605350494385 0.2168065309524536 0.6005454063415527
2 0.19652332 0.10407357215881348 0.701798391342163 0.18022621870040895 0.5964032173156738
0 0.18082656 0.4858452320098877 0.591756534576416 0.18013398647308348 0.4929666042327881
1 0.16773462 0.10142924785614013 0.6990421772003174 0.17816659212112426 0.6019156455993653
1 0.16443545 0.47083630561828616 0.6381265163421631 0.24245386123657225 0.6141406059265136
0 0.14046155 0.5256878852844238 0.653572940826416 0.2137789249420166 0.5775304317474366
0 0.1350583 0.20926012992858886 0.7200182914733887 0.17531583309173585 0.501206636428833
2 0.1308738 0.08990129232406616 0.7437885284423829 0.12668216228485107 0.5045799255371094
0 0.122375794 0.39824399948120115 0.6967830657958984 0.2144082307815552 0.5749935150146485
1 0.11802634 0.08990129232406616 0.7437885284423829 0.12668216228485107 0.5045799255371094
0 0.11451016 0.07784018516540528 0.7440048217773437 0.12118182182312012 0.5111078739166259
1 0.10528442 0.7718536376953125 0.5615905284881592 0.22301316261291504 0.5206070899963379
0 0.0773127 0.7258760929107666 0.6189541816711426 0.22526750564575196 0.5204747676849365
0 0.07514949 0.7439032554626465 0.5410915374755859 0.17273764610290526 0.4354703903198242
2 0.07289804 0.2625064134597778 0.6855039596557617 0.21096878051757811 0.605210256576538
2 0.07266768 0.17056946754455565 0.6975296020507813 0.22034807205200196 0.6049408435821533
1 0.07218463 0.1759132981300354 0.6944605350494385 0.2168065309524536 0.6005454063415527
1 0.07019246 0.7258760929107666 0.6189541816711426 0.22526750564575196 0.5204747676849365
0 0.06860483 0.6241015434265137 0.6161218643188476 0.19870619773864745 0.5442310333251953
0 0.06662492 0.44641780853271484 0.6868927001953125 0.18174283504486083 0.49395217895507815
0 0.065723054 0.31425089836120607 0.6914044857025147 0.14160678386688233 0.467406177520752
1 0.06284588 0.2580054759979248 0.6919147491455078 0.21270751953125 0.6030177593231201
2 0.06009352 0.47118487358093264 0.641948938369751 0.24898388385772705 0.6097498893737793
0 0.052851625 0.8393265724182128 0.5594366073608399 0.15785980224609375 0.4357450485229492
0 0.05201525 0.28016090393066406 0.4759779453277588 0.16056640148162843 0.2157369375228882
