0 0.7357291 0.4750786304473877 0.6219264984130859 0.2064070463180542 0.5628307342529297
2 0.61692154 0.06526070833206177 0.932696533203125 0.13052141666412354 0.13404760360717774
0 0.5585182 0.45423130989074706 0.2880831718444824 0.20613641738891603 0.37563636302948
0 0.48873532 0.3338125944137573 0.48525185585021974 0.15884900093078613 0.4723992347717285
2 0.4412039 0.734438705444336 0.6983214855194092 0.20961151123046876 0.5602805137634277
0 0.39743665 0.7358430862426758 0.6976784229278564 0.2137763500213623 0.5597262382507324
0 0.23589072 0.3579186201095581 0.549790334701538 0.1938629627227783 0.5648728370666504
0 0.20407295 0.43324861526489256 0.4172097682952881 0.20236549377441407 0.5637301445007324
0 0.19485211 0.3852649211883545 0.40272021293640137 0.2046445608139038 0.5180184364318847
0 0.1817649 0.3327199459075928 0.13700718879699708 0.1290597677230835 0.21878252029418946
1 0.16693929 0.7290103912353516 0.6968282699584961 0.21406135559082032 0.5595019817352295
0 0.16438916 0.41526994705200193 0.2363480806350708 0.19200820922851564 0.3084108829498291
2 0.1495727 0.07434396743774414 0.9017868041992188 0.1486879348754883 0.18702297210693358
2 0.14452752 0.05564439296722412 0.9529389381408692 0.11128878593444824 0.09412212371826172
0 0.12302621 0.43769211769104005 0.5892401695251465 0.17752294540405272 0.47553176879882814
0 0.12156632 0.48194141387939454 0.21640262603759766 0.1867973804473877 0.30608978271484377
2 0.10926864 0.11119179725646973 0.9413055419921875 0.15654319524765015 0.11738882064819336
2 0.10651527 0.07196468710899354 0.8288097381591797 0.14392937421798707 0.3421658515930176
0 0.10030134 0.5371024131774902 0.6699186801910401 0.21820406913757323 0.5429873466491699
0 0.098063506 0.39100310802459715 0.2845428943634033 0.1866978168487549 0.3029930830001831
0 0.096562475 0.37963545322418213 0.20290658473968506 0.17742323875427246 0.2824401378631592
1 0.09519839 0.3334972858428955 0.48325719833374026 0.18629491329193115 0.5229672431945801
0 0.09437524 0.6789155006408691 0.6978115558624267 0.21757922172546387 0.5377572059631348
2 0.09163255 0.6789155006408691 0.6978115558624267 0.21757922172546387 0.5377572059631348
1 0.090808645 0.4748077392578125 0.6236889362335205 0.22168703079223634 0.5639708518981934
0 0.08842651 0.4642197132110596 0.1259539842605591 0.13989646434783937 0.2033555507659912
0 0.068786114 0.26085400581359863 0.5036448478698731 0.17419178485870362 0.5061653614044189
0 0.068656765 0.541105842590332 0.28961710929870604 0.17885136604309082 0.4129765510559082
2 0.065180175 0.14858375787734984 0.9576995849609375 0.15169317722320558 0.08460073471069336
0 0.065165065 0.3374458074569702 0.38705716133117674 0.16863589286804198 0.3654886960983276
2 0.06509261 0.1664109230041504 0.9412578582763672 0.14639654159545898 0.11748437881469727
2 0.064193614 0.4748077392578125 0.6236889362335205 0.22168703079223634 0.5639708518981934
0 0.062895834 0.42036094665527346 0.32800490856170655 0.18603167533874512 0.37544980049133303
0 0.06277463 0.3555400609970093 0.2597006320953369 0.17113747596740722 0.27246315479278566
2 0.059374683 0.058182597160339355 0.7290690422058106 0.11636519432067871 0.5288440704345703
0 0.05575462 0.7694858074188232 0.6389595031738281 0.18539648056030272 0.5165931224822998
0 0.055417564 0.3695063591003418 0.14799580574035645 0.1398005485534668 0.23276724815368652
0 0.05360005 0.4646736145019531 0.37395443916320803 0.16657958030700684 0.3775635719299316
1 0.052710686 0.3327199459075928 0.13700718879699708 0.1290597677230835 0.21878252029418946
0 0.051157616 0.3886915683746338 0.5947025299072266 0.15850353240966797 0.44942703247070315
