2 0.78470147 0.4729036331176758 0.6714898109436035 0.33582315444946287 0.6387307643890381
2 0.6635256 0.759001636505127 0.7935209274291992 0.24965224266052247 0.40375504493713377
2 0.17468052 0.7073338508605957 0.7540813446044922 0.26749768257141116 0.4550316333770752
1 0.17156489 0.520784854888916 0.6532293319702148 0.3178184747695923 0.597517442703247
2 0.13581862 0.02829146385192871 0.9202978134155273 0.054535186290740965 0.15769453048706056
2 0.09817427 0.04722813367843628 0.914217472076416 0.0636291265487671 0.16052722930908203
2 0.088799044 0.5883347988128662 0.6962228298187256 0.2544454574584961 0.5228327751159668
0 0.07656975 0.4410542488098145 0.6804766178131103 0.2816626071929932 0.6302094459533691
1 0.060764033 0.4791592597961426 0.4612511157989502 0.21158068180084227 0.23616430759429932
2 0.056351453 0.8155992507934571 0.7806358337402344 0.20434465408325195 0.4213142395019531
2 0.054782756 0.3917725086212158 0.6938216686248779 0.2245279312133789 0.5778698921203613
2 0.05100804 0.026482027769088746 0.7514092922210693 0.05296405553817749 0.456050968170166
