2 0.62534434 0.24558119773864745 0.8063231468200683 0.34785487651824953 0.38735370635986327
1 0.5444344 0.15221837759017945 0.6453412055969239 0.2500185251235962 0.5111648082733155
1 0.2803881 0.10518906116485596 0.6501053810119629 0.14501365423202514 0.43650093078613283
2 0.2465895 0.15836679935455322 0.6223197460174561 0.20489001274108887 0.4377577781677246
1 0.21700925 0.17197985649108888 0.5242052555084229 0.1893928050994873 0.3086760759353638
2 0.20915851 0.17495260238647461 0.6702305793762207 0.28661260604858396 0.5089471817016602
2 0.20808837 0.10925723314285278 0.6355987071990967 0.1496039628982544 0.42998323440551756
1 0.1612313 0.07059981226921082 0.6425812244415283 0.14034997224807738 0.5120015144348145
2 0.12805533 0.21191112995147704 0.6804961204528809 0.24980549812316893 0.3907684326171875
1 0.12273719 0.20578408241271973 0.6093629837036133 0.240722393989563 0.44179549217224123
2 0.12033629 0.07039768099784852 0.662434720993042 0.13547743558883668 0.5207062721252441
1 0.10968122 0.05497573614120484 0.6594730377197265 0.10055608749389648 0.4228569507598877
1 0.09269347 0.13569378852844238 0.5931894302368164 0.18099261522293092 0.40224251747131345
1 0.08945521 0.20441086292266847 0.49824976921081543 0.15888381004333496 0.26556873321533203
1 0.07427647 0.2039034843444824 0.71773362159729 0.32523717880249026 0.4966439247131348
2 0.07362467 0.16254156827926636 0.5289976596832275 0.19386465549468995 0.3149432182312012
2 0.070054926 0.2040503978729248 0.6054966926574707 0.20922937393188476 0.39362449645996095
2 0.06773627 0.05344448685646057 0.6412868499755859 0.1017650008201599 0.41473612785339353
1 0.0576461 0.2295281171798706 0.5350229263305664 0.15321826934814453 0.3257180690765381
1 0.05250783 0.264530873298645 0.6492765426635743 0.23713855743408202 0.4719432830810547
2 0.051886406 0.057778841257095336 0.7705585956573486 0.11555768251419067 0.4519606590270996
2 0.0504879 0.10933506488800049 0.7118932247161865 0.18562216758728028 0.5158576011657715
1 0.050184507 0.03643454611301422 0.7045208930969238 0.07286909222602844 0.37087359428405764
