2 0.7842079 0.1286612033843994 0.8133769989013672 0.24419803619384767 0.373245906829834
0 0.67929333 0.5515075206756592 0.6357038021087646 0.18255891799926757 0.5638522148132324
0 0.6709564 0.3776617288589478 0.5907994747161865 0.19646010398864747 0.612917423248291
0 0.60554034 0.7340807914733887 0.27228732109069825 0.18290023803710936 0.47196006774902344
0 0.52047825 0.4024848937988281 0.22922511100769044 0.21403517723083496 0.3228159427642822
0 0.3648441 0.521569013595581 0.36850426197052 0.190655517578125 0.3366069316864014
0 0.32851338 0.37139363288879396 0.6435628890991211 0.1528177499771118 0.4701679229736328
0 0.30444896 0.5045780658721923 0.615471363067627 0.2104278564453125 0.587639045715332
0 0.26503503 0.4426377296447754 0.2845772266387939 0.21638045310974122 0.38977994918823244
0 0.24564086 0.383711576461792 0.30426146984100344 0.2240218162536621 0.3541855335235596
0 0.2205447 0.38067481517791746 0.4594096660614014 0.21763920783996582 0.5661780357360839
1 0.20513065 0.7293829917907715 0.27710819244384766 0.1897510528564453 0.49068470001220704
0 0.1753044 0.4903713226318359 0.3647890090942383 0.22081284523010253 0.45678253173828126
0 0.15525532 0.5245828628540039 0.4744844913482666 0.18412337303161622 0.5739893913269043
0 0.13248119 0.330474328994751 0.6110558032989502 0.18769969940185546 0.5814200401306152
1 0.12195691 0.37650623321533205 0.46126394271850585 0.2168689489364624 0.5626041889190674
0 0.11388358 0.4031135082244873 0.16506873369216918 0.18947975635528563 0.24451797008514403
0 0.11373826 0.41190261840820314 0.6473169803619385 0.14343504905700682 0.46039915084838867
0 0.11055218 0.5574584484100342 0.29637157917022705 0.15378942489624023 0.4211230754852295
0 0.107671365 0.5102034091949463 0.29448742866516114 0.19630117416381837 0.3098810434341431
0 0.10034858 0.6609786987304688 0.27670063972473147 0.1663358688354492 0.4574315071105957
1 0.09460343 0.40453577041625977 0.19507308006286622 0.20330381393432617 0.28897724151611326
0 0.08667241 0.8803312301635742 0.2833378553390503 0.17744321823120118 0.5008371829986572
1 0.08491297 0.39074547290802003 0.34202895164489744 0.22735381126403809 0.45963134765625
0 0.079527855 0.5430571556091308 0.46505022048950195 0.17917542457580565 0.40481228828430177
1 0.07677249 0.5257151126861572 0.33871068954467776 0.18041505813598632 0.31595611572265625
2 0.0760544 0.4079312324523926 0.1962360620498657 0.19650599956512452 0.28853583335876465
1 0.072188064 0.5591799736022949 0.6508918762207031 0.17875466346740723 0.5412784576416015
2 0.07049988 0.5563076972961426 0.6605451583862305 0.1845844268798828 0.5284505844116211
1 0.068988875 0.42966480255126954 0.2541185855865479 0.20707507133483888 0.3591578483581543
0 0.066929676 0.5171468734741211 0.6623992919921875 0.15367531776428223 0.4641132354736328
2 0.063989624 0.5220476627349854 0.3518014669418335 0.18950338363647462 0.3274848461151123
0 0.06252634 0.5549222946166992 0.39786520004272463 0.1477454662322998 0.3110117197036743
0 0.061744392 0.6211147785186768 0.332337474822998 0.17114973068237305 0.4498702049255371
1 0.06103776 0.3804271697998047 0.5908905506134033 0.19495372772216796 0.6211512565612793
0 0.060998257 0.7786734580993653 0.2491912364959717 0.19817256927490234 0.47519550323486326
0 0.06050435 0.36708741188049315 0.414829683303833 0.18429582118988036 0.39318485260009767
0 0.059844956 0.2681685209274292 0.7102724075317383 0.2113795280456543 0.4977095127105713
0 0.057000026 0.45968427658081057 0.6449957847595215 0.1376180648803711 0.4589949131011963
0 0.056910515 0.4304495334625244 0.3743628978729248 0.21217615604400636 0.35628280639648435
2 0.056857966 0.38067481517791746 0.4594096660614014 0.21763920783996582 0.5661780357360839
0 0.05531602 0.14966962337493897 0.752067232131958 0.2500739574432373 0.44622106552124025
0 0.05520109 0.5758684635162353 0.29736506938934326 0.16456060409545897 0.3071008205413818
1 0.053773023 0.46565842628479004 0.31936628818511964 0.21830670833587645 0.4208486080169678
