2 0.72050726 0.1276687741279602 0.8578067779541015 0.2553375482559204 0.28234376907348635
2 0.67149264 0.46341800689697266 0.6904736518859863 0.2774322032928467 0.6190526962280274
0 0.6267132 0.2820577621459961 0.6804026603698731 0.22117364406585693 0.6370998859405518
0 0.60519874 0.7620632171630859 0.598723030090332 0.21224117279052734 0.5868679046630859
0 0.44875738 0.47402544021606446 0.6842228412628174 0.25597610473632815 0.6315543174743652
1 0.31030008 0.7641128063201904 0.6042102336883545 0.2077256202697754 0.5897421836853027
0 0.25810778 0.2059351921081543 0.7263956069946289 0.23402726650238037 0.5191359996795655
2 0.18177888 0.28377566337585447 0.6863771915435791 0.22840094566345215 0.6272456169128418
0 0.17533469 0.11551799774169921 0.7623118400573731 0.22256593704223632 0.4604451656341553
0 0.16483234 0.2962193012237549 0.4917289733886719 0.16235077381134033 0.2682856798171997
2 0.16407031 0.03278969526290894 0.6209748268127442 0.06557939052581788 0.3775667190551758
0 0.14698052 0.40042433738708494 0.6726425647735595 0.25774211883544923 0.6506321907043457
0 0.14388572 0.06612482070922851 0.6953407287597656 0.13224964141845702 0.5210983276367187
0 0.1346058 0.4581258296966553 0.5096567153930665 0.19614174365997314 0.32549071311950684
0 0.12508434 0.2580563545227051 0.6435869216918946 0.17112329006195068 0.4597179412841797
1 0.12017319 0.03319565653800964 0.5865184307098389 0.06639131307601928 0.35129518508911134
0 0.11903515 0.4765303611755371 0.5883322715759277 0.21509480476379395 0.47471141815185547
0 0.11873851 0.040873435139656064 0.6435166835784912 0.08174687027931213 0.5166638374328614
0 0.11476683 0.122725510597229 0.8470417976379394 0.245451021194458 0.29238014221191405
0 0.11377032 0.03319565653800964 0.5865184307098389 0.06639131307601928 0.35129518508911134
2 0.1036185 0.46481828689575194 0.7658818244934082 0.21729741096496583 0.4682363986968994
2 0.096882276 0.2813694000244141 0.7660358428955079 0.1868114471435547 0.4567271709442139
2 0.09318354 0.42531890869140626 0.8948769569396973 0.23721575736999512 0.21024613380432128
1 0.09279924 0.05285023450851441 0.6807803153991699 0.10570046901702881 0.5245007991790771
0 0.084304154 0.3185777187347412 0.4512502670288086 0.15694963932037354 0.20276665687561035
0 0.08267112 0.519694709777832 0.62612886428833 0.20299687385559081 0.5509732723236084
2 0.08190615 0.2210259199142456 0.8315310478210449 0.2796183109283447 0.33208260536193845
2 0.08050924 0.15952589511871337 0.7774599552154541 0.2628319263458252 0.44384050369262695
2 0.079791464 0.42147274017333985 0.9311350822448731 0.21049678325653076 0.13772983551025392
2 0.07957552 0.40042433738708494 0.6726425647735595 0.25774211883544923 0.6506321907043457
0 0.07930273 0.27854342460632325 0.5680548667907714 0.18672670125961305 0.39602055549621584
1 0.07885108 0.2810831546783447 0.6865349769592285 0.2198775291442871 0.626930046081543
2 0.07830796 0.0940050482749939 0.7851163864135742 0.1880100965499878 0.4208251953125
2 0.075712964 0.03547355532646179 0.7036027431488037 0.07094711065292358 0.33541231155395507
0 0.07522624 0.10962300300598145 0.6592231273651123 0.1567387580871582 0.5202313423156738
2 0.073866665 0.3585637092590332 0.7644164085388183 0.18509905338287352 0.4686408519744873
2 0.073751874 0.43865046501159666 0.8317019462585449 0.23254787921905518 0.33659610748291013
2 0.07271902 0.05285023450851441 0.6807803153991699 0.10570046901702881 0.5245007991790771
2 0.072523914 0.10875290632247925 0.8088015556335449 0.20001890659332275 0.279954719543457
0 0.06939539 0.818294906616211 0.5885531902313232 0.1967458724975586 0.5706305503845215
1 0.06916964 0.818294906616211 0.5885531902313232 0.1967458724975586 0.5706305503845215
0 0.068436675 0.7610573768615723 0.42725310325622556 0.16788482666015625 0.2777285575866699
2 0.06729153 0.030132386088371276 0.5531333923339844 0.05702645182609558 0.2921142101287842
2 0.06723325 0.14436693191528321 0.9078792572021485 0.22935171127319337 0.1842413902282715
1 0.066801965 0.10875290632247925 0.8088015556335449 0.20001890659332275 0.279954719543457
0 0.066514984 0.09907551407814026 0.799116849899292 0.17173618078231812 0.28895883560180663
0 0.06591701 0.2674222707748413 0.7437691688537598 0.1725941300392151 0.477935266494751
1 0.06346 0.08981174230575562 0.7472980976104736 0.17962348461151123 0.47441778182983396
1 0.062303316 0.03950240910053253 0.5981249809265137 0.07900481820106506 0.4994054794311523
2 0.061072316 0.2059351921081543 0.7263956069946289 0.23402726650238037 0.5191359996795655
1 0.060341995 0.033680197596549985 0.6752414703369141 0.06403890252113342 0.35233454704284667
2 0.058423854 0.061107170581817624 0.7489429473876953 0.11591036319732666 0.321913480758667
1 0.056687757 0.2333211660385132 0.7000891208648682 0.21220173835754394 0.5621588706970215
2 0.055513185 0.06765569448471069 0.8401592254638672 0.13531138896942138 0.26015524864196776
0 0.05309564 0.6168677330017089 0.6524875164031982 0.18927302360534667 0.5818097114562988
1 0.052073166 0.0756648063659668 0.7875122547149658 0.14213864803314208 0.2919264793395996
0 0.051924612 0.5022471427917481 0.7193638324737549 0.1847330093383789 0.4982119560241699
2 0.051519997 0.30321288108825684 0.4706398963928223 0.16276912689208983 0.23412067890167237
0 0.050549336 0.4622343063354492 0.4520912170410156 0.16964921951293946 0.2216247320175171
