1 0.8201785 0.2645045280456543 0.34149813652038574 0.1756422758102417 0.46363134384155275
0 0.74815077 0.5925857543945312 0.28163957595825195 0.17881159782409667 0.43275747299194334
0 0.68581444 0.8868982315063476 0.6960733890533447 0.21306028366088867 0.6078532218933106
0 0.6166066 0.7458897590637207 0.5972026348114013 0.20503101348876954 0.5802744865417481
0 0.4616708 0.8305879592895508 0.6558465957641602 0.24535741806030273 0.6300506114959716
2 0.17248559 0.9477005004882812 0.8725734710693359 0.08332223892211914 0.24779233932495118
0 0.15117508 0.6394434928894043 0.22746119499206544 0.17636375427246093 0.39471256732940674
2 0.13711089 0.7634281158447266 0.5377343177795411 0.229180908203125 0.5075596332550049
2 0.11238487 0.9675285339355468 0.8802522659301758 0.06494302749633789 0.2310624122619629
0 0.10891001 0.5294784545898438 0.2700592041015625 0.19072113037109376 0.4342167854309082
2 0.106791556 0.9203958511352539 0.8481292724609375 0.10443220138549805 0.29728212356567385
0 0.10431896 0.22850487232208253 0.14790818691253663 0.12597280740737915 0.24638571739196777
0 0.10373847 0.6881544113159179 0.24770052433013917 0.1783853530883789 0.4037155628204346
0 0.10041213 0.26298387050628663 0.34229516983032227 0.18427281379699706 0.47210283279418946
0 0.09768522 0.7171601772308349 0.3276843547821045 0.191825008392334 0.377991771697998
0 0.0948712 0.8056842803955078 0.6141324996948242 0.16092824935913086 0.47155208587646485
0 0.09200874 0.433318042755127 0.12479145526885986 0.14221475124359131 0.2173170566558838
0 0.08785431 0.6466076374053955 0.33349931240081787 0.2151515007019043 0.3982675075531006
1 0.084448226 0.22850487232208253 0.14790818691253663 0.12597280740737915 0.24638571739196777
1 0.082833685 0.31777424812316896 0.347355318069458 0.17194595336914062 0.4522038459777832
0 0.079406634 0.7590679168701172 0.47827796936035155 0.216947603225708 0.4115447044372559
0 0.07778816 0.7577014923095703 0.3661933898925781 0.16914219856262208 0.22513954639434813
0 0.077099256 0.743251895904541 0.400994873046875 0.2059110641479492 0.37291865348815917
0 0.072376944 0.7173610687255859 0.5771408081054688 0.17224254608154296 0.4468366622924805
2 0.07114635 0.8873668670654297 0.6972623825073242 0.1980443000793457 0.6054752349853516
0 0.070382446 0.8576820373535157 0.6219295501708985 0.16826119422912597 0.4704917907714844
0 0.06737264 0.8900571823120117 0.756061315536499 0.15162992477416992 0.48787736892700195
1 0.06524619 0.742673397064209 0.5883266448974609 0.20540385246276854 0.5505609512329102
2 0.06446896 0.9204036712646484 0.7760183334350585 0.15289754867553712 0.44254069328308104
2 0.063504815 0.760094404220581 0.389828085899353 0.18525419235229493 0.25458559989929197
1 0.06275655 0.2228755235671997 0.36335124969482424 0.17640976905822753 0.5031108856201172
0 0.061147097 0.6649727821350098 0.17460601329803466 0.1501160144805908 0.30231614112854005
0 0.061108813 0.9137651443481445 0.7012036323547364 0.1444246292114258 0.4913347244262695
1 0.061002977 0.5833689212799072 0.26984946727752684 0.19993391036987304 0.4371948719024658
2 0.06062721 0.945074462890625 0.8084646224975586 0.10964002609252929 0.3830706596374512
0 0.05675247 0.6581500053405762 0.6080337047576905 0.1923823833465576 0.5319344520568847
0 0.053557787 0.6959271907806397 0.42224416732788084 0.2233138084411621 0.41958794593811033
2 0.05281354 0.9059371948242188 0.8892357826232911 0.1041412353515625 0.2202014923095703
0 0.05273388 0.7720686435699463 0.41982040405273435 0.19557886123657225 0.27561750411987307
1 0.05225284 0.24062690734863282 0.2826969623565674 0.16565098762512206 0.41685924530029295
2 0.050002493 0.9645854949951171 0.8143848419189453 0.07082891464233398 0.31115355491638186
