0 0.8089378 0.5221433162689209 0.2694307804107666 0.17625741958618163 0.463399600982666
0 0.73240995 0.7068074226379395 0.3342693328857422 0.18439249992370604 0.4156980514526367
0 0.68730474 0.9094301223754883 0.690180778503418 0.18113985061645507 0.6010945796966553
2 0.44012204 0.23522205352783204 0.667520809173584 0.22006754875183104 0.5977920055389404
1 0.43850785 0.2354672908782959 0.6642646312713623 0.22069017887115477 0.6023232460021972
2 0.20898505 0.9065388679504395 0.6958202362060547 0.1869222640991211 0.6032767772674561
0 0.1786892 0.6591359615325928 0.3039252281188965 0.19756708145141602 0.45493412017822266
0 0.13476235 0.47689504623413087 0.23663866519927979 0.18267443180084228 0.4441124439239502
0 0.123295814 0.6190502166748046 0.2683574914932251 0.17576875686645507 0.4399674892425537
2 0.11354694 0.9493160247802734 0.8765945434570312 0.10136804580688477 0.2440204620361328
0 0.10341769 0.5386429786682129 0.16445188522338866 0.18560643196105958 0.30760812759399414
0 0.08748758 0.5607015132904053 0.27453927993774413 0.14928598403930665 0.42129173278808596
0 0.06773926 0.3868923902511597 0.2432605504989624 0.16093821525573732 0.43155865669250487
0 0.06655935 0.873616886138916 0.6311081886291504 0.1866668701171875 0.5206872940063476
0 0.065110415 0.5963981628417969 0.15439913272857667 0.15289955139160155 0.2775894641876221
2 0.062475987 0.9618951797485351 0.9159582138061524 0.07620954513549805 0.16808347702026366
0 0.06016142 0.6388423919677735 0.131323504447937 0.15984325408935546 0.23897576332092285
0 0.055020433 0.6880817413330078 0.24730026721954346 0.1724759578704834 0.4243357181549072
1 0.05435407 0.714580488204956 0.33461737632751465 0.17751626968383788 0.43435163497924806
2 0.0542686 0.919398307800293 0.5062531948089599 0.1610886573791504 0.2451328992843628
2 0.0524029 0.9333207130432128 0.7319459915161133 0.13335857391357422 0.46331939697265623
