1 0.5987798 0.5714211463928223 0.24190831184387207 0.1677274227142334 0.45560922622680666
1 0.52309644 0.4322535991668701 0.2636136054992676 0.17019121646881102 0.4074419975280762
0 0.43951032 0.5737832546234131 0.2432016372680664 0.17005300521850586 0.4508861541748047
0 0.19896701 0.4329065799713135 0.2610949516296387 0.17007033824920653 0.42003116607666013
1 0.18284155 0.4680495262145996 0.2495323657989502 0.1415935516357422 0.44341726303100587
0 0.08531808 0.47232446670532224 0.24595999717712402 0.1423983097076416 0.4396533012390137
1 0.06361379 0.38234820365905764 0.24261960983276368 0.1689687728881836 0.41271305084228516
0 0.060384467 0.5311390876770019 0.23804883956909179 0.15162186622619628 0.44151792526245115
1 0.056605108 0.6189207077026367 0.2720792293548584 0.20250506401062013 0.446065616607666
0 0.05351864 0.6189207077026367 0.2720792293548584 0.20250506401062013 0.446065616607666
