0 0.755348 0.5776653289794922 0.6338292121887207 0.23693528175354003 0.6014675617218017
0 0.7282262 0.728417444229126 0.3720743417739868 0.1843470573425293 0.4744112491607666
2 0.7154509 0.9113003730773925 0.728473424911499 0.17739925384521485 0.526674747467041
0 0.7003052 0.5201611995697022 0.24166173934936525 0.18249263763427734 0.4307858467102051
2 0.63191813 0.4034281730651855 0.7682038307189941 0.35056290626525877 0.4474191665649414
0 0.25502914 0.566713523864746 0.2804741859436035 0.18081412315368653 0.38659665584564207
2 0.21762405 0.5775064468383789 0.5931148052215576 0.23149948120117186 0.5366230964660644
0 0.18184872 0.6124464511871338 0.24644870758056642 0.15966644287109374 0.41688241958618166
2 0.15582946 0.4583739280700684 0.6991557598114013 0.34901473522186277 0.5324700355529786
0 0.15451178 0.691834831237793 0.33824810981750486 0.17917213439941407 0.368245792388916
0 0.1445932 0.6132085800170899 0.6474835395812988 0.18692536354064943 0.47637619972229006
0 0.14413098 0.6935956954956055 0.4429767608642578 0.19481019973754882 0.4960660457611084
0 0.12930076 0.6438956260681152 0.35826587677001953 0.19486517906188966 0.4315609931945801
0 0.12034656 0.6032928943634033 0.32275919914245604 0.1619569778442383 0.3194005012512207
0 0.11947724 0.6513204574584961 0.17474768161773682 0.14482789039611815 0.3037601947784424
0 0.11062268 0.6428797721862793 0.2902329921722412 0.1507194995880127 0.3673898696899414
0 0.09424957 0.6819255828857422 0.23111767768859864 0.16219964027404785 0.41567087173461914
0 0.09244617 0.534229850769043 0.6091404438018799 0.25133090019226073 0.5014670372009278
0 0.090949394 0.7832390785217285 0.3187187910079956 0.19204163551330566 0.4866903781890869
2 0.08868437 0.37048044204711916 0.69521484375 0.2944653511047363 0.31986613273620607
2 0.08027846 0.5279969692230224 0.6716509819030761 0.2957571029663086 0.5711654186248779
0 0.079706915 0.6059867858886718 0.5114006042480469 0.2171103000640869 0.48805809020996094
0 0.0761338 0.9154798507690429 0.24494071006774903 0.15414648056030272 0.48988142013549807
0 0.07275942 0.9095933914184571 0.7274924278259277 0.18081331253051758 0.5229169845581054
0 0.072579294 0.5684114456176758 0.4620720863342285 0.2019268035888672 0.2816298484802246
2 0.06983555 0.797613000869751 0.7094090938568115 0.19346189498901367 0.5142167091369629
2 0.06675751 0.8696914672851562 0.6780941009521484 0.20012154579162597 0.47864818572998047
0 0.066676795 0.609290599822998 0.40821208953857424 0.1793074131011963 0.2811938762664795
0 0.06467562 0.4583739280700684 0.6991557598114013 0.34901473522186277 0.5324700355529786
0 0.06412808 0.5770420074462891 0.3744997024536133 0.17193036079406737 0.2693458557128906
0 0.061541017 0.6708356857299804 0.1370031237602234 0.14351024627685546 0.23440821170806886
0 0.06036566 0.636088228225708 0.45804266929626464 0.18658914566040039 0.33376131057739256
2 0.060192358 0.5684114456176758 0.4620720863342285 0.2019268035888672 0.2816298484802246
0 0.05944349 0.5435822010040283 0.3334914207458496 0.1667384147644043 0.2995444297790527
2 0.054745544 0.6059867858886718 0.5114006042480469 0.2171103000640869 0.48805809020996094
0 0.053514414 0.574094009399414 0.18824946880340576 0.1535616397857666 0.3253089427947998
2 0.05318202 0.906700611114502 0.6279274463653565 0.1728963851928711 0.34169893264770507
0 0.052756216 0.47630910873413085 0.19861310720443726 0.1719282388687134 0.3972262144088745
0 0.052102115 0.7166393280029297 0.6920760631561279 0.18993697166442872 0.5301590919494629
0 0.051631104 0.5343486309051514 0.17141263484954833 0.16553421020507814 0.29594788551330564
0 0.051403467 0.797613000869751 0.7094090938568115 0.19346189498901367 0.5142167091369629
