0 0.77119005 0.7685667991638183 0.3794177293777466 0.16880812644958496 0.46264986991882323
0 0.653022 0.5595178127288818 0.6549416542053222 0.24663152694702148 0.6491559505462646
1 0.60988986 0.22083420753479005 0.683964729309082 0.20562829971313476 0.47843518257141116
0 0.45848662 0.649500036239624 0.31452417373657227 0.1833794593811035 0.4067666053771973
0 0.45542392 0.3971419811248779 0.661168384552002 0.16419744491577148 0.474426794052124
1 0.42120084 0.3634749412536621 0.40814962387084963 0.17391760349273683 0.3013698816299438
1 0.38962683 0.3774620532989502 0.6134531974792481 0.20153887271881105 0.6333263397216797
1 0.32532918 0.5611146926879883 0.6521725654602051 0.24863734245300292 0.6404058456420898
0 0.32020038 0.3925947904586792 0.6496666431427002 0.21420578956604003 0.6069317817687988
0 0.3078177 0.48920373916625975 0.6612759590148926 0.24324257373809816 0.6289036273956299
1 0.29915658 0.37123167514801025 0.5052803039550782 0.17549633979797363 0.4943549633026123
1 0.27340338 0.47696871757507325 0.6563162326812744 0.24432089328765869 0.6277789115905762
0 0.24229412 0.5549410820007324 0.6214186191558838 0.18745837211608887 0.49746503829956057
0 0.2214314 0.7368791580200196 0.3320509910583496 0.20960679054260253 0.5001578330993652
0 0.17612934 0.6289051532745361 0.4045123100280762 0.17522621154785156 0.4540210723876953
0 0.17254592 0.3461596488952637 0.6630615234375 0.13989560604095458 0.47046399116516113
1 0.15960556 0.3461596488952637 0.6630615234375 0.13989560604095458 0.47046399116516113
2 0.15947002 0.36065242290496824 0.3979173183441162 0.17466168403625487 0.28429651260375977
0 0.15123178 0.21973855495452882 0.6797392845153809 0.22356743812561036 0.5443185806274414
0 0.14839627 0.6085142135620117 0.4450057029724121 0.1564192295074463 0.32317514419555665
0 0.14382452 0.3432285785675049 0.6632520675659179 0.21438016891479492 0.5585941791534423
1 0.13770759 0.3414571285247803 0.36990134716033934 0.1560593843460083 0.25322690010070803
1 0.13420859 0.3018219470977783 0.6683394432067871 0.14808268547058107 0.4633762359619141
0 0.13095802 0.6110823631286622 0.6938455104827881 0.23107199668884276 0.6009407997131347
0 0.13086618 0.36065242290496824 0.3979173183441162 0.17466168403625487 0.28429651260375977
1 0.12598434 0.25873498916625975 0.6472657203674317 0.2163449764251709 0.5816028594970704
0 0.114795856 0.44555511474609377 0.6430338859558106 0.17171320915222169 0.49195518493652346
2 0.113970235 0.5868763446807861 0.7001349925994873 0.2184617042541504 0.5693846702575683
1 0.113193035 0.3793949127197266 0.6368605613708496 0.15740718841552734 0.4851511001586914
0 0.10891125 0.840548038482666 0.34931640625 0.18473420143127442 0.5147327423095703
0 0.10878279 0.5891581535339355 0.51839280128479 0.1936213493347168 0.480014705657959
0 0.10814539 0.6726267814636231 0.3688845157623291 0.1549532413482666 0.4054835319519043
2 0.10663035 0.3701993465423584 0.5634430885314942 0.1870738983154297 0.5979533672332764
0 0.09598237 0.6607268333435059 0.23540313243865968 0.18561506271362305 0.34419026374816897
2 0.091630116 0.576295280456543 0.831021499633789 0.18857965469360352 0.2995574951171875
0 0.0872543 0.3018219470977783 0.6683394432067871 0.14808268547058107 0.4633762359619141
1 0.08603766 0.3447443723678589 0.46480474472045896 0.16067633628845215 0.34276633262634276
2 0.084288776 0.21958580017089843 0.6785898208618164 0.2249143123626709 0.5576606750488281
1 0.08312548 0.22298059463500977 0.4750420570373535 0.16360325813293458 0.23543832302093506
1 0.08277702 0.3196910858154297 0.5009925365447998 0.18181159496307372 0.4603151321411133
0 0.08119724 0.5593813419342041 0.7380663871765136 0.20101242065429686 0.46704635620117185
2 0.080642976 0.5580637454986572 0.5087155342102051 0.1914536476135254 0.3587469577789307
0 0.079693295 0.6114415168762207 0.24149754047393798 0.1965092182159424 0.41922430992126464
0 0.078509614 0.5059775352478028 0.6347165584564209 0.17350459098815918 0.49596529006958007
2 0.077369966 0.6243097305297851 0.7635160446166992 0.2128392219543457 0.4622668743133545
2 0.07710295 0.5722362995147705 0.5891419410705566 0.20812253952026366 0.5393478393554687
0 0.075816125 0.5580637454986572 0.5087155342102051 0.1914536476135254 0.3587469577789307
1 0.07484169 0.29879863262176515 0.5781351566314697 0.19466004371643067 0.5395979881286621
0 0.073526494 0.5254093170166015 0.445096492767334 0.16087660789489747 0.26059393882751464
0 0.07036627 0.375860595703125 0.5815952301025391 0.16220922470092775 0.47315673828125
2 0.07007996 0.4976435661315918 0.6446548461914062 0.2349449634552002 0.6281684875488281
0 0.06542087 0.38154213428497313 0.357717490196228 0.16544852256774903 0.2403719425201416
0 0.0653047 0.9210205078125 0.3304318904876709 0.157958984375 0.5129962921142578
0 0.062870465 0.5581731796264648 0.4206651210784912 0.15255465507507324 0.2389158248901367
0 0.060432114 0.5852787017822265 0.3902667284011841 0.14924354553222657 0.25313773155212405
2 0.060153853 0.6201264381408691 0.8535053253173828 0.16242690086364747 0.2630012512207031
1 0.05984192 0.19209951162338257 0.6164580821990967 0.15905354022979737 0.42479772567749025
2 0.059826177 0.5254093170166015 0.445096492767334 0.16087660789489747 0.26059393882751464
2 0.057793014 0.5165551185607911 0.8380167961120606 0.1629856586456299 0.28531861305236816
2 0.05692636 0.5474176406860352 0.7840198516845703 0.19685492515563965 0.38181266784667967
1 0.05568818 0.2935259103775024 0.47627530097961424 0.16436543464660644 0.30097949504852295
0 0.05364443 0.22298059463500977 0.4750420570373535 0.16360325813293458 0.23543832302093506
1 0.053510576 0.5603827476501465 0.5677975654602051 0.17426400184631347 0.4733266830444336
0 0.05249271 0.555241584777832 0.24971556663513184 0.17807693481445314 0.42451086044311526
1 0.050893027 0.23122105598449708 0.5411886215209961 0.1798525333404541 0.3238088130950928
