0 0.75968623 0.5168216228485107 0.21279685497283934 0.168845272064209 0.39487652778625487
2 0.7031299 0.0937218964099884 0.6772536754608154 0.18053275346755981 0.5984856605529785
0 0.68056065 0.6863224029541015 0.3112313747406006 0.17108707427978515 0.4366482734680176
0 0.65318245 0.911688232421875 0.6907962799072266 0.17662363052368163 0.5922538757324218
1 0.2512687 0.0941664695739746 0.6765786170959472 0.17309956550598143 0.601921272277832
2 0.16597392 0.911688232421875 0.6907962799072266 0.17662363052368163 0.5922538757324218
0 0.13124451 0.6433966636657715 0.23039588928222657 0.17839083671569825 0.42732677459716795
2 0.10503198 0.06454134583473206 0.7032185077667237 0.12410753965377808 0.4698626518249512
0 0.0931145 0.5641807556152344 0.20925567150115967 0.14710431098937987 0.3920770168304443
2 0.074175045 0.1335556387901306 0.6428700923919678 0.1502459764480591 0.4771271705627441
2 0.07310491 0.9609643936157226 0.8784954071044921 0.07807111740112305 0.22945828437805177
0 0.0637678 0.6734353065490722 0.20800161361694336 0.14930195808410646 0.363452410697937
0 0.0632283 0.8685539245605469 0.6412393093109131 0.18683700561523436 0.5277840614318847
0 0.05744845 0.7287357330322266 0.312648868560791 0.13739604949951173 0.4093660354614258
2 0.056478646 0.946381950378418 0.8200746536254883 0.10723600387573243 0.34295969009399413
2 0.05502041 0.9349420547485352 0.7326638698577881 0.13011589050292968 0.45123682022094724
0 0.054825388 0.6138782501220703 0.1999734401702881 0.14183621406555175 0.37202911376953124
