2 0.70571476 0.11589469909667968 0.7441787719726562 0.22111158370971679 0.5024508953094482
2 0.6994819 0.2891688823699951 0.7199227809906006 0.2503715753555298 0.5601544380187988
0 0.6168564 0.544365406036377 0.6029296875 0.22642288208007813 0.5965283870697021
1 0.53935677 0.38378729820251467 0.5130640983581543 0.19275314807891847 0.5008550167083741
1 0.47617546 0.6538777351379395 0.351338529586792 0.18972163200378417 0.4981539726257324
1 0.3748422 0.3599011659622192 0.4544960021972656 0.17949271202087402 0.37203030586242675
0 0.34383386 0.6533967971801757 0.3445880889892578 0.18891758918762208 0.48626708984375
1 0.32140663 0.5157753944396972 0.5744429111480713 0.22564315795898438 0.5837592124938965
0 0.2622027 0.4984027862548828 0.5671889781951904 0.22287025451660156 0.5683775901794433
0 0.15681604 0.39979889392852785 0.5404164791107178 0.18406872749328612 0.5480835914611817
2 0.14243947 0.35680999755859377 0.4646001815795898 0.170495343208313 0.373966646194458
0 0.14124827 0.2862176179885864 0.7177075386047364 0.24124588966369628 0.5645849227905273
2 0.13385905 0.3620086669921875 0.615092658996582 0.21029994487762452 0.5899219512939453
2 0.1274657 0.5402976036071777 0.5966945648193359 0.222666597366333 0.5823902606964111
1 0.11654042 0.32292182445526124 0.49371490478515623 0.17497649192810058 0.34156365394592286
1 0.11468897 0.35621986389160154 0.3913194894790649 0.1584310531616211 0.23898863792419434
1 0.110137284 0.2871161937713623 0.5121371746063232 0.18109729290008544 0.2924143552780151
0 0.1054602 0.12304072380065918 0.5541403770446778 0.16016339063644408 0.17867507934570312
2 0.10483634 0.38378729820251467 0.5130640983581543 0.19275314807891847 0.5008550167083741
1 0.10212727 0.34944891929626465 0.5799799919128418 0.221486496925354 0.5525900363922119
2 0.10154994 0.2871161937713623 0.5121371746063232 0.18109729290008544 0.2924143552780151
0 0.099951126 0.6211407661437989 0.4561165809631348 0.1938645839691162 0.5732434749603271
2 0.09946308 0.32292182445526124 0.49371490478515623 0.17497649192810058 0.34156365394592286
0 0.09587381 0.2711012840270996 0.5020186424255371 0.1702821969985962 0.2535818576812744
2 0.089648955 0.16865499019622804 0.7037059307098389 0.2413637638092041 0.5030989646911621
1 0.089466505 0.4151176452636719 0.5750231742858887 0.17501797676086425 0.5773513317108154
0 0.08723096 0.16448142528533935 0.5323834419250488 0.15431383848190308 0.19996953010559082
0 0.08574514 0.11862560510635375 0.7455926418304444 0.23601324558258058 0.5063590049743653
1 0.08509078 0.566332483291626 0.5214200019836426 0.21441326141357422 0.5773275375366211
0 0.08448912 0.3620086669921875 0.615092658996582 0.21029994487762452 0.5899219512939453
1 0.074263915 0.6211407661437989 0.4561165809631348 0.1938645839691162 0.5732434749603271
0 0.073596396 0.6431564807891845 0.42790989875793456 0.141043758392334 0.4364792823791504
0 0.07046788 0.22836263179779054 0.5229084491729736 0.1624459743499756 0.21276044845581055
0 0.0690582 0.5579404354095459 0.627689266204834 0.16717348098754883 0.4773255825042725
2 0.065376945 0.3789015769958496 0.3649580955505371 0.1691269874572754 0.21721603870391845
0 0.0633922 0.6048332214355469 0.3825106143951416 0.16733732223510742 0.3782944679260254
2 0.06297472 0.0960389494895935 0.6727241039276123 0.192077898979187 0.34285783767700195
1 0.06161146 0.10581896305084229 0.7455121994018554 0.21163792610168458 0.508225965499878
0 0.060700063 0.3106398105621338 0.45969314575195314 0.16447298526763915 0.29427547454833985
2 0.05932827 0.25242655277252196 0.5255247592926026 0.17406296730041504 0.2273463249206543
1 0.05891341 0.25135226249694825 0.5079705238342285 0.17040660381317138 0.23335700035095214
0 0.056152288 0.7256832122802734 0.37117824554443357 0.17059822082519532 0.5023668289184571
2 0.055156354 0.47745766639709475 0.5407069683074951 0.21908044815063477 0.536647891998291
1 0.05334883 0.28796939849853515 0.7178476333618165 0.25731160640716555 0.5601264476776123
0 0.05238589 0.35982446670532225 0.4367071628570557 0.16654927730560304 0.32359340190887453
1 0.052158933 0.7256832122802734 0.37117824554443357 0.17059822082519532 0.5023668289184571
0 0.05209805 0.5705122947692871 0.3947319984436035 0.1698997974395752 0.31001710891723633
