2 0.7370876 0.8767511367797851 0.7942787170410156 0.2464977264404297 0.41144261360168455
0 0.62910104 0.6514015197753906 0.18797990083694457 0.15086445808410645 0.34149086475372314
0 0.51731837 0.4166886329650879 0.21504685878753663 0.17483015060424806 0.34653306007385254
2 0.40836868 0.39998111724853513 0.6071455001831054 0.21986591815948486 0.6349264144897461
1 0.39725214 0.39659914970397947 0.6094185829162597 0.2244349479675293 0.6240208148956299
1 0.2558856 0.40878591537475584 0.24128332138061523 0.1732154130935669 0.3534067153930664
0 0.20396434 0.4479940414428711 0.18056384325027466 0.15026509761810303 0.31776387691497804
0 0.17481337 0.6163569450378418 0.18115012645721434 0.14480366706848144 0.32193331718444823
2 0.17327642 0.8973249435424805 0.8542911529541015 0.20535001754760743 0.29141759872436523
0 0.14365129 0.49170451164245604 0.1720871925354004 0.1279210090637207 0.2922685623168945
0 0.121041305 0.5125692367553711 0.1996906042098999 0.1781917095184326 0.3727426528930664
0 0.0985037 0.5742722511291504 0.17197275161743164 0.13183131217956542 0.29690937995910643
0 0.096307576 0.5294113159179688 0.16928796768188475 0.12713623046875 0.2888453483581543
1 0.09549424 0.4080358982086182 0.36560401916503904 0.1887120246887207 0.4781299591064453
1 0.09524923 0.639693021774292 0.18637360334396363 0.17266607284545898 0.37274720668792727
0 0.09235259 0.39116883277893066 0.6214869499206543 0.22784693241119386 0.5997146606445313
0 0.09165953 0.8779857635498047 0.7822734832763671 0.23848237991333007 0.4202681064605713
0 0.07859661 0.3757110357284546 0.18619294166564943 0.1835850238800049 0.37050065994262693
0 0.056268405 0.6843448162078858 0.2056635618209839 0.1329197883605957 0.3591314792633057
2 0.056015536 0.9125314712524414 0.9053165435791015 0.17493696212768556 0.18936691284179688
0 0.055439103 0.4619251251220703 0.12109696865081787 0.15089001655578613 0.21960072517395018
1 0.054482456 0.43448772430419924 0.19150800704956056 0.1844266414642334 0.38172383308410646
1 0.052352317 0.5125692367553711 0.1996906042098999 0.1781917095184326 0.3727426528930664
0 0.05045151 0.7588871479034424 0.21458873748779297 0.16649484634399414 0.3886790990829468
