0 0.7679092 0.4101592540740967 0.27013416290283204 0.16868946552276612 0.4546476364135742
0 0.7412724 0.26490557193756104 0.32421977519989015 0.17297472953796386 0.4477993488311768
0 0.71727073 0.5707339286804199 0.5933171272277832 0.19245314598083496 0.5714183807373047
0 0.69260806 0.8808935165405274 0.627028226852417 0.18600831031799317 0.560695743560791
0 0.66757584 0.7283711910247803 0.5863732814788818 0.19414567947387695 0.5752293586730957
0 0.6566658 0.5456326961517334 0.27726519107818604 0.178267765045166 0.3639546871185303
0 0.34463155 0.7500581741333008 0.21948575973510742 0.17054214477539062 0.2903350591659546
0 0.26821244 0.7231672763824463 0.6261658668518066 0.14239187240600587 0.46483898162841797
0 0.25929174 0.5597761154174805 0.21330556869506836 0.16878166198730468 0.3098747253417969
0 0.23270398 0.5693544864654541 0.6277312278747559 0.14440279006958007 0.4493093013763428
0 0.20003387 0.32272939682006835 0.2797842025756836 0.18197057247161866 0.47817020416259765
1 0.1961182 0.4103708267211914 0.25845680236816404 0.1638174057006836 0.44869537353515626
0 0.18371652 0.7187832832336426 0.23214707374572754 0.20579657554626465 0.3540781021118164
0 0.17145331 0.5591483116149902 0.35576691627502444 0.18728899955749512 0.4697829246520996
0 0.16256784 0.5480381965637207 0.15237607955932617 0.17957801818847657 0.24082555770874023
0 0.15152183 0.4978142738342285 0.2791304588317871 0.18485045433044434 0.4047267913818359
1 0.14177789 0.2631619691848755 0.3205244064331055 0.1704883098602295 0.4471097946166992
0 0.13882959 0.5809321403503418 0.2604639530181885 0.16544003486633302 0.31296348571777344
1 0.12637337 0.4500898361206055 0.2769489765167236 0.1906752586364746 0.4437552452087402
0 0.11924653 0.8279047012329102 0.6162620544433594 0.14787716865539552 0.46022377014160154
0 0.111620925 0.772910213470459 0.6108205318450928 0.13581271171569825 0.4628132820129395
0 0.10654991 0.8349632263183594 0.5514541625976562 0.1986401081085205 0.5311375141143799
1 0.10632528 0.5493650913238526 0.2859079837799072 0.19240961074829102 0.41381168365478516
0 0.10190406 0.9119084358215332 0.6367533206939697 0.13933296203613282 0.4497647285461426
0 0.0979244 0.7160953521728516 0.17959774732589723 0.15466108322143554 0.28828604221343995
2 0.08993881 0.8799296379089355 0.6190966606140137 0.16142616271972657 0.48999686241149903
0 0.08903509 0.7497874736785889 0.2947380781173706 0.1941685676574707 0.39545817375183107
0 0.08659761 0.7783124923706055 0.21967668533325196 0.20242481231689452 0.36571977138519285
0 0.086326435 0.7602327346801758 0.28851971626281736 0.16368041038513184 0.2687183380126953
2 0.08152866 0.9591743469238281 0.7853446483612061 0.08165140151977539 0.29567461013793944
0 0.07383307 0.41079034805297854 0.13806450366973877 0.18366365432739257 0.23328032493591308
2 0.07156701 0.5645874500274658 0.4412879943847656 0.18468599319458007 0.5308472156524658
0 0.0709386 0.6252025604248047 0.25542516708374025 0.14927372932434083 0.2783573865890503
1 0.069424435 0.32272939682006835 0.2797842025756836 0.18197057247161866 0.47817020416259765
0 0.06918463 0.7506934642791748 0.4767592430114746 0.18962182998657226 0.49442076683044434
2 0.06793283 0.7338088035583497 0.546021556854248 0.18764095306396483 0.5599961757659913
2 0.06729344 0.9711860656738281 0.8372978210449219 0.05762777328491211 0.2311338424682617
0 0.06666216 0.5836568355560303 0.17131466865539552 0.1705315589904785 0.2570208549499512
0 0.06641244 0.8726923942565918 0.7006410598754883 0.14126853942871093 0.4146270275115967
1 0.066224806 0.8789031982421875 0.6347836494445801 0.18098859786987304 0.5440837383270264
0 0.0654026 0.916691780090332 0.22268295288085938 0.16661653518676758 0.44536590576171875
0 0.061594643 0.604664659500122 0.19029605388641357 0.19816169738769532 0.3646564960479736
0 0.057579823 0.48162498474121096 0.12598927021026612 0.19744186401367186 0.21867356300354004
2 0.05704343 0.40976128578186033 0.26126837730407715 0.17090027332305907 0.44485158920288087
2 0.055197954 0.5697481155395507 0.5752547264099122 0.19138755798339843 0.5778375625610351
2 0.05517001 0.5402052879333497 0.3411214828491211 0.19432435035705567 0.4664644241333008
0 0.054708578 0.5269061088562011 0.4772312164306641 0.19919404983520508 0.5219932079315186
0 0.053955086 0.22910666465759277 0.3678663015365601 0.1731673002243042 0.4763341426849365
0 0.05253266 0.3615060091018677 0.26573762893676756 0.1474153995513916 0.42980661392211916
0 0.05237321 0.6292737007141114 0.18836883306503296 0.16512374877929686 0.26988155841827394
0 0.052293293 0.8742657661437988 0.5252614974975586 0.1625999927520752 0.42568120956420896
