2 0.748778 0.3304265022277832 0.6530942916870117 0.25210018157958985 0.68115234375
2 0.71123636 0.7786979675292969 0.8042158126831055 0.42554473876953125 0.3755021095275879
1 0.59586674 0.13609533309936522 0.643211841583252 0.20332832336425782 0.5802715301513672
0 0.567357 0.370105242729187 0.1685997724533081 0.1553870677947998 0.3011805534362793
0 0.4266567 0.6026133537292481 0.14639402627944947 0.13119750022888182 0.2564924001693726
0 0.38659233 0.8303069114685059 0.6460906982421875 0.2456826686859131 0.3193340301513672
2 0.352196 0.13501014709472656 0.6424964904785156 0.19532480239868164 0.5926383972167969
0 0.34592062 0.7973232269287109 0.6992203712463378 0.2690030574798584 0.342466926574707
2 0.22515903 0.8528690338134766 0.6589619636535644 0.2419417381286621 0.3579725742340088
1 0.22423682 0.36955306529998777 0.17212724685668945 0.1588080883026123 0.3090053558349609
2 0.21008758 0.8546793937683106 0.8325186729431152 0.29064121246337893 0.31925063133239745
0 0.20963499 0.12582781314849853 0.6459931850433349 0.20252556800842286 0.5871184349060059
0 0.18464483 0.8363252639770508 0.5912364006042481 0.198956298828125 0.252928352355957
2 0.16839176 0.22103734016418458 0.6513093471527099 0.22361841201782226 0.6319737434387207
1 0.15918422 0.22103734016418458 0.6513093471527099 0.22361841201782226 0.6319737434387207
1 0.15710633 0.3279647588729858 0.6559639930725097 0.23971209526062012 0.6695793151855469
2 0.15548567 0.8222243309020996 0.7217517852783203 0.33668742179870603 0.4004981517791748
1 0.15036131 0.0785203218460083 0.6358908176422119 0.1570406436920166 0.5473252296447754
0 0.13128011 0.8015591621398925 0.757816743850708 0.3968816757202148 0.4042567253112793
0 0.12513612 0.6346339702606201 0.14356858730316163 0.12868432998657225 0.2606797695159912
0 0.120208465 0.8586290359497071 0.7028873920440674 0.26806640625 0.3851183891296387
2 0.1163699 0.7926538467407227 0.6804078102111817 0.23842716217041016 0.3154932498931885
0 0.11619297 0.07659631967544556 0.6521832942962646 0.1531926393508911 0.537690258026123
2 0.1136935 0.3415874719619751 0.6171237468719483 0.18880295753479004 0.4945023536682129
0 0.10890149 0.7779769420623779 0.6591784477233886 0.1982710838317871 0.28020129203796384
1 0.09202382 0.12218058109283447 0.6771966934204101 0.14325166940689088 0.4637302875518799
0 0.08857177 0.7946169376373291 0.6110287666320801 0.18832788467407227 0.24100804328918457
2 0.087678395 0.8178120613098144 0.6323611736297607 0.2198319911956787 0.2798130989074707
2 0.080848984 0.0785203218460083 0.6358908176422119 0.1570406436920166 0.5473252296447754
0 0.077538036 0.32901391983032224 0.657683277130127 0.24615192413330078 0.684633445739746
0 0.07414114 0.6334912300109863 0.15462005138397217 0.1978919506072998 0.30924010276794434
2 0.073991716 0.7641928672790528 0.7607649803161621 0.29693851470947263 0.35318894386291505
0 0.07125565 0.32600064277648927 0.17177107334136962 0.18070621490478517 0.34354214668273925
0 0.06902337 0.403791618347168 0.15671825408935547 0.12291655540466309 0.2786808967590332
0 0.06294133 0.8761005401611328 0.6318787097930908 0.17158269882202148 0.3077815055847168
2 0.06091119 0.7005377769470215 0.8169341087341309 0.27480463981628417 0.34984188079833983
0 0.057123818 0.7541606903076172 0.7399354934692383 0.25511507987976073 0.3295590877532959
1 0.055766165 0.6026133537292481 0.14639402627944947 0.13119750022888182 0.2564924001693726
0 0.05416221 0.4255260467529297 0.17714040279388427 0.18648138046264648 0.35428080558776853
2 0.053092536 0.9115134239196777 0.8381564140319824 0.17697315216064452 0.3053863525390625
0 0.052908015 0.1188307523727417 0.6618895530700684 0.14831629991531373 0.47861652374267577
1 0.05278989 0.34157614707946776 0.4207627296447754 0.17077972888946533 0.21034045219421388
1 0.050879177 0.02783581018447876 0.6549740791320801 0.05567162036895752 0.3676731109619141
