0 0.77170783 0.6648612976074219 0.6428443431854248 0.2094562530517578 0.6204413414001465
0 0.757257 0.36489362716674806 0.20867931842803955 0.18388636112213136 0.36014609336853026
0 0.7338472 0.4687810897827148 0.6533932685852051 0.20952444076538085 0.6011419296264648
0 0.704628 0.8641159057617187 0.6661967754364013 0.21864233016967774 0.6062994956970215
0 0.59760445 0.32117042541503904 0.4804485321044922 0.1738125801086426 0.4528787612915039
0 0.3109679 0.6119211673736572 0.6338317394256592 0.21374406814575195 0.6150525093078614
0 0.30292195 0.5045711517333984 0.3016643047332764 0.18854317665100098 0.2678002119064331
0 0.28300303 0.8367799758911133 0.5646408081054688 0.20648660659790039 0.5743282318115235
0 0.24893694 0.6653315544128418 0.6863475799560547 0.1648876667022705 0.46408724784851074
0 0.24884348 0.6119439601898193 0.3366708755493164 0.17640275955200196 0.2530341148376465
0 0.22878423 0.34644365310668945 0.5485686302185059 0.20162353515625 0.5550867080688476
0 0.22129399 0.796690034866333 0.6529840946197509 0.23182210922241211 0.6168591499328613
0 0.2027314 0.4675708770751953 0.6876503944396972 0.16009695529937745 0.46863536834716796
0 0.1969517 0.5594386100769043 0.30220637321472166 0.1928096294403076 0.26095218658447267
0 0.18801759 0.8130851745605469 0.45862622261047364 0.20921926498413085 0.43030214309692383
0 0.1712528 0.5354052543640136 0.23717110157012938 0.17845325469970702 0.3179746150970459
0 0.16369195 0.5330729007720947 0.15199966430664064 0.15667800903320311 0.27358856201171877
0 0.16085315 0.7831121444702148 0.37527501583099365 0.19080467224121095 0.2290398120880127
0 0.155435 0.46811528205871583 0.21218020915985109 0.1791002035140991 0.35313944816589354
0 0.14898655 0.3531334400177002 0.31711711883544924 0.18928909301757812 0.4844463348388672
0 0.14682989 0.5197129249572754 0.3485721588134766 0.1657703399658203 0.24988698959350586
0 0.14269632 0.5578254699707031 0.36840388774871824 0.16943416595458985 0.26857724189758303
0 0.13929696 0.586082935333252 0.38227219581604005 0.17357563972473145 0.3603865385055542
0 0.13347542 0.3960444688796997 0.29137892723083497 0.18892102241516112 0.41776695251464846
0 0.1310193 0.5949190139770508 0.2773301601409912 0.19586691856384278 0.2795188665390015
0 0.1277297 0.7244861602783204 0.5174087524414063 0.20769867897033692 0.5295181274414062
0 0.12747915 0.6688570976257324 0.339158296585083 0.17375988960266114 0.23874921798706056
0 0.124426104 0.6420584678649902 0.5262228012084961 0.18277888298034667 0.5419039726257324
0 0.12364105 0.39301466941833496 0.6008394241333008 0.21973056793212892 0.5731414794921875
0 0.12292456 0.6412503242492675 0.37522225379943847 0.17572689056396484 0.2755880355834961
0 0.11764207 0.4768265724182129 0.305373215675354 0.17880630493164062 0.37401700019836426
0 0.117369995 0.42972898483276367 0.5231187820434571 0.22634625434875488 0.519269323348999
2 0.10883666 0.8367799758911133 0.5646408081054688 0.20648660659790039 0.5743282318115235
1 0.10855805 0.33128933906555175 0.4725162982940674 0.1898930549621582 0.5129847526550293
0 0.10448851 0.6441509246826171 0.30309524536132815 0.18659443855285646 0.25810062885284424
0 0.104217775 0.5009965896606445 0.4535679817199707 0.16987214088439942 0.42911434173583984
0 0.1036379 0.5941083908081055 0.5146852016448975 0.1810049057006836 0.5172674179077148
2 0.10277093 0.6588240146636963 0.5975301265716553 0.19911813735961914 0.6156197547912597
0 0.099052854 0.3690184116363525 0.2847723960876465 0.17212131023406982 0.3202793121337891
0 0.09902082 0.38837931156158445 0.15283433198928834 0.17660765647888182 0.2609635591506958
0 0.09895475 0.2787128210067749 0.502361249923706 0.18765006065368653 0.482595157623291
0 0.09886626 0.870961856842041 0.7336588382720948 0.18054599761962892 0.43985376358032224
0 0.0956658 0.41001667976379397 0.38419275283813475 0.20444955825805664 0.4375455856323242
0 0.092745535 0.49783029556274416 0.1754176139831543 0.1643930435180664 0.3120337963104248
0 0.08703516 0.41709089279174805 0.22935175895690918 0.17614293098449707 0.3522825241088867
0 0.08607948 0.471315860748291 0.5430800437927246 0.180104398727417 0.44936237335205076
0 0.08428937 0.7567587852478027 0.3439648628234863 0.17882399559020995 0.2157529830932617
0 0.084010474 0.7140629291534424 0.34009518623352053 0.17490644454956056 0.22536885738372803
0 0.07623446 0.8211971282958984 0.35686964988708497 0.20107154846191405 0.21608173847198486
2 0.07370225 0.4687987804412842 0.6472952842712403 0.21255834102630616 0.606326675415039
0 0.07334743 0.45415163040161133 0.3191092491149902 0.17051587104797364 0.24729738235473633
2 0.07256064 0.8632368087768555 0.6572776794433594 0.2282862663269043 0.6128118515014649
2 0.071160264 0.9267871856689454 0.7872661590576172 0.14642553329467772 0.40505032539367675
0 0.07109026 0.5816055297851562 0.20529980659484864 0.18624043464660645 0.3149348258972168
2 0.06950433 0.8163400650024414 0.4786532402038574 0.20128164291381836 0.4036696910858154
0 0.06898306 0.3427304267883301 0.15164629220962525 0.15581562519073486 0.2537351369857788
0 0.068584815 0.47861995697021487 0.397587251663208 0.17098751068115234 0.2807888984680176
0 0.06802786 0.7416644096374512 0.4010774612426758 0.2075735569000244 0.3560755252838135
0 0.06521516 0.3206747055053711 0.18875720500946044 0.15017869472503662 0.30773353576660156
0 0.06445449 0.4655034065246582 0.14206285476684571 0.16699602603912353 0.24053382873535156
0 0.063710585 0.4402097225189209 0.6185639381408692 0.192450213432312 0.46556506156921384
0 0.062011324 0.6558963775634765 0.214681077003479 0.1999783992767334 0.36519036293029783
0 0.061568078 0.7094125747680664 0.28893184661865234 0.20470519065856935 0.34587917327880857
0 0.059940428 0.3651332139968872 0.3547338962554932 0.1624912738800049 0.29376270771026614
0 0.05862477 0.9179012298583984 0.23365588188171388 0.16419744491577148 0.46731176376342776
2 0.058437314 0.36489362716674806 0.20867931842803955 0.18388636112213136 0.36014609336853026
2 0.05642328 0.7244861602783204 0.5174087524414063 0.20769867897033692 0.5295181274414062
1 0.05592988 0.665401029586792 0.6329980373382569 0.21225900650024415 0.6403983116149903
1 0.054203056 0.3363821506500244 0.3284096002578735 0.1938016176223755 0.49793505668640137
0 0.054055497 0.9106481552124024 0.7105211734771728 0.1787036895751953 0.4727629661560059
1 0.05371386 0.8220345497131347 0.6032331943511963 0.21176295280456542 0.6262639045715332
1 0.053012237 0.6381066322326661 0.35351362228393557 0.17908177375793458 0.2583526611328125
2 0.052981343 0.8666803359985351 0.7125241756439209 0.1815199851989746 0.4620060920715332
0 0.051384214 0.34254870414733884 0.4054114818572998 0.18427486419677735 0.3468374013900757
1 0.050547663 0.8636735916137696 0.6595330238342285 0.2222209930419922 0.618156623840332
0 0.0501989 0.8645833015441895 0.5657781600952149 0.17674336433410645 0.4375293254852295
