1 0.7695572 0.3044771194458008 0.3691495418548584 0.17622289657592774 0.4767003059387207
2 0.7689275 0.7646677017211914 0.7540127277374268 0.350986909866333 0.47990007400512696
2 0.7381403 0.28512187004089357 0.7882616996765137 0.33255758285522463 0.4234765529632568
0 0.5856776 0.5456706047058105 0.23136987686157226 0.14297966957092284 0.41058197021484377
0 0.45353246 0.403765344619751 0.20827772617340087 0.17280209064483643 0.3898143291473389
0 0.37137684 0.45635137557983396 0.21486053466796876 0.19291424751281738 0.41938343048095705
1 0.27007672 0.40792293548583985 0.21888415813446044 0.17022480964660644 0.40654911994934084
0 0.26519105 0.4981184959411621 0.23362529277801514 0.1579007625579834 0.41589016914367677
0 0.21839502 0.5871717453002929 0.21911301612854003 0.12270216941833496 0.379437255859375
1 0.20631708 0.3802722215652466 0.276470947265625 0.18634181022644042 0.49031429290771483
1 0.20481142 0.45635137557983396 0.21486053466796876 0.19291424751281738 0.41938343048095705
2 0.20277561 0.8209250450134278 0.7975819110870361 0.26616611480712893 0.39536542892456056
1 0.1779448 0.5131272315979004 0.22527093887329103 0.18492093086242675 0.41199522018432616
0 0.13662447 0.7483864784240722 0.7408280372619629 0.3167403697967529 0.49062328338623046
2 0.12051261 0.712256908416748 0.7204957962036133 0.2306283950805664 0.4229545593261719
0 0.0956476 0.39437103271484375 0.14811875820159912 0.16987180709838867 0.23354411125183105
0 0.08734056 0.6200146675109863 0.2107081174850464 0.11526312828063964 0.3558653354644775
0 0.08673369 0.7112310409545899 0.697629737854004 0.22968978881835939 0.3953710079193115
2 0.084361844 0.7903293132781982 0.8907312393188477 0.2671269416809082 0.2185375690460205
1 0.08228103 0.5588325500488281 0.2381692886352539 0.14116549491882324 0.3997628211975098
1 0.08120728 0.33527145385742185 0.285124397277832 0.16676685810089112 0.41187448501586915
2 0.080793396 0.7594665050506592 0.680275297164917 0.27474374771118165 0.3623818397521973
1 0.08033111 0.39382500648498536 0.16435487270355226 0.17187919616699218 0.2777832508087158
0 0.07804086 0.6509528160095215 0.20643479824066163 0.15830073356628419 0.3876509189605713
0 0.073316745 0.3802722215652466 0.276470947265625 0.18634181022644042 0.49031429290771483
0 0.06338559 0.2966321468353271 0.6470127105712891 0.18647725582122804 0.20255908966064454
2 0.06337763 0.9542570114135742 0.8655363082885742 0.09148607254028321 0.24358053207397462
0 0.061372433 0.3650031805038452 0.19071227312088013 0.15261445045471192 0.32171638011932374
1 0.06080447 0.3575278759002686 0.21991946697235107 0.16246387958526612 0.35283746719360354
2 0.05966516 0.2922184944152832 0.7302742958068847 0.24370250701904297 0.2966894626617432
0 0.05722224 0.4299671173095703 0.1449424982070923 0.18119592666625978 0.26247897148132326
1 0.054896466 0.26538245677947997 0.3573819637298584 0.14913841485977172 0.45354375839233396
