2 0.6827768 0.08068851232528687 0.6760338306427002 0.14701416492462158 0.6415154457092285
1 0.23166858 0.07613917589187622 0.5296082496643066 0.14162590503692626 0.36413424015045165
2 0.22056691 0.06223676204681396 0.7423909664154053 0.11656081676483154 0.4913527488708496
1 0.14660327 0.08208811283111572 0.6665811538696289 0.15426976680755616 0.6312571048736573
2 0.09525244 0.11637020111083984 0.7185166358947754 0.16956928968429566 0.5624227046966552
1 0.07255616 0.05553511381149292 0.5938977718353271 0.10947196483612061 0.4634995460510254
1 0.07139008 0.11325781345367432 0.6225882530212402 0.16666418313980103 0.5655383586883544
1 0.07111786 0.047084659337997437 0.49960880279541015 0.09416931867599487 0.29999632835388185
2 0.069670714 0.07254985570907593 0.541630744934082 0.1315821886062622 0.39480397701263426
0 0.06503938 0.0780819833278656 0.666114091873169 0.15389147996902466 0.6248261451721191
0 0.05506458 0.07254985570907593 0.541630744934082 0.1315821886062622 0.39480397701263426
2 0.05302443 0.04570014178752899 0.5363467693328857 0.08622577786445618 0.3465754747390747
