0 0.84154594 0.643775463104248 0.2078862190246582 0.17967524528503417 0.3647318840026855
1 0.6152649 0.4246217727661133 0.5339075565338135 0.19486544132232667 0.5277878761291503
0 0.6108645 0.7033061981201172 0.5601985931396485 0.17725234031677245 0.4777029037475586
0 0.33922577 0.4246217727661133 0.5339075565338135 0.19486544132232667 0.5277878761291503
1 0.2165158 0.6817337989807128 0.551200532913208 0.20743947029113768 0.5292450904846191
1 0.118586324 0.3836177110671997 0.5664698600769043 0.1816483974456787 0.5152963638305664
0 0.11568892 0.4776297569274902 0.5151215553283691 0.19222493171691896 0.5141284942626954
1 0.09651648 0.4982130527496338 0.5447136878967285 0.20225305557250978 0.5172050476074219
0 0.09235584 0.5919676780700683 0.5355300426483154 0.19125356674194335 0.5070469856262207
1 0.0851731 0.5868707656860351 0.5115941524505615 0.1805638313293457 0.5084340095520019
0 0.06878053 0.6250204086303711 0.2856700897216797 0.18399319648742676 0.43401260375976564
0 0.0685904 0.6646044254302979 0.47431516647338867 0.1835237503051758 0.5202139854431153
1 0.0681806 0.6440207481384277 0.21181278228759765 0.18087100982666016 0.3825634241104126
0 0.05958766 0.6682144165039062 0.292842173576355 0.17492527961730958 0.4481015682220459
0 0.056411132 0.7654981136322021 0.20965802669525146 0.17047338485717772 0.3885183811187744
1 0.0543453 0.6250204086303711 0.2856700897216797 0.18399319648742676 0.43401260375976564
1 0.05097407 0.6565288543701172 0.37249603271484377 0.17484521865844727 0.4830930709838867
0 0.050683763 0.790721082687378 0.5432274818420411 0.1741257667541504 0.5364079952239991
