0 0.6533147 0.7044830322265625 0.6735950469970703 0.2610374927520752 0.6528098583221436
1 0.5586797 0.08360284566879272 0.6584441184997558 0.16292936801910402 0.5743846416473388
0 0.3988143 0.08426167368888855 0.6639919281005859 0.16082900762557983 0.5712968349456787
2 0.1507642 0.08442588448524475 0.6641862392425537 0.16324936151504515 0.5740254402160645
0 0.12285335 0.677208423614502 0.5288725852966308 0.24132604598999025 0.4938053131103516
2 0.10564442 0.7059401035308838 0.6778134346008301 0.25837030410766604 0.6443731307983398
0 0.080195256 0.6608943939208984 0.4177466869354248 0.20096850395202637 0.24590415954589845
1 0.07502904 0.05490901470184326 0.6622296333312988 0.10981802940368653 0.4682671070098877
0 0.07158139 0.0809036910533905 0.4872176170349121 0.1262877106666565 0.25354228019714353
0 0.06899589 0.7750950813293457 0.649167823791504 0.18650493621826172 0.6021476268768311
1 0.063154854 0.1385913610458374 0.6395237445831299 0.11102089881896973 0.4741518974304199
0 0.061392266 0.05490901470184326 0.6622296333312988 0.10981802940368653 0.4682671070098877
1 0.050325893 0.18444039821624755 0.6600423812866211 0.16826103925704955 0.5455970764160156
1 0.050043248 0.07342870235443115 0.5120256423950196 0.12709217071533202 0.278749418258667
