0 0.7377585 0.4398890495300293 0.5674022674560547 0.19025084972381592 0.5225643157958985
0 0.58322465 0.6127095222473145 0.6501260280609131 0.24329476356506347 0.5723160743713379
1 0.5628053 0.06036109924316406 0.6538042545318603 0.10718114376068115 0.6103816032409668
0 0.49308115 0.652766752243042 0.24479174613952637 0.22741107940673827 0.36104021072387693
0 0.3802682 0.5330632209777832 0.6068414211273193 0.23099474906921386 0.5540898323059082
1 0.313174 0.04005173742771149 0.6668756008148193 0.08010347485542298 0.5123196601867676
0 0.25434217 0.05843726396560669 0.65503830909729 0.10852415561676025 0.619079875946045
0 0.24015155 0.6624910831451416 0.34015955924987795 0.2163083076477051 0.4650876998901367
0 0.19165741 0.6207016944885254 0.40145149230957033 0.20333266258239746 0.35457582473754884
0 0.1886184 0.6300475120544433 0.31667361259460447 0.20248074531555177 0.3278162956237793
0 0.18447974 0.6631229400634766 0.15429528951644897 0.1824617862701416 0.2481515645980835
0 0.1755751 0.6523098945617676 0.525148582458496 0.213820219039917 0.5569904327392579
0 0.1395135 0.645240306854248 0.6684887409210205 0.18961405754089355 0.4527316093444824
2 0.1349392 0.05584641695022583 0.6495203495025634 0.1037987470626831 0.6220763206481934
0 0.12916368 0.5083669185638428 0.5742739200592041 0.16195077896118165 0.42606534957885744
0 0.1261738 0.5472736835479737 0.582002592086792 0.1610637664794922 0.43152589797973634
0 0.1240881 0.579836082458496 0.6472659111022949 0.18434343338012696 0.4642662525177002
0 0.11910474 0.6924942016601563 0.402296257019043 0.18436388969421386 0.4054060459136963
0 0.115981564 0.5890582084655762 0.4754660606384277 0.16498360633850098 0.37544074058532717
0 0.09599925 0.5896312713623046 0.38793220520019533 0.16695523262023926 0.2762006759643555
1 0.093209736 0.14262206554412843 0.6618096351623535 0.16285277605056764 0.563020896911621
0 0.0873735 0.6000720500946045 0.3324300289154053 0.17473125457763672 0.2613081932067871
0 0.084779635 0.5543258190155029 0.4587611198425293 0.20862531661987305 0.46440486907958983
0 0.08421388 0.707914924621582 0.31984310150146483 0.1777820587158203 0.4746697425842285
1 0.08281043 0.6115059375762939 0.6689135551452636 0.24159116744995118 0.547282600402832
1 0.08040223 0.6624910831451416 0.34015955924987795 0.2163083076477051 0.4650876998901367
1 0.080257095 0.4449012279510498 0.5690673828125 0.18778202533721924 0.5224947452545166
0 0.07677626 0.041198518872261045 0.6994118690490723 0.08239703774452209 0.4791318416595459
2 0.075170696 0.03337950706481933 0.46001996994018557 0.06410427093505859 0.26923360824584963
2 0.073708914 0.03892146944999695 0.6140115261077881 0.07466984987258911 0.5131030082702637
0 0.073071 0.6656688213348388 0.48996801376342775 0.17336692810058593 0.40681934356689453
1 0.07292918 0.07989492416381835 0.6739507198333741 0.1160900354385376 0.4958714485168457
0 0.0593865 0.5853452682495117 0.3908933401107788 0.2113821029663086 0.4363830089569092
0 0.058674444 0.5793574333190918 0.21589813232421876 0.1917482376098633 0.4011079788208008
0 0.058431778 0.6203365325927734 0.5247450351715088 0.1812263011932373 0.4230215072631836
2 0.05824876 0.6161865234375 0.6640616893768311 0.24386115074157716 0.5487122535705566
1 0.057619423 0.034224864840507505 0.4302829742431641 0.06081331372261047 0.24874529838562012
0 0.056050874 0.7257799625396728 0.49992918968200684 0.15358591079711914 0.5186396598815918
1 0.053845603 0.03665854334831238 0.5641932964324952 0.06773575544357299 0.43102617263793946
2 0.052789267 0.04490809142589569 0.7360600471496582 0.08670030236244201 0.44714016914367677
0 0.052004352 0.14262206554412843 0.6618096351623535 0.16285277605056764 0.563020896911621
