0 0.785611 0.4764206886291504 0.5624610900878906 0.2363816261291504 0.49858455657958983
0 0.7047071 0.6978229522705078 0.5247056484222412 0.18365979194641113 0.5034687042236328
0 0.16516717 0.6101664543151856 0.16222684383392333 0.17017903327941894 0.29742207527160647
1 0.12785909 0.4725326061248779 0.5618535041809082 0.2403496503829956 0.502672815322876
0 0.12553112 0.6285861968994141 0.2338090419769287 0.1883979320526123 0.38731088638305666
0 0.09951132 0.5364749908447266 0.5338090896606446 0.20263915061950682 0.5126854419708252
0 0.08374146 0.6712495803833007 0.44293622970581054 0.16830816268920898 0.5059045791625977
0 0.07857853 0.6538984298706054 0.3582479000091553 0.1641869068145752 0.44656171798706057
2 0.0757901 0.4718841552734375 0.5589406967163086 0.2204561710357666 0.48500618934631345
0 0.0655301 0.6385502815246582 0.13727455139160155 0.1562568187713623 0.2594892501831055
0 0.06201436 0.7362327575683594 0.5062674045562744 0.15245532989501953 0.4596409797668457
0 0.05684953 0.6514309883117676 0.6105050563812255 0.2091989040374756 0.4931323051452637
1 0.051984783 0.6990443706512451 0.5413215637207032 0.19424200057983398 0.5291860580444336
0 0.051669303 0.29412569999694826 0.13269253969192504 0.14097824096679687 0.21350905895233155
