0 0.74900645 0.8291364669799804 0.575489854812622 0.22256555557250976 0.5443057060241699
0 0.70128745 0.6811656475067138 0.420500659942627 0.18605594635009765 0.4805420398712158
0 0.60911894 0.46441354751586916 0.2464883804321289 0.18142642974853515 0.44887409210205076
1 0.17142878 0.461590576171875 0.24538283348083495 0.18045997619628906 0.44479856491088865
0 0.14843933 0.7500541687011719 0.5309873580932617 0.22034683227539062 0.5299222469329834
0 0.09721282 0.7319930076599122 0.4285578727722168 0.21111035346984863 0.4484272003173828
0 0.09567271 0.5406643867492675 0.2809129238128662 0.15553207397460939 0.44257726669311526
0 0.09048819 0.8801969528198242 0.6156675338745117 0.19917535781860352 0.4988536357879639
0 0.0795355 0.5979703903198242 0.35816707611083987 0.17208471298217773 0.4493534088134766
0 0.07043647 0.6645807266235352 0.3357496738433838 0.17491555213928223 0.45023956298828127
0 0.06226552 0.7954632759094238 0.6030917644500733 0.20549044609069825 0.4024039268493652
1 0.062204212 0.8267770767211914 0.5734836101531983 0.2264801025390625 0.552612590789795
0 0.053695872 0.5077592372894287 0.2431818962097168 0.147011661529541 0.41750946044921877
1 0.05136546 0.6834500789642334 0.42560434341430664 0.17500944137573243 0.4817552089691162
