2 0.8658966 0.29604649543762207 0.7554955959320069 0.40818233489990235 0.48151655197143556
2 0.52766335 0.051538491249084474 0.9141674041748047 0.1004636287689209 0.1642791748046875
2 0.11806363 0.07338258028030395 0.8916884422302246 0.12988488674163817 0.2166231632232666
2 0.098862715 0.23027479648590088 0.7926126956939697 0.28659677505493164 0.4040389060974121
1 0.08004665 0.04974762201309204 0.9135021209716797 0.09502657651901245 0.172995662689209
2 0.07538145 0.3063147306442261 0.716689157485962 0.3000180721282959 0.38986711502075194
2 0.07167789 0.1809009075164795 0.8244686126708984 0.22230348587036133 0.3510627746582031
2 0.057126414 0.13640961647033692 0.8929468154907226 0.14117144346237182 0.2141064167022705
2 0.054594573 0.2779360771179199 0.6222386837005616 0.2288827657699585 0.2155933380126953
2 0.05178252 0.054079306125640866 0.8476186752319336 0.10815861225128173 0.3047626495361328
